year month SPO_NOAA_insitu SPO_NOAA_flask SPO_SIO_O2_flask SPO_SIO_CDK_flask SPO_CSIRO_flask HBA_NOAA_flask SYO_NOAA_flask SYO_TU_insitu MAA_CSIRO_flask CYA_CSIRO_flask PSA_NOAA_flask PSA_SIO_O2_flask DRP_NOAA_flask MQA_CSIRO_flask CRZ_NOAA_flask BHD_NIWA_insitu CGO_NOAA_flask CGO_SIO_O2_flask CGO_CSIRO_flask AMS_LSCE_insitu CPT_SAWS_insitu
1998 1 NA NA NA NA NA NA NA NA NA NA NA NA NA NA NA NA NA NA NA NA NA
1998 2 NA NA NA NA NA NA NA NA NA NA NA NA NA NA NA NA NA NA NA NA NA
1998 3 NA NA NA NA NA NA NA NA NA NA NA NA NA NA NA NA NA NA NA NA NA
1998 4 NA NA NA NA NA NA NA NA NA NA NA NA NA NA NA NA NA NA NA NA NA
1998 5 NA NA NA NA NA NA NA NA NA NA NA NA NA NA NA NA NA NA NA NA NA
1998 6 NA NA NA NA NA NA NA NA NA NA NA NA NA NA NA NA NA NA NA NA NA
1998 7 NA NA NA NA NA NA NA NA NA NA NA NA NA NA NA NA NA NA NA NA NA
1998 8 NA NA NA NA NA NA NA NA NA NA NA NA NA NA NA NA NA NA NA NA NA
1998 9 NA NA NA NA NA NA NA NA NA NA NA NA NA NA NA NA NA NA NA NA NA
1998 10 NA NA NA NA NA NA NA NA NA NA NA NA NA NA NA NA NA NA NA NA NA
1998 11 NA NA NA NA NA NA NA NA NA NA NA NA NA NA NA NA NA NA NA NA NA
1998 12 NA NA NA NA NA NA NA NA NA NA NA NA NA NA NA NA NA NA NA NA NA
1999 1 NA NA NA NA NA NA NA NA NA NA NA NA NA NA NA NA NA NA NA NA NA
1999 2 NA NA NA NA NA NA NA NA NA NA NA NA NA NA NA NA NA NA NA NA NA
1999 3 NA NA NA NA NA NA NA NA NA NA NA NA NA NA NA NA NA NA NA NA NA
1999 4 NA NA NA NA NA NA NA NA NA NA NA NA NA NA NA NA NA NA NA NA NA
1999 5 NA NA NA NA NA NA NA NA NA NA NA NA NA NA NA NA NA NA NA NA NA
1999 6 NA NA NA NA NA NA NA NA NA NA NA NA NA NA NA NA NA NA NA NA NA
1999 7 NA NA NA NA NA NA NA NA NA NA NA NA NA NA NA NA NA NA NA NA NA
1999 8 NA NA NA NA NA NA NA NA NA NA NA NA NA NA NA NA NA NA NA NA NA
1999 9 NA NA NA NA NA NA NA NA NA NA NA NA NA NA NA NA NA NA NA NA NA
1999 10 NA NA NA NA NA NA NA NA NA NA NA NA NA NA NA NA NA NA NA NA NA
1999 11 NA NA NA NA NA NA NA NA NA NA NA NA NA NA NA NA NA NA NA NA NA
1999 12 NA NA NA NA NA NA NA NA NA NA NA NA NA NA NA NA NA NA NA NA NA
2000 1 -0.06592326 -0.08368233 -0.04232456 -0.04541997 -0.001078881 -0.1484825 -0.05876962 -0.1254089 NA -0.06382064 -0.1763954 -0.1699729 NA -0.1213383 NA -0.1514897 -0.2625828 -0.230343 -0.2565893 -0.2375335 -0.15389
2000 2 -0.2665631 -0.2949666 -0.2411534 -0.2960884 -0.1869198 -0.4113977 -0.3045758 -0.3026302 -0.355316 -0.1701999 -0.4301808 -0.3329413 NA -0.4602594 -0.4476637 -0.2405548 -0.3334331 -0.3127366 -0.333053 -0.3124018 -0.2919441
2000 3 -0.3609609 -0.3297139 -0.3328815 NA -0.3200708 -0.4025939 -0.3141021 -0.346496 -0.3510747 -0.3510341 -0.4053494 -0.3860258 NA -0.4394835 -0.4807002 -0.4325766 -0.3989359 -0.3987609 -0.3990352 -0.402559 -0.3506981
2000 4 -0.2955458 -0.3033329 -0.2968501 -0.2959925 -0.3074386 -0.3004111 -0.2897015 -0.2681189 -0.3110832 -0.3075263 -0.3072779 -0.3205011 NA -0.4508702 -0.2757604 -0.4276162 -0.3671787 -0.3810284 -0.3632747 -0.4009741 -0.3567236
2000 5 -0.2665074 -0.2673565 -0.268248 -0.2684465 -0.2760653 -0.2645466 -0.261718 -0.2226693 -0.2842758 NA -0.2782921 -0.2526776 NA -0.3556121 -0.3859858 -0.4177928 -0.4012038 -0.3851423 -0.4169713 -0.5048249 -0.3495078
2000 6 -0.2488323 -0.2597764 -0.2532318 -0.2533114 -0.2643322 -0.2275879 -0.2336057 -0.2334566 -0.2305631 NA -0.2357245 -0.2486043 NA -0.2991394 -0.2970959 -0.5843748 -0.4628944 -0.4465598 -0.4574181 -0.5163706 -0.3601475
2000 7 -0.2772978 -0.2721316 -0.2498906 -0.2507589 -0.2393058 -0.3062297 -0.2500322 -0.2449482 -0.1926887 NA -0.251546 -0.2723412 NA -0.3350589 -0.2973295 -0.5184424 -0.4007505 -0.4983714 -0.3690293 -0.656747 -0.4544298
2000 8 -0.3516824 -0.341783 -0.3426653 -0.3427299 -0.3379999 -0.3437613 -0.3263652 -0.3048696 -0.2527915 NA -0.3255183 -0.3039279 NA -0.3347637 -0.278589 -0.5128515 -0.4496618 -0.4631138 -0.4753427 -0.6135814 -0.5963766
2000 9 -0.4230667 -0.4185177 -0.4100749 -0.4101219 -0.3935016 -0.4050102 -0.4374979 -0.4172579 -0.4519748 NA -0.4094335 -0.4491305 NA -0.4143741 -0.2859727 -0.5872635 -0.5589011 -0.5289496 -0.5084731 -0.7902588 -0.5913374
2000 10 -0.484091 -0.4900594 -0.4880873 -0.4754105 NA -0.4936372 -0.4789158 -0.4811901 -0.4722387 NA -0.4006663 -0.412421 NA -0.5214764 -0.6409722 -0.7225692 -0.6207553 -0.581298 -0.6635647 -0.7620017 -0.6921656
2000 11 -0.5742035 -0.5479228 -0.5447604 -0.5466224 -0.5178784 -0.5687604 -0.5608289 -0.5772217 -0.5779345 NA -0.5905684 -0.558663 NA -0.6630698 -0.7342034 -0.6425776 -0.7667688 -0.7992152 -0.8229433 -0.8193739 -0.7707326
2000 12 -0.6494136 -0.647185 -0.6413725 -0.6417197 -0.6371358 -0.6719618 -0.670449 -0.6621822 -0.6459135 NA -0.6388077 -0.6291077 NA -0.7240459 -0.7191706 -0.9164262 -0.7691535 -0.7659439 -0.7778427 -0.8697094 -0.8243242
2001 1 -0.7363924 -0.7184218 -0.7175682 -0.7177627 -0.68675 -0.8080444 -0.8379478 -0.7815475 -0.7326875 NA -0.7640924 -0.7674209 NA -0.9184551 -0.9227605 NA -0.8199858 -0.8522449 -0.8194962 -0.8905839 -0.8261314
2001 2 -0.7760366 NA -0.7860271 -0.7848598 -0.8097459 -0.7846328 -0.7460233 -0.7632002 -0.7802666 NA -0.850564 -0.8544631 NA -0.8475875 -0.9070764 NA -0.827592 -0.8214952 -0.8277183 -0.7231923 -0.826387
2001 3 -0.7205924 NA -0.733944 -0.7341704 -0.7341098 -0.7364766 -0.7246457 -0.7019666 -0.6944529 NA -0.7329817 -0.7131945 NA -0.803655 -0.8095925 -0.8082362 -0.8117168 -0.8282936 -0.8331312 -0.7435589 -0.742278
2001 4 -0.6837249 NA -0.6868078 -0.6873127 -0.6971316 -0.6810012 -0.6288911 -0.6493878 -0.6600349 NA -0.6682155 NA NA -0.7269908 -0.8465886 -0.7904007 -0.6862318 -0.7028256 -0.6910944 -0.8539022 -0.75272
2001 5 -0.6422372 NA -0.6435384 -0.6542133 -0.6648882 -0.6200636 -0.623389 -0.6189714 -0.5980495 NA -0.6202183 NA NA -0.7832716 -0.8300665 -0.6529236 -0.7619915 -0.7630577 -0.7633321 -0.8963557 -0.7399108
2001 6 -0.6180896 NA -0.6423065 -0.6431725 -0.666536 -0.5981889 -0.6267728 -0.6116355 -0.5921785 NA -0.6177531 NA NA -0.5301634 -0.7745909 -0.7143782 -0.7400371 -0.7940217 -0.7511599 -0.9674367 -0.763825
2001 7 -0.6693888 -0.6974875 -0.6411784 -0.6411479 -0.5786998 -0.6257067 -0.6298707 -0.6474235 -0.6352327 NA -0.659249 NA NA -0.7923832 -0.6863151 -0.7977009 -0.8282425 -0.8007864 -0.8423074 -0.9278313 -0.8315214
2001 8 -0.6976396 -0.6755036 -0.6682069 -0.6682067 -0.7174743 -0.6717001 -0.6531174 -0.676673 -0.6673892 NA -0.5249528 NA NA -0.6702966 -0.7061752 -0.8467431 -0.8034231 -0.7774776 -0.7730706 -0.9913303 -0.9036375
2001 9 -0.7292306 -0.7571905 -0.8213158 -0.7592197 -0.7240612 -0.715492 -0.6771778 -0.6817787 -0.7217423 NA -0.6590566 NA NA -0.7690495 -0.7764695 -0.9609012 -0.7913816 -0.7705724 -0.7938625 -1.07022 -0.9533964
2001 10 -0.7315631 -0.739133 -0.7552036 -0.7554444 -0.754126 -0.6885626 -0.7887053 -0.7500718 -0.7335878 NA -0.6237015 -0.6446079 NA -0.8412801 -0.7751527 -1.04555 -0.9050651 -0.9278999 -0.9078255 -1.027112 -0.9597124
2001 11 -0.8883405 -0.9252685 -0.8791587 -0.881546 -0.9579088 -0.8033206 -0.8907445 -0.8755353 -0.8957425 NA -0.880139 -0.8526011 NA -0.8944077 NA -1.014871 -1.119264 -1.120986 -1.117114 -1.109223 -1.060591
2001 12 -1.061045 -1.081515 -1.051471 -1.034346 NA -1.033397 -1.071669 -1.058063 -1.048086 NA -1.01594 -1.038796 NA -0.9055515 NA -1.069891 -1.128744 -1.095326 -1.125302 -1.116417 -1.114957
2002 1 -1.093285 -1.0773 -1.077921 -1.077846 NA -1.163541 -1.119601 -1.144843 -1.100814 -1.105498 -1.224417 -1.179367 NA -1.152255 NA -1.141437 -1.174278 NA -1.176657 -1.134597 -1.128612
2002 2 -1.118688 -1.120088 -1.118825 -1.143723 NA -1.213134 -1.128696 -1.139138 -1.147194 -1.134372 -1.155291 -1.166642 NA -1.254424 NA -1.152174 -1.144631 -1.118547 -1.135195 -1.092478 -1.126141
2002 3 -1.068005 -1.077329 -1.068667 -1.068714 -1.082544 -1.082774 -1.050678 -1.057316 -1.106986 -1.146784 -1.083283 -1.111063 NA -1.12052 NA -1.199436 -1.175807 -1.127932 -1.182424 -1.163482 -1.067516
2002 4 -1.017656 -1.028787 -1.028302 -1.028297 -1.040839 -1.014944 -0.9994309 -1.006705 -1.012287 NA -1.03948 -1.079253 NA -1.085134 -1.103168 -1.150712 -1.052393 -1.056175 -1.05376 -1.217003 -1.070742
2002 5 -1.017676 -1.026557 -1.028279 -1.02799 -1.044078 -1.013226 -1.020481 -1.024768 NA NA -1.038735 -1.033012 NA -1.090242 NA -1.1656 -1.130084 -1.171636 -1.141791 -1.219765 -1.128451
2002 6 -1.01677 -1.01312 -0.9782687 -0.9780941 -1.028516 -0.9693398 -1.032423 -1.013715 NA -1.077113 -1.072587 -1.068196 NA -1.017175 -1.189833 -1.195472 -1.185463 -1.173213 -1.21161 -1.258607 -1.202967
2002 7 -1.090902 -1.069742 -1.034272 -1.032796 -1.031574 -1.081948 -1.04539 -1.06395 NA -1.108032 -1.066115 -1.065514 NA -1.110838 -1.335232 -1.286489 -1.181353 -1.226067 -1.187679 -1.412264 -1.29122
2002 8 -1.17538 -1.165381 -1.177913 -1.17733 -1.14026 -1.13445 -1.09831 -1.116784 NA -1.098263 -1.107453 -1.196704 NA -1.180855 -1.232351 -1.327303 -1.234445 -1.166261 -1.239256 -1.388008 -1.316218
2002 9 -1.210728 -1.197432 -1.185622 -1.184564 -1.163082 -1.20751 -1.183995 -1.172885 NA -1.18855 -1.226367 -1.319843 NA -1.249527 -1.326826 -1.351814 -1.240424 -1.24556 -1.233959 -1.544594 -1.435918
2002 10 -1.314178 -1.306666 -1.307298 -1.307927 -1.296494 -1.281904 -1.305486 -1.313031 NA -1.340044 -1.247628 -1.238312 NA -1.394362 -1.435882 -1.305472 -1.47445 -1.420873 -1.416295 -1.617413 -1.491684
2002 11 -1.406024 -1.40926 -1.392387 -1.401099 -1.370606 -1.392741 -1.413267 -1.43294 -1.378551 -1.357541 -1.405809 -1.392319 NA -1.576299 -1.642737 -1.632733 -1.620836 -1.627489 -1.614743 -1.84367 -1.58553
2002 12 -1.567641 -1.537745 -1.46884 -1.521324 -1.468512 -1.551009 -1.561444 -1.567891 -1.605402 -1.606327 -1.604215 -1.572209 NA -1.700682 NA -1.750722 -1.698898 -1.673285 -1.696006 -1.69445 -1.708488
2003 1 -1.63414 -1.617378 -1.615202 -1.615333 -1.622574 -1.693471 -1.667771 -1.692218 -1.716372 -1.653402 -1.79065 -1.773412 NA -1.852709 -1.967383 -1.816407 -1.814562 -1.803314 -1.815135 -1.816833 -1.761387
2003 2 -1.755582 -1.719417 -1.668645 -1.69667 NA -2.041635 -1.756993 -1.770043 -1.775481 -1.736288 -1.715376 -1.707776 NA -1.730301 -1.843535 -1.819845 -1.767205 -1.740148 -1.75842 -1.73675 -1.721268
2003 3 -1.71273 -1.735783 -1.792401 -1.792897 -1.897744 -1.812518 -1.720052 -1.701361 -1.680848 -1.65664 -1.711125 -1.716193 NA -1.798753 NA -1.795743 -1.748162 -1.732652 -1.754913 -1.820825 -1.693383
2003 4 -1.674738 -1.708182 -1.698346 -1.699125 -1.707325 -1.665696 -1.672663 -1.646914 -1.621268 -1.663203 -1.692745 -1.666294 NA -1.667995 NA -1.800239 -1.690403 -1.701106 -1.706032 -1.850985 -1.68086
2003 5 -1.646102 -1.632901 -1.648264 -1.64843 NA -1.646798 -1.639281 -1.62701 -1.614353 -1.662229 -1.6475 -1.686557 NA -1.744778 NA -1.812128 -1.832485 -1.810082 -1.830033 -1.863988 -1.71044
2003 6 -1.686703 -1.69439 -1.675905 -1.675841 -1.672632 -1.683194 -1.684112 -1.679068 -1.693815 -1.71069 -1.692031 -1.719625 NA -1.662532 NA -1.890358 -1.782343 -1.855841 -1.799688 -1.989525 -1.777842
2003 7 -1.759844 -1.772034 -1.766513 -1.766575 -1.740368 -1.748336 -1.737126 -1.756852 -1.764591 -1.738036 -1.722661 -1.699651 NA -1.932186 -1.780006 -1.845102 -1.856646 -1.878006 -1.835948 -2.081322 -1.908925
2003 8 -1.815914 -1.809738 -1.802427 -1.803034 -1.815408 -1.783678 -1.772501 -1.775023 -1.838264 -1.823208 -1.708266 -1.76043 NA -1.721759 -1.942464 -2.058119 -1.816184 -1.81271 -1.81498 -2.029276 -1.936141
2003 9 -1.856368 -1.86169 -1.834731 -1.833643 -1.815853 -1.831869 -1.834921 -1.83608 -1.878218 -1.832149 -1.837961 -1.788561 NA -1.769848 -1.908035 -2.085458 -1.842852 -1.987778 -1.90044 -2.17661 -2.016063
2003 10 -1.938997 -1.934616 -1.924823 -1.925236 -1.908363 -1.952119 -1.933097 -1.929013 -1.979942 -1.916852 -1.857548 -1.87924 NA -1.917436 -2.013218 -2.217219 -2.026304 -2.025232 -1.995635 -2.289669 -2.138833
2003 11 -2.068217 -2.071291 -2.053636 -2.051208 -2.052601 -2.072795 -2.076514 -2.086249 NA -2.074782 -2.042017 -2.104268 NA -2.222086 -2.218785 -2.156202 -2.251519 -2.238216 -2.247692 -2.331484 -2.225818
2003 12 -2.213764 -2.205693 -2.231835 -2.141746 -2.184199 -2.242763 -2.204551 -2.239202 -2.19941 -2.236843 -2.229559 -2.197757 NA -2.284559 -2.346354 -2.470091 -2.374633 -2.385409 -2.395192 -2.348295 -2.386636
2004 1 -2.35943 -2.331589 -2.328149 -2.295939 -2.301558 -2.448284 -2.441093 -2.379407 -2.685486 -2.417773 -2.452696 -2.39659 NA -2.585363 -2.602986 -2.456115 -2.487263 -2.478337 -2.487276 -2.392482 -2.414088
2004 2 -2.483771 -2.470043 -2.481907 -2.482883 NA -2.635529 -2.529136 -2.490616 -2.488 -2.431576 -2.296361 -2.362939 NA -2.505617 -2.613337 -2.465727 -2.500874 -2.583722 -2.50272 -2.390841 -2.349503
2004 3 -2.33951 -2.34003 -2.327194 -2.327401 -2.291403 -2.42858 -2.373494 -2.347743 -2.338375 -2.316228 -2.366095 -2.256286 NA -2.431903 -2.504056 -2.459128 -2.420292 -2.424261 -2.427914 -2.407752 -2.39037
2004 4 -2.284594 -2.294795 -2.271928 -2.2875 -2.300224 -2.337532 -2.266564 -2.273737 -2.28089 -2.317465 -2.285639 -2.344208 NA -2.433556 -2.336177 -2.470517 -2.345158 -2.338082 -2.366674 -2.476705 -2.3775
2004 5 -2.280804 -2.288812 -2.300948 -2.300847 -2.298664 -2.255127 -2.237952 -2.234756 -2.26289 -2.283278 -2.347627 -2.36481 NA -2.320693 -2.294244 -2.47055 -2.404734 -2.405747 -2.417033 -2.502973 -2.311979
2004 6 -2.316945 -2.309864 -2.292869 -2.308765 -2.303284 -2.25826 -2.227586 -2.249804 -2.3188 -2.313098 -2.314845 -2.313598 NA -2.40267 -2.491047 -2.626504 -2.426796 -2.371596 -2.404454 -2.627472 -2.431011
2004 7 -2.368884 -2.372671 -2.373513 -2.374002 -2.382393 -2.357372 -2.251443 -2.299225 -2.352795 -2.310008 -2.376613 -2.394519 NA -2.469576 -2.31508 -2.522984 -2.412899 -2.446705 -2.444208 -2.657201 -2.531259
2004 8 -2.386036 -2.370912 -2.367275 -2.366568 -2.395789 -2.349768 -2.366329 -2.352043 -2.351981 -2.398135 -2.336579 -2.36007 NA -2.545553 -2.310591 -2.425741 -2.506533 -2.50596 -2.537792 -2.744176 -2.644266
2004 9 -2.476146 -2.475844 -2.47444 -2.470709 NA -2.471725 -2.442151 -2.44785 -2.496111 -2.43578 -2.435788 -2.422531 NA -2.498513 -2.564617 -2.667064 -2.666419 -2.728274 -2.673482 -2.825002 -2.661543
2004 10 -2.577862 -2.570881 -2.544414 -2.541625 -2.489109 -2.565334 -2.549707 -2.573597 -2.572769 -2.548929 -2.52212 -2.495536 NA -2.585196 -2.716113 -2.608958 -2.680753 -2.674533 -2.695639 -2.922824 -2.771949
2004 11 -2.692482 -2.676803 -2.683089 -2.661388 -2.585913 -2.659166 -2.619459 -2.705594 -2.733312 -2.683794 -2.754503 -2.796932 NA -2.931845 -2.832337 -2.876947 -2.830182 -2.790934 -2.823402 -2.949118 -2.818757
2004 12 -2.859379 -2.85313 -2.87187 -2.847966 -2.781506 -2.857689 -2.844574 -2.910731 -2.878452 -2.86111 -2.905831 -2.977103 NA -3.111153 -3.118945 -3.076383 -3.109406 -3.095136 -3.118429 -3.044406 -2.914824
2005 1 -2.96312 -2.981931 -2.975598 -2.948363 -2.931117 -3.190967 -3.088103 -3.066801 -3.036473 -3.141186 -3.111551 -3.085214 NA -3.220012 -3.261391 NA -3.093307 -3.052917 -3.080009 -3.044169 -2.962494
2005 2 -3.111689 -3.134836 -3.167887 -3.023828 -3.190109 -3.193535 -3.149347 -3.179426 -3.071896 -3.096497 -3.264012 -3.325149 NA -3.163002 -3.201411 NA -3.132414 -3.123794 -3.11339 -3.07243 -3.029289
2005 3 -3.009299 -3.029658 -2.990823 -3.005229 -3.112717 -3.124781 -3.047808 -3.042751 -3.048225 -2.984697 -3.089905 -3.095735 NA -2.949798 -3.114667 -3.034907 -3.07568 -3.045184 -3.063304 -3.071567 -2.963501
2005 4 -3.001773 -2.990595 -2.979796 -2.977294 -2.962811 -3.080549 -2.984388 -2.973045 -2.982401 -2.975949 -3.047784 -3.094992 NA NA -3.096908 NA -3.080327 -3.055227 -3.151686 -3.163978 -3.035108
2005 5 -2.9873 -2.990284 -2.990312 -2.995095 -3.010614 -2.981798 -2.97972 -2.959579 -2.977219 -2.993309 -3.064836 -3.081413 NA -3.039251 -3.042825 NA -3.12623 -3.059151 -3.083535 -3.286325 -3.043488
2005 6 -3.045951 -3.036006 -3.030801 -3.030631 -3.027484 -3.04365 -3.042491 -3.037772 -3.041126 -3.049352 -3.096417 -3.07525 NA -3.218809 -3.125802 NA -3.189946 -3.214542 -3.171558 -3.357362 -3.155272
2005 7 -3.118521 -3.127786 -3.133315 NA NA -3.097273 -3.123087 -3.074029 -3.124256 -3.099502 -3.171423 -3.164681 NA -3.253888 -3.21921 NA -3.243011 -3.276612 -3.307337 -3.446514 -3.312131
2005 8 -3.198836 -3.208523 -3.198992 NA -3.173361 -3.205445 -3.184735 -3.151953 -3.190008 -3.155975 -3.212064 -3.283103 NA -3.29192 -3.168457 -3.453342 -3.177868 -3.135287 -3.186708 -3.430454 -3.347546
2005 9 -3.226609 -3.231119 -3.249007 -3.24858 -3.227318 -3.256458 -3.187695 -3.19461 -3.209319 -3.210274 -3.213029 -3.22311 NA -3.22537 -3.296643 NA -3.3121 -3.343542 -3.283948 -3.556101 -3.450722
2005 10 -3.304238 -3.321911 -3.277636 -3.277341 -3.223186 -3.28468 -3.330097 -3.314227 -3.324964 -3.272031 -3.207944 -3.260229 NA -3.234997 -3.648711 NA -3.399847 -3.431246 -3.40656 -3.687425 -3.524169
2005 11 -3.450686 -3.431493 -3.428911 -3.428324 NA -3.450924 -3.498478 -3.453033 -3.456405 -3.436019 -3.446982 -3.523203 NA -3.577725 -3.777773 NA -3.515575 -3.473048 -3.472765 -3.735422 -3.562241
2005 12 -3.579165 -3.560523 -3.536776 -3.502446 -3.504017 -3.627133 -3.614421 -3.607449 -3.593002 -3.558237 -3.727644 -3.740557 NA -3.868723 -3.695294 NA -3.765629 -3.732981 -3.728724 -3.685875 -3.697963
2006 1 -3.67155 -3.63761 -3.645687 -3.620054 -3.57794 -4.005897 -3.650925 -3.740744 -3.673681 -3.760977 -3.942117 -3.957796 NA -3.860333 -3.968998 -3.902667 -3.775125 -3.764235 -3.775429 -3.732474 -3.738373
2006 2 -3.797957 -3.795949 -3.767452 -3.767544 -3.77334 -3.880069 -3.864556 -3.826426 -3.802021 -3.797975 -4.035687 -3.984322 NA -3.925473 -3.856992 NA -3.826601 -3.78664 -3.806922 -3.609372 -3.726144
2006 3 -3.722628 -3.728563 -3.756963 -3.753787 -3.801892 -3.818628 -3.745506 -3.730438 -3.724729 -3.776581 -3.78113 -3.773677 -3.733091 NA -3.858201 -3.89591 -3.806854 -3.777242 -3.769028 -3.788935 -3.756021
2006 4 -3.727577 -3.781529 -3.721001 NA -3.757093 -3.825154 -3.689804 -3.680115 -3.708416 -3.687671 -3.893426 -3.758115 -3.76963 -3.717097 -3.76165 -3.817822 -3.739564 -3.757865 -3.740551 -3.825732 -3.746507
2006 5 -3.725486 -3.730503 -3.723417 -3.711261 -3.720025 -3.747279 -3.725004 -3.699031 -3.737357 -3.74129 -3.745259 -3.814956 -3.7575 -3.823909 -3.815664 -3.822676 -3.778748 -3.72225 -3.844075 -3.905872 -3.780481
2006 6 -3.741785 -3.731864 -3.73365 -3.73925 -3.725531 -3.728657 -3.757294 -3.738303 NA -3.753479 -3.769589 -3.791974 -3.833005 -3.886643 -3.812241 -3.896435 -3.856484 -3.853987 -3.858353 -4.038753 -3.866065
2006 7 -3.819291 -3.810065 -3.802296 -3.807783 -3.779692 -3.79112 -3.768376 -3.796134 -3.825088 -3.81448 -3.777104 -3.742545 NA -4.013635 -3.971688 -4.037799 -3.923528 -3.943925 -3.900814 -4.133231 -4.0099
2006 8 -3.882878 -3.87876 -3.858865 -3.865259 NA -3.838455 -3.875437 -3.883532 -3.886977 -3.912485 -3.867381 -3.845043 -3.824476 -3.901574 -4.004802 -4.006999 -4.048674 -4.034018 -3.976984 -4.091263 -4.07012
2006 9 -3.949912 -3.938745 -3.91348 -3.922988 NA -3.951962 -3.92854 -3.94751 -3.943201 -3.945117 -3.960146 -3.972648 -3.960235 -3.972129 -4.048048 -4.065965 -4.036627 -4.014283 -4.062321 -4.31727 -4.148882
2006 10 -4.060508 -4.027199 -4.009452 -4.017418 -3.972785 -4.036884 -4.047214 -4.053128 -4.032397 -4.073369 -4.052712 -4.171031 -4.009142 -4.1564 -4.404268 -4.31313 -4.17177 -4.174373 -4.173699 -4.313626 -4.218416
2006 11 -4.19748 -4.19053 -4.176496 -4.163182 -4.147752 -4.164269 -4.228608 -4.225443 -4.175331 -4.204779 -4.234111 -4.218204 -4.156321 -4.349857 -4.29424 -4.559884 -4.337647 -4.27848 -4.33598 -4.467443 -4.286099
2006 12 -4.285356 -4.253085 -4.254454 NA -4.245952 -4.313442 -4.346668 -4.334189 -4.319643 -4.335316 -4.420687 -4.344988 -4.35794 -4.469532 -4.485833 -4.472331 -4.442649 -4.417658 -4.449426 -4.461026 -4.407467
2007 1 -4.39676 -4.424853 -4.418992 -4.429845 -4.393581 -4.512089 -4.472155 -4.518556 -4.491009 -4.593788 -4.668533 -4.692903 -4.392838 -4.745957 -4.643659 -4.589601 -4.494761 -4.577745 -4.579036 -4.47063 -4.426385
2007 2 -4.509824 -4.49145 -4.43731 -4.439344 -4.416128 -4.675536 -4.630641 -4.589969 -4.621497 -4.573423 -4.663154 -4.657265 -4.686566 -4.794191 -4.619465 -4.5433 -4.594328 -4.593634 -4.592523 -4.45019 -4.449514
2007 3 -4.524316 -4.518129 -4.514503 -4.541566 -4.566172 -4.518046 -4.581459 -4.541997 -4.546043 -4.512929 -4.586268 -4.480608 -4.410785 -4.593583 -4.564492 -4.640481 -4.569869 -4.59206 -4.576921 -4.572315 -4.495675
2007 4 -4.479182 -4.477568 -4.49729 -4.510169 -4.506418 -4.474927 -4.46594 -4.466763 -4.497945 -4.481999 -4.634512 -4.59561 -4.576865 -4.48988 -4.687243 -4.560542 NA NA NA -4.652262 -4.539468
2007 5 -4.580168 -4.565399 -4.557596 -4.558537 -4.517303 -4.583101 -4.554986 -4.578677 -4.611756 -4.571946 -4.698839 -4.65176 -4.653347 -4.639898 -4.577433 -4.625334 -4.630723 -4.607297 -4.629805 -4.771362 -4.597324
2007 6 -4.650501 -4.630017 -4.604044 -4.603751 -4.55737 -4.688202 -4.684405 -4.657908 -4.677148 -4.623949 -4.715424 -4.662756 -4.674735 -4.70268 -4.85767 -4.725463 -4.773572 -4.745043 -4.756346 -4.806722 -4.719263
2007 7 -4.725535 -4.718541 -4.711391 -4.711238 -4.689484 -4.717161 -4.729893 -4.722705 -4.730477 -4.721435 -4.717518 -4.711216 NA -4.767025 -4.751875 -4.824722 -4.869323 -4.785742 -4.814213 -5.077532 -4.875545
2007 8 -4.788335 -4.779247 -4.783829 -4.779952 -4.736401 -4.779962 -4.770025 -4.776624 -4.775096 -4.827871 -4.760281 -4.772621 NA -4.845307 -4.85391 -4.81529 -4.878592 -4.807518 -4.811647 -5.049853 -4.928596
2007 9 -4.850614 -4.847453 -4.835608 -4.834867 NA -4.846672 -4.869439 -4.852343 -4.85895 NA -4.822512 -4.787538 -4.89729 -4.915526 -5.194126 -4.97184 -4.931306 -4.905852 -4.979927 -5.132104 -5.033103
2007 10 -4.925746 -4.913378 -4.893128 -4.892748 -4.848122 -4.891127 -4.890856 -4.944947 NA -4.986959 -4.881812 -4.840857 -4.910607 -4.885909 -5.14502 -5.012236 -5.04816 -5.036733 -5.033641 -5.210222 -5.109771
2007 11 -5.038305 -5.026363 -5.020465 -5.019631 NA -5.054404 -5.053819 -5.080532 NA -5.053715 -5.03106 -5.063892 -5.109047 -5.159196 -5.274064 -5.302841 -5.226325 -5.2212 -5.229706 -5.341186 -5.221957
2007 12 -5.17518 -5.169525 -5.15613 -5.156282 -5.110677 -5.224047 -5.229942 -5.274236 NA -5.410719 -5.384387 -5.32538 -5.555783 -5.425246 -5.541071 -5.317256 -5.348207 -5.332749 -5.3543 -5.317079 -5.251875
2008 1 -5.319018 -5.289705 -5.282435 -5.280823 -5.256948 -5.394773 -5.369275 -5.370929 NA -5.358833 -5.376293 -5.456807 -5.361335 -5.403599 -5.537213 -5.456203 -5.346568 -5.405763 -5.373736 -4.995371 -5.282442
2008 2 -5.324582 -5.308025 -5.327446 -5.311178 NA -5.407024 -5.395322 -5.352834 NA -5.402068 -5.523295 -5.08983 -5.455455 -5.324981 -5.361654 -5.394935 -5.338929 -5.369333 -5.31794 -5.262249 -5.258565
2008 3 -5.277782 -5.287426 -5.284142 -5.283174 NA -5.354578 -5.262587 -5.296578 -5.323565 -5.345862 -5.349256 -5.339332 -5.260406 NA -5.471166 -5.383977 -5.337216 -5.335026 -5.312605 -5.315148 -5.289077
2008 4 -5.266478 -5.251567 -5.262346 -5.26025 NA -5.301272 -5.234471 -5.254996 -5.307686 -5.299274 -5.422757 -5.363339 -5.388182 NA -5.299034 -5.383227 -5.414465 -5.327739 -5.407896 -5.423865 -5.302598
2008 5 -5.336454 -5.315279 -5.311069 -5.309671 -5.272205 -5.377443 -5.384545 -5.329646 -5.33809 NA -5.447542 -5.484429 -5.436415 NA -5.527265 -5.445029 -5.444714 -5.465124 -5.458147 -5.552394 -5.340163
2008 6 -5.429753 -5.421302 -5.441044 -5.440542 NA -5.438614 -5.417785 -5.403403 -5.404038 -5.41766 -5.454331 -5.440909 -5.435423 NA -5.740499 -5.549832 -5.529918 -5.605446 -5.54666 -5.625762 -5.505761
2008 7 -5.49594 -5.484845 -5.477947 -5.458288 -5.54098 -5.490687 -5.479676 -5.488192 NA -5.499965 -5.472312 -5.514474 -5.475268 -5.668521 -5.686981 -5.649386 -5.590786 -5.605709 -5.593213 -5.736237 -5.602694
2008 8 -5.59263 -5.577141 -5.570272 -5.586548 -5.640975 -5.595514 -5.609392 -5.584074 -5.623151 -5.629912 -5.60583 -5.640614 -5.574262 -5.718972 -5.609284 -5.714114 -5.669451 -5.645779 -5.70038 -5.864915 -5.78245
2008 9 -5.663667 -5.656063 -5.64867 -5.648204 NA -5.677039 -5.665456 -5.663856 -5.653858 -5.631462 -5.69345 -5.813356 -5.691213 -5.615422 -5.8858 -5.793278 -5.708093 -5.689846 -5.681341 -6.044614 -5.821716
2008 10 -5.740028 -5.750175 -5.701595 -5.700168 -5.740379 -5.742766 -5.727468 -5.747755 -5.739066 -5.716649 -5.671294 -5.788201 -5.641593 -5.913661 -5.86256 NA -5.8976 -5.891031 -5.880524 -6.034669 -5.949531
2008 11 -5.906198 -5.89426 -5.905056 -5.904269 NA -5.849164 -5.928398 -5.936366 -5.995901 -5.920301 -5.890832 -5.975137 NA -6.02525 -6.044771 NA -5.992035 -5.994145 -5.994036 -6.097593 -6.012661
2008 12 -6.09026 -6.078269 -6.055235 -6.055008 NA -6.093054 -6.104523 -6.138936 -6.169782 -6.127587 -6.18376 -6.225431 NA -6.14227 -6.197309 -6.075696 -6.146175 -6.148444 -6.147518 NA -6.108909
2009 1 -6.187276 -6.128227 -6.176372 -6.179611 -6.181335 -6.307369 -6.150298 -6.224402 -6.312771 -6.134566 -6.320499 -6.350026 -6.340318 -6.441413 -6.44591 -6.122689 -6.1234 -6.255269 -6.122025 NA -6.187398
2009 2 -6.293909 -6.305215 -6.321566 -6.25709 NA -6.342105 -6.454629 -6.415131 -6.442613 -6.309752 -6.352307 -6.391791 -6.324075 -6.464412 -6.507843 -6.336319 -6.065436 NA -6.105907 -6.2277 -6.247153
2009 3 -6.240202 -6.253172 -6.2448 -6.241741 NA -6.404085 -6.278907 -6.275891 -6.30768 -6.36149 -6.302998 -6.278181 -6.258861 -6.614728 -6.423565 -6.522118 -6.294765 -6.398881 -6.29746 -6.292152 -6.229734
2009 4 -6.256413 -6.237364 -6.209375 -6.207144 NA -6.302235 -6.246945 -6.230551 -6.251998 -6.221621 -6.336809 -6.277577 -6.285699 -6.290047 -6.390288 -6.339946 -6.274039 -6.297427 -6.263551 -6.347818 -6.250153
2009 5 -6.307225 -6.301215 -6.311142 -6.312426 -6.357251 -6.32702 -6.295493 -6.307657 -6.331642 -6.323813 -6.336675 -6.331638 NA -6.377032 -6.443146 -6.507336 -6.40023 -6.377676 -6.40002 -6.482978 -6.339462
2009 6 -6.386267 -6.38827 -6.375936 -6.376647 -6.363051 -6.401397 -6.381772 -6.411812 -6.394533 -6.384059 -6.389607 -6.369646 -6.38963 -6.511896 -6.603188 -6.527231 -6.441915 -6.457859 -6.445267 -6.544254 -6.439301
2009 7 -6.466491 -6.461204 -6.430961 -6.430315 -6.40355 -6.456632 -6.46033 -6.483407 -6.491855 -6.459533 -6.434241 -6.396586 NA -6.558797 -6.647437 -6.511968 -6.586628 -6.578799 -6.57987 -6.76619 -6.55462
2009 8 -6.556314 -6.545451 -6.538355 -6.53859 -6.535628 -6.53726 -6.527296 -6.549678 -6.552519 -6.548466 -6.53699 -6.519049 NA -6.479111 -6.781813 -6.647561 -6.648271 -6.725241 -6.657759 -6.815017 -6.672564
2009 9 -6.613249 -6.599853 -6.60095 -6.600427 -6.578226 -6.605654 -6.599559 -6.617081 -6.640775 -6.612595 -6.586356 -6.56777 NA -6.610322 NA -6.791777 -6.696602 -6.774925 -6.68728 -6.934412 -6.762565
2009 10 -6.718141 -6.697731 -6.674848 -6.674518 NA -6.717984 -6.675732 -6.723699 -6.738992 -6.772956 -6.65144 -6.654081 -6.679733 -6.893941 -6.848713 -6.836382 -6.776591 -6.885643 -6.771631 -6.930742 -6.87168
2009 11 -6.836628 -6.808393 -6.789338 -6.789726 NA -6.847823 -6.816533 -6.857178 -6.86575 -6.814636 -6.859863 -6.825744 NA -6.951818 -7.475679 -6.916431 -6.904569 -6.88872 -6.930128 -7.022548 -6.931807
2009 12 -6.917005 -6.91575 -6.90678 -6.906671 -6.914762 -6.992572 -6.985504 -6.988008 -7.004977 NaN -7.064098 -7.04899 -7.044614 -7.075063 -7.17066 -7.022103 -7.102084 -7.141029 -7.098599 -7.023849 -7.055537
2010 1 -7.068316 -7.013949 -6.985347 -6.983695 -6.989883 -7.324803 -7.067971 -7.143474 -6.994672 -7.061637 -7.234496 -7.195707 -7.168686 -7.326609 -7.317838 NA -7.143456 -7.208114 -7.165077 -7.208828 -7.122087
2010 2 -7.171201 -7.125443 -7.162592 -7.159655 -7.05271 -7.329384 -7.263482 -7.279648 -7.067285 -7.184961 -7.396888 -7.351015 -7.385344 -7.308258 -7.301131 -7.178127 -7.054189 -7.039856 -7.042511 -7.095538 -7.053088
2010 3 -7.170435 -7.216844 -7.204116 -7.205411 -7.227139 -7.317001 -7.193011 -7.204485 -7.209062 -7.075964 -7.315386 -7.197919 -7.294338 -7.315842 -7.301185 -7.248142 -7.190817 -7.1298 -7.203577 -7.203874 -7.104454
2010 4 -7.201056 -7.179703 -7.206577 -7.205241 -7.243894 -7.272624 -7.217442 -7.198355 -7.181568 -7.189692 -7.266523 -7.240529 -7.213116 -7.225315 -7.310181 -7.195866 -7.214253 NA -7.318851 -7.236662 -7.187526
2010 5 -7.251824 -7.22292 -7.223705 -7.22339 -7.206789 -7.295953 -7.229425 -7.242408 -7.249755 -7.286689 -7.270819 -7.2797 -7.259179 -7.330612 -7.331028 -7.339671 -7.269989 -7.246671 -7.278586 -7.436214 -7.241877
2010 6 -7.278267 -7.277266 -7.267604 -7.267108 -7.276774 -7.323382 -7.284722 -7.284374 NA -7.255592 -7.273807 -7.345666 -7.212192 -7.347881 -7.369331 -7.391772 -7.362001 -7.376002 -7.340832 -7.476311 -7.356837
2010 7 -7.326087 -7.316702 -7.302581 -7.302425 -7.274161 -7.317248 -7.317511 -7.332159 NA -7.326918 -7.318263 -7.250494 NA -7.303849 -7.456884 -7.475027 -7.532731 -7.392241 -7.530985 -7.599359 -7.457278
2010 8 -7.364788 -7.354997 -7.350437 -7.349999 -7.344143 -7.365939 -7.380242 -7.384789 NA -7.356395 -7.305206 -7.297003 NA -7.422052 -7.474764 -7.499028 -7.508804 -7.541993 -7.504254 -7.638018 -7.541054
2010 9 -7.461699 -7.444053 -7.419637 -7.419679 -7.41563 -7.4639 -7.470445 -7.471362 NA -7.435432 -7.441206 -7.363718 -7.376431 -7.431587 -7.513274 -7.683143 NA -7.497619 -7.499944 -7.739097 -7.625896
2010 10 -7.571614 -7.549154 -7.531203 -7.531605 -7.486638 -7.581758 -7.639984 -7.584632 NA -7.50769 -7.493574 -7.49181 -7.574283 -7.587149 -7.70796 -7.756306 -7.775589 NA -7.765518 -7.875892 -7.73158
2010 11 -7.7074 -7.712258 -7.732449 -7.72743 NA -7.736759 -7.652978 -7.73745 NA -7.664152 -7.775715 -7.843517 -7.891116 -7.982263 -7.875275 -7.839006 -7.855638 -7.799016 -7.857717 -7.919215 -7.840344
2010 12 -7.844984 -7.831259 -7.735483 -7.799757 -7.735415 -7.884408 -7.992618 -7.926592 NA -7.88146 -8.024763 -7.984407 NA -8.058696 -8.117174 -7.980455 -7.988506 -8.022716 -7.933663 -7.859107 -7.902493
2011 1 -8.023718 -8.001594 -7.980925 -7.981198 -7.872429 -8.077044 -8.326488 -8.322625 NA -8.145419 -8.279491 -8.164452 -7.940373 -8.267638 -8.492988 -8.057673 -8.141282 NA -8.156226 -8.017959 -8.023457
2011 2 -8.13208 -8.081556 -7.948606 -7.948422 -7.910812 -8.444365 -8.227176 -8.356507 NA -8.070529 -8.233945 -8.21091 -8.238303 -8.318129 -8.2947 NA -8.1079 -8.060154 -8.10751 -7.937425 -7.959134
2011 3 -8.122597 -8.154065 -8.153464 -8.145108 -8.209131 -8.233025 -8.197328 -8.204604 NA -8.052276 -8.217217 -8.177309 -8.101068 -8.303991 -8.200495 -8.075231 -8.184369 -8.184259 -8.215276 -8.006813 -7.915858
2011 4 -8.13946 -8.135925 -8.166668 -8.162761 -8.094401 -8.20293 -8.238273 -8.218457 NA -8.134446 -8.266521 -8.276665 -8.21226 NA -8.329909 -8.203069 -8.116001 -8.153571 NA -8.151406 -8.128828
2011 5 -8.163827 -8.160481 -8.134937 -8.134379 -8.180245 -8.179134 -8.071378 -8.168959 NA -8.268041 -8.267217 -8.271933 -8.207893 NA -8.335486 NA -8.244875 -8.251328 -8.18422 -8.295116 -8.179445
2011 6 -8.251584 -8.224313 -8.244982 -8.245658 NA -8.32203 -8.324638 -8.288321 NA -8.206869 -8.288348 -8.272701 -8.246925 NA -8.326745 -8.297478 -8.307866 -8.349591 -8.304293 -8.407702 -8.319836
2011 7 -8.351149 -8.333727 -8.319807 -8.319635 NA -8.351448 -8.36998 -8.362411 NA -8.341727 -8.33478 -8.327797 NA NA -8.586174 -8.379938 -8.338283 -8.408602 -8.342089 -8.580661 -8.423074
2011 8 -8.372526 -8.373576 -8.369558 -8.369555 -8.356624 -8.395997 -8.371568 -8.365667 -8.381498 -8.365103 -8.372548 -8.322488 -8.330509 -8.418076 -8.580378 -8.411471 -8.453198 -8.507212 -8.457718 -8.609126 -8.476538
2011 9 -8.407957 -8.39964 -8.390241 -8.390333 -8.368846 -8.437005 -8.393362 -8.402722 -8.398318 -8.406487 -8.409603 -8.438624 -8.453987 -8.466643 -8.526805 -8.497564 -8.437103 -8.441364 -8.42916 -8.7319 -8.582191
2011 10 -8.489563 -8.492113 -8.479363 -8.479969 -8.472071 -8.491974 -8.516699 -8.507295 -8.503588 -8.613611 -8.439981 -8.531941 -8.68088 -8.625562 -8.676628 -8.641267 -8.596655 -8.725566 -8.596919 -8.788929 -8.677405
2011 11 -8.574258 -8.571894 -8.542942 -8.557911 -8.537687 -8.581508 -8.599107 -8.620003 -8.700367 -8.581701 -8.571546 -8.612658 -8.670092 -8.710665 -8.845976 -8.793598 -8.793969 -8.81486 -8.801815 -8.865829 -8.766402
2011 12 -8.743723 -8.709101 -8.700167 -8.788968 NA -8.763896 -8.97204 -8.871806 -8.77807 -8.869989 -8.91295 -8.915925 -9.037129 -9.022813 -9.182868 -8.818857 -8.823547 -8.865501 -8.817774 -8.927581 -8.883995
2012 1 -8.930749 -8.93301 -8.901773 -8.901622 NA -8.984352 -9.166581 -9.108451 -9.152428 -8.880675 -9.092734 -9.119653 NA -9.175829 -9.256168 -8.858321 -8.984847 -9.013326 -9.10245 -9.040869 -8.997661
2012 2 -9.127932 -9.163675 -9.129223 -9.226076 -9.00043 -9.198211 -9.32794 -9.196157 -9.142871 -9.150382 -9.158272 -9.220222 -9.064148 -8.983449 -9.372906 -9.018434 -8.89271 -9.020087 -8.946362 -8.911815 -8.872173
2012 3 -9.024959 -9.021181 -9.002107 -9.002556 -8.993329 -9.056511 -9.171074 -9.088157 -9.008631 -9.063149 -9.110026 -9.023473 -8.896456 -9.672331 -9.222511 -9.130618 -9.108212 -9.077086 -9.109193 -9.110268 -8.870913
2012 4 -8.995662 -9.024805 -9.042525 -9.04251 -9.087516 -8.978283 -8.974358 -8.978033 -8.975677 -8.989853 -9.051141 -9.120574 -9.028592 -9.281582 -9.108216 -9.049813 -9.221959 -9.102361 -9.21337 -9.105188 -8.971714
2012 5 -8.993668 -8.996894 -8.963834 -8.963819 NA -9.028122 -8.95157 -8.99561 -8.972949 -8.988765 -9.058273 -9.073996 -9.05585 -9.176331 -9.136844 -9.042478 -9.112435 -9.084444 -9.111736 -9.217041 -9.070809
2012 6 -9.077179 -9.075967 -9.059765 -9.060121 -9.042178 -9.065538 -9.061654 -9.075259 -9.069466 -9.070593 -9.091269 -9.028111 -9.160126 -9.194347 -9.183887 -9.101293 -9.181592 -9.146823 -9.133765 -9.304548 -9.130777
2012 7 -9.102915 -9.101317 -9.106663 -9.107436 NA -9.094871 -9.091913 -9.106766 -9.106632 -9.077771 -9.100425 -9.128587 NA -9.135901 -9.295739 -9.277777 -9.221601 -9.229677 -9.19622 -9.410333 -9.262944
2012 8 -9.133784 -9.139389 -9.145641 -9.145608 -9.157407 -9.134256 -9.111385 -9.136036 -9.129225 -9.133679 -9.058238 -9.057873 NA -9.227592 -9.285624 -9.324661 -9.216174 -9.284665 -9.166902 -9.380407 -9.312143
2012 9 -9.185784 -9.175941 -9.159717 -9.159723 NA -9.160436 -9.144615 -9.174093 -9.148243 -9.150953 -9.180056 -9.091147 -9.244283 -9.207834 -9.262707 NA -9.246201 -9.232862 -9.264839 -9.582201 -9.399707
2012 10 -9.31544 -9.295817 -9.276126 -9.276142 NA -9.297903 -9.293696 -9.324267 -9.286196 -9.338811 -9.290653 -9.282873 -9.333909 -9.424614 -9.598665 NA -9.416369 -9.467249 -9.416453 -9.564228 -9.495612
2012 11 -9.425178 -9.417107 -9.355924 -9.356874 -9.373863 -9.433866 -9.436141 -9.456983 -9.36999 -9.386448 -9.389973 -9.395577 -9.491661 -9.640527 NA NA -9.592929 -9.62408 -9.607048 -9.730477 -9.552623
2012 12 -9.555748 -9.546141 -9.554351 -9.554942 -9.490969 -9.619725 -9.62193 -9.627865 -9.598093 -9.647894 -9.617636 -9.625846 -9.64114 -9.69214 -9.880948 NA -9.752449 -9.740608 -9.748494 -9.813939 -9.646207
2013 1 -9.708928 -9.697208 -9.762809 -9.76369 NA -9.75477 -9.702052 -9.779545 -9.801152 NA -9.892143 -9.828787 -9.92339 -9.895121 -9.99415 NA -9.777748 -9.861753 -9.76909 -9.857359 -9.719278
2013 2 -9.7877 -9.765785 -9.767167 -9.761896 NA -9.925707 -9.799001 -9.815674 -9.829299 -9.775038 -9.916603 -9.942105 -9.759963 -9.901194 -9.998841 -9.87046 -9.735131 -9.833135 -9.732572 -9.797417 -9.6702
2013 3 -9.794727 -9.820842 -9.825071 -9.81124 -9.870589 -9.86786 -9.77072 -9.791278 -9.793899 -9.765835 -9.846509 -9.823576 -9.840584 -9.84112 -9.902828 -9.957915 -9.780408 -9.848817 -9.775587 -9.800842 -9.726
2013 4 -9.708815 -9.718981 -9.733116 -9.733119 -9.762762 -9.756017 -9.66585 -9.712917 -9.698935 -9.737558 -9.677481 -9.733285 -9.677796 -9.706563 -9.803441 -9.902548 -9.793132 -9.78143 -9.797068 -9.846257 -9.730184
2013 5 -9.714034 -9.704741 -9.708885 -9.708434 -9.669339 -9.738998 -9.735596 -9.73005 -9.699555 -9.687437 -9.718555 -9.658074 -9.65198 -9.798979 -9.808917 -9.829505 -9.792563 -9.777047 -9.78724 -9.941159 -9.749038
2013 6 -9.748818 -9.760863 -9.795419 -9.795301 -9.825366 -9.824814 -9.734234 -9.748163 -9.742054 -9.741599 -9.688859 -9.603023 -9.674812 -9.828459 -9.80116 -9.894061 -9.755652 -9.800523 -9.750467 -10.02874 -9.881582
2013 7 -9.784781 -9.786986 -9.781426 -9.781507 -9.770393 -9.779496 -9.780646 -9.780474 -9.797634 -9.763578 -9.685543 -9.665085 -9.529286 -9.779168 -9.943708 -9.805187 -9.845419 -9.969542 -9.883456 -10.11637 -9.948413
2013 8 -9.815043 -9.815856 -9.806697 -9.840211 -9.779733 -9.788972 -9.791745 -9.796424 -9.790211 -9.79989 -9.719561 -9.629129 NA -9.721631 -9.814996 NA -9.976966 -9.799554 -10.01114 -10.13668 -9.993265
2013 9 -9.917867 -9.911919 -9.911408 -9.911402 -9.859987 -9.893168 -9.907248 -9.904812 -9.899671 -9.882922 -9.844673 -9.893245 -10.08647 -9.865596 -10.01677 NA -10.01799 -10.06492 -10.01807 -10.21816 -10.10848
2013 10 -9.992256 -9.979843 -9.980337 -9.98071 -9.979762 -9.994675 -9.980854 -9.99989 -10.00219 -9.959247 -9.94794 -9.966856 -10.11258 -10.02714 -10.03579 NA -10.13071 -10.0862 -10.12174 -10.29026 -10.20602
2013 11 -10.11351 -10.10762 -10.06889 -10.02277 -10.02289 -10.11765 -10.16224 -10.15557 -10.14019 -10.02311 -10.11044 -10.12442 -10.09011 -10.28721 -10.14264 -10.25523 -10.35797 -10.32499 -10.35306 -10.35469 -10.26978
2013 12 -10.27177 -10.25663 -10.23687 -10.23674 -10.1935 -10.29026 -10.32338 -10.35627 -10.35444 -10.37935 -10.33333 -10.33107 -10.46672 -10.53709 -10.4738 NA -10.40313 -10.41959 -10.39694 -10.43174 -10.30063
2014 1 -10.32839 -10.32695 -10.30924 -10.30912 -10.28659 -10.40063 -10.44744 -10.41884 -10.40638 -10.40891 -10.38692 -10.35774 -10.38883 -10.51012 -10.54781 NA -10.56076 -10.50061 -10.5538 -10.49927 -10.30919
2014 2 -10.37309 -10.36381 -10.39366 -10.39308 -10.35545 -10.45636 -10.33335 -10.37577 -10.37827 -10.43847 -10.45906 -10.43592 -10.29284 -10.41379 -10.5064 NA -10.43997 -10.38578 -10.43945 -10.38832 -10.28889
2014 3 -10.318 -10.30776 -10.2999 -10.29971 -10.29084 -10.43491 -10.32043 -10.31932 -10.34291 -10.37568 -10.33299 -10.24669 -10.30904 -10.40405 -10.35241 -10.49836 -10.36894 -10.37269 -10.3714 -10.3171 -10.27787
2014 4 -10.24202 -10.24778 -10.25205 -10.2526 -10.30213 -10.22568 -10.22079 -10.21757 -10.26473 -10.22422 -10.28723 -10.21891 -10.26821 -10.38657 -10.41369 -10.50858 -10.26971 -10.32147 -10.28072 -10.36042 -10.29454
2014 5 -10.1725 -10.17617 -10.20211 -10.17594 -10.22827 -10.14048 -10.1613 -10.14186 -10.17708 -10.16083 -10.14464 -10.12272 -10.12193 -10.36427 -10.2525 -10.36689 -10.37926 -10.30725 -10.3397 -10.48462 -10.31581
2014 6 -10.16597 -10.17231 -10.15932 -10.12829 -10.19211 -10.17151 -10.15448 -10.1626 -10.16054 -10.16288 -10.09255 -10.14831 -10.08384 -10.31592 -10.26415 -10.51596 -10.42545 -10.43485 -10.44107 -10.56975 -10.36305
2014 7 -10.20328 -10.20042 -10.1994 -10.19937 -10.17168 -10.17944 -10.1688 -10.17266 -10.19411 -10.15712 -10.11311 -10.04341 NA -10.21658 -10.29463 -10.37999 -10.37596 NA NA -10.62504 -10.42892
2014 8 -10.25734 -10.25714 -10.19175 -10.19144 -10.09498 -10.29422 -10.2732 -10.2445 -10.19355 -10.23102 -10.10886 -10.24532 -10.1233 -10.43994 -10.24038 -10.39716 -10.30518 -10.14286 -10.25547 -10.51564 -10.52794
2014 9 -10.3242 -10.31434 -10.31177 -10.31187 -10.30393 -10.32866 -10.32047 -10.29723 -10.2329 -10.30006 -10.3505 -10.31758 -10.24345 -10.26724 -10.41935 -10.61341 -10.46238 -10.60365 -10.48374 -10.68437 -10.59106
2014 10 -10.43528 -10.43387 -10.42675 -10.42727 -10.41655 -10.4281 -10.4158 -10.43763 -10.41763 -10.46169 -10.39757 -10.43688 -10.30364 -10.37588 -10.75576 -10.67428 -10.57081 -10.65875 -10.5651 -10.76112 -10.69565
2014 11 -10.58505 -10.57736 -10.57766 -10.57766 -10.5411 -10.57145 -10.59089 -10.59657 -10.61068 -10.59449 -10.55632 -10.59136 -10.57842 -10.67853 -10.71591 -10.66423 -10.8293 -10.76959 -10.79135 -10.90702 -10.79284
2014 12 -10.757 -10.72621 -10.72582 -10.67766 -10.62929 -10.74741 -10.91304 -10.84472 -10.77143 -10.7957 -10.85974 -10.95878 -11.01052 -11.03584 NA NA -11.05958 -11.00346 -11.02107 -10.82895 -10.90335
2015 1 -10.90347 -10.89391 -10.87564 -10.86448 -10.82393 -11.00568 -10.97114 -10.98148 -10.98669 -10.99383 -11.02544 -10.95747 -11.10948 -11.10925 -11.13005 -10.79277 -10.98764 -11.03634 -10.98116 -10.97991 -10.91311
2015 2 -10.91684 -10.93206 -10.9355 -10.9485 -10.92884 -10.99989 -11.05543 -11.03642 -10.99903 -11.02772 -11.01966 -11.01705 -10.92683 -11.23279 -11.11911 -10.92512 -10.92485 -10.97514 -10.93042 -10.88641 -10.95934
2015 3 -10.87911 -10.90953 -10.94921 -10.93425 NA -10.97587 -10.90134 -10.89683 -10.90394 -10.84515 -10.86193 -10.84197 -10.69108 -10.95225 -11.01944 NA -10.9503 -10.96615 -10.94853 -10.92649 -10.88569
2015 4 -10.76401 -10.78812 -10.79456 -10.79457 -10.82627 -10.72158 -10.7125 -10.70108 -10.74144 -10.74293 -10.73414 -10.70044 -10.73491 -10.69854 -10.68578 NA -10.86166 -10.8733 -10.85601 -10.91252 -10.89697
2015 5 -10.64069 -10.64861 -10.62887 -10.69201 -10.69201 -10.57891 -10.59176 -10.56153 -10.61422 -10.55902 -10.58182 -10.6089 -10.59846 -10.88856 -10.89062 -10.86096 -10.66227 -10.8869 -10.67049 -10.96676 -10.8791
2015 6 -10.61652 -10.61718 -10.60989 -10.59112 -10.6252 -10.5458 -10.55852 -10.5361 -10.63613 -10.61847 -10.55526 -10.42902 -10.51994 -10.63219 -10.95163 -10.73026 -10.68644 -10.70016 -10.68536 -11.0225 -10.90809
2015 7 -10.58969 -10.63596 -10.61929 -10.60764 NA -10.52103 -10.46439 -10.46082 -10.53058 -10.59371 -10.35317 -10.43805 NA -10.76885 -10.54061 -10.5585 -10.65758 -10.72897 -10.63248 -11.03046 -10.90984
2015 8 -10.59313 -10.5492 -10.50143 -10.49997 -10.46859 -10.53608 -10.53929 -10.5418 -10.5781 -10.55223 -10.58775 -10.47328 NA -10.57029 -10.74225 NA -10.59415 -11.14766 -10.707 -10.9798 -10.95386
2015 9 -10.6392 -10.60883 -10.61475 -10.61338 -10.59546 -10.58867 -10.56591 -10.59032 -10.61131 -10.62637 -10.60632 -10.64429 NA -10.55143 -10.83859 -11.04287 -10.81714 -10.8362 -10.85301 -11.18034 -11.02185
2015 10 -10.82792 -10.81203 -10.76953 -10.76813 -10.71748 -10.80158 -10.78647 -10.81447 -10.8353 -10.76805 -10.72427 -10.71579 -10.97004 -10.79505 -10.8358 NA -10.76866 -10.77745 -10.76868 -11.15082 -11.19348
2015 11 -10.96115 -10.92633 -10.87745 -10.87733 -10.78651 -10.92234 -10.95037 -10.96703 -10.88334 -10.94689 -10.90666 -10.89408 -10.93271 -11.00858 -10.96109 -11.0684 -11.20878 -11.11684 -11.19837 -11.19283 -11.20271
2015 12 -11.14912 -11.11124 -11.09289 -11.07961 -11.04422 -11.16786 -11.17045 -11.17384 -11.09835 -11.17166 -11.19471 -11.27237 -11.48384 -11.3103 -11.3218 -11.42847 -11.32702 -11.43445 -11.32282 -11.41999 -11.32459
2016 1 -11.31444 -11.34529 -11.34449 -11.34452 NA -11.44698 -11.51604 -11.43535 -11.41109 -11.41348 -11.45682 -11.54706 -11.54488 -11.47481 -11.57712 NA -11.36922 -11.39356 -11.36862 -11.42361 -11.3723
2016 2 -11.46537 -11.50556 -11.45082 -11.45196 NA -11.6366 -11.55121 -11.59153 -11.44743 -11.52906 -11.52512 -11.60639 -11.55917 -11.47662 -11.59784 -11.43229 -11.4829 -11.48339 -11.4769 -11.45993 -11.43741
2016 3 -11.36671 -11.37546 -11.38758 -11.38406 -11.40985 -11.44261 -11.39705 -11.36897 -11.34405 -11.31537 -11.3911 -11.33812 -11.18691 -11.37301 -11.53482 NA -11.39861 NA -11.39882 -11.5066 -11.44778
2016 4 -11.2074 -11.2409 -11.2552 -11.2556 NA -11.19984 -11.18416 -11.13001 -11.10758 -11.20413 -11.22536 -11.20345 -11.22926 -11.5076 -11.37894 NA -11.33616 -11.3366 -11.33657 -11.46584 -11.39666
2016 5 -11.11222 -11.13889 -11.11649 -11.12951 -11.19286 -11.0643 -11.03644 -10.99342 -10.92805 -11.01211 -11.12499 -11.09492 -11.0883 -10.90972 -10.91347 -11.32701 -11.30736 -11.34047 -11.30459 -11.45661 -11.39902
2016 6 -11.04654 -11.01025 -11.08726 NA -11.09883 -11.02763 -10.95121 -10.91222 -10.98882 -10.90311 -11.01384 -11.03287 -11.2134 -10.81383 -11.51347 -11.4372 -11.25205 -11.22208 -11.25269 -11.48799 -11.36556
2016 7 -11.04292 -11.03751 -11.07082 -11.07783 -11.09945 -10.99566 -10.98927 -10.94891 -10.92056 -10.99487 -10.95265 -11.03036 NA -11.10268 -11.24317 -11.18419 -11.22967 -11.29455 -11.23795 -11.46083 -11.37196
2016 8 -11.13677 -11.1164 -11.12394 -11.12413 -11.11653 -11.09948 -11.10166 -11.09585 -11.0193 -11.114 -11.06612 -11.11674 -10.80531 -11.01182 -11.10491 -11.18942 -11.18307 -11.19787 -11.17988 -11.42981 -11.50938
2016 9 -11.21929 -11.20683 -11.19753 -11.19729 -11.22644 -11.19543 -11.19744 -11.19236 -11.17796 -11.16751 -11.11915 -11.19966 NA -11.10383 -11.21936 -11.50337 -11.40585 -11.41547 -11.40588 -11.61343 -11.45876
2016 10 -11.30885 -11.31219 -11.27756 -11.27757 -11.28902 -11.32014 -11.3052 -11.29932 -11.29805 NA -11.32776 -11.28843 -11.36334 NaN -11.38632 -11.66017 -11.426 -11.4156 -11.42196 -11.62902 -11.62016
2016 11 -11.43397 -11.40775 -11.39848 -11.39928 -11.3505 -11.45901 -11.38187 -11.4124 -11.42558 -11.46641 -11.45117 -11.4515 -11.40523 -11.45748 -11.52952 -11.69045 -11.6579 -11.55363 -11.54669 -11.78932 -11.64746
2016 12 -11.60714 -11.59146 -11.57389 -11.57403 NA -11.57862 -11.60646 -11.6057 -11.63279 -11.57302 -11.58845 -11.65257 -11.7461 -11.72791 -11.87768 -11.87287 -11.71999 -11.74484 -11.72073 -11.92925 -11.79437
2017 1 -11.75337 -11.75574 -11.75115 -11.81675 -11.71809 -12.0263 -11.86763 -11.82498 -11.78283 -11.74899 -11.93845 -11.93843 NA -11.89311 -11.93962 -11.92595 -11.88342 -11.89591 -11.87925 -11.91991 -11.91954
2017 2 -11.87047 -11.84839 -11.84715 -11.87998 -11.83992 NA -11.90823 -11.90206 -11.86574 -11.8584 -12.12931 -11.91879 -11.84083 -11.86804 -11.94262 -11.99642 -11.93405 -11.95432 -11.95798 -11.86067 -11.88824
2017 3 -11.804 -11.80982 -11.80576 -11.8071 NA NA -11.76796 -11.76047 -11.80411 -11.78454 -11.92666 -12.07199 -11.74871 NA -11.85628 -11.91933 -11.8473 -11.7816 -11.78224 -11.8926 -11.90907
2017 4 -11.66486 -11.67203 -11.70858 -11.70835 NA NA -11.606 -11.61391 -11.68764 -11.64194 -11.58527 -11.73854 -11.7084 NA -11.6616 -12.01973 -11.73122 -11.56217 -11.6715 -11.90991 -11.87568
2017 5 -11.53734 -11.50997 -11.53404 -11.53252 -11.62468 NA -11.43911 -11.40698 -11.56949 -11.50882 -11.36733 -11.44776 -11.4632 -11.65106 -11.40612 -11.7899 -11.59835 -11.63371 -11.55075 -11.87793 -11.83922
2017 6 -11.59732 -11.53306 -11.5207 -11.53349 -11.57254 NA -11.49712 -11.45648 -11.54542 -11.61388 -11.65512 -11.55334 NA -11.7138 -11.69976 -11.78296 -11.72951 -11.74054 -11.6976 -12.03427 -11.84685
2017 7 -11.51897 -11.48898 -11.47682 -11.56704 -11.58054 NA -11.49465 -11.45145 -11.50803 -11.53797 -11.56153 -11.43756 -11.50545 -11.69497 -11.61081 -11.69568 -11.75258 -11.78143 -11.77733 -12.13753 -11.99477
2017 8 -11.67205 -11.67536 -11.64725 -11.66356 -11.66817 NA -11.64631 -11.61727 -11.61215 -11.59404 -11.56355 -11.66126 NA -11.56942 -11.7486 -11.88955 -11.82247 -11.72 -11.71149 -12.17077 -11.9437
2017 9 -11.68178 -11.68676 -11.74073 -11.74073 -11.73074 NA -11.73013 -11.66239 -11.70777 -11.59647 -11.61973 -11.57226 NA -11.62688 -11.69962 -12.01193 -11.77017 -11.77698 -11.77281 -12.12297 -12.04013
2017 10 -11.84767 -11.83957 -11.85766 -11.85754 -11.83817 NA -11.78931 -11.80319 -11.80978 -11.77582 -11.73707 -11.67684 NA -11.65956 -12.03101 -11.83213 -11.99831 -11.90172 -11.85663 -12.20375 -12.09716
2017 11 -11.93164 -11.92935 -11.92792 NA -11.90766 NA -11.8777 -11.8868 -11.86334 -11.9221 -11.91399 -11.86937 NA -12.16274 -12.07991 -12.20852 -12.17473 -12.05454 -11.9876 -12.3597 -12.19057
2017 12 -12.06595 -12.05953 -12.06223 -12.04892 -12.01884 -12.09516 -12.07754 -12.05615 -12.10275 -12.03234 -12.13679 -12.05921 NA -12.16917 -12.21985 -12.31457 -12.26796 -12.19859 -12.22525 -12.29862 -12.31035
2018 1 NA NA NA NA NA NA NA -12.13014 NA NA NA NA NA NA NA NA NA NA NA -12.43277 -12.41084
2018 2 NA NA NA NA NA NA NA NA NA NA NA NA NA NA NA NA NA NA NA NA NA
2018 3 NA NA NA NA NA NA NA NA NA NA NA NA NA NA NA NA NA NA NA NA NA
2018 4 NA NA NA NA NA NA NA NA NA NA NA NA NA NA NA NA NA NA NA NA NA
2018 5 NA NA NA NA NA NA NA NA NA NA NA NA NA NA NA NA NA NA NA NA NA
2018 6 NA NA NA NA NA NA NA NA NA NA NA NA NA NA NA NA NA NA NA NA NA
2018 7 NA NA NA NA NA NA NA NA NA NA NA NA NA NA NA NA NA NA NA NA NA
2018 8 NA NA NA NA NA NA NA NA NA NA NA NA NA NA NA NA NA NA NA NA NA
2018 9 NA NA NA NA NA NA NA NA NA NA NA NA NA NA NA NA NA NA NA NA NA
2018 10 NA NA NA NA NA NA NA NA NA NA NA NA NA NA NA NA NA NA NA NA NA
2018 11 NA NA NA NA NA NA NA NA NA NA NA NA NA NA NA NA NA NA NA NA NA
2018 12 NA NA NA NA NA NA NA NA NA NA NA NA NA NA NA NA NA NA NA NA NA
2019 1 NA NA NA NA NA NA NA NA NA NA NA NA NA NA NA NA NA NA NA NA NA
2019 2 NA NA NA NA NA NA NA NA NA NA NA NA NA NA NA NA NA NA NA NA NA
2019 3 NA NA NA NA NA NA NA NA NA NA NA NA NA NA NA NA NA NA NA NA NA
2019 4 NA NA NA NA NA NA NA NA NA NA NA NA NA NA NA NA NA NA NA NA NA
2019 5 NA NA NA NA NA NA NA NA NA NA NA NA NA NA NA NA NA NA NA NA NA
2019 6 NA NA NA NA NA NA NA NA NA NA NA NA NA NA NA NA NA NA NA NA NA
2019 7 NA NA NA NA NA NA NA NA NA NA NA NA NA NA NA NA NA NA NA NA NA
2019 8 NA NA NA NA NA NA NA NA NA NA NA NA NA NA NA NA NA NA NA NA NA
2019 9 NA NA NA NA NA NA NA NA NA NA NA NA NA NA NA NA NA NA NA NA NA
2019 10 NA NA NA NA NA NA NA NA NA NA NA NA NA NA NA NA NA NA NA NA NA
2019 11 NA NA NA NA NA NA NA NA NA NA NA NA NA NA NA NA NA NA NA NA NA
2019 12 NA NA NA NA NA NA NA NA NA NA NA NA NA NA NA NA NA NA NA NA NA
2020 1 NA NA NA NA NA NA NA NA NA NA NA NA NA NA NA NA NA NA NA NA NA
2020 2 NA NA NA NA NA NA NA NA NA NA NA NA NA NA NA NA NA NA NA NA NA
2020 3 NA NA NA NA NA NA NA NA NA NA NA NA NA NA NA NA NA NA NA NA NA
2020 4 NA NA NA NA NA NA NA NA NA NA NA NA NA NA NA NA NA NA NA NA NA
2020 5 NA NA NA NA NA NA NA NA NA NA NA NA NA NA NA NA NA NA NA NA NA
2020 6 NA NA NA NA NA NA NA NA NA NA NA NA NA NA NA NA NA NA NA NA NA
2020 7 NA NA NA NA NA NA NA NA NA NA NA NA NA NA NA NA NA NA NA NA NA
2020 8 NA NA NA NA NA NA NA NA NA NA NA NA NA NA NA NA NA NA NA NA NA
2020 9 NA NA NA NA NA NA NA NA NA NA NA NA NA NA NA NA NA NA NA NA NA
2020 10 NA NA NA NA NA NA NA NA NA NA NA NA NA NA NA NA NA NA NA NA NA
2020 11 NA NA NA NA NA NA NA NA NA NA NA NA NA NA NA NA NA NA NA NA NA
2020 12 NA NA NA NA NA NA NA NA NA NA NA NA NA NA NA NA NA NA NA NA NA
