year month SPO_NOAA_insitu SPO_NOAA_flask SPO_SIO_O2_flask SPO_SIO_CDK_flask SPO_CSIRO_flask HBA_NOAA_flask SYO_NOAA_flask SYO_TU_insitu MAA_CSIRO_flask CYA_CSIRO_flask PSA_NOAA_flask PSA_SIO_O2_flask DRP_NOAA_flask MQA_CSIRO_flask CRZ_NOAA_flask BHD_NIWA_insitu CGO_NOAA_flask CGO_SIO_O2_flask CGO_CSIRO_flask AMS_LSCE_insitu CPT_SAWS_insitu
1998 1 406.2676 406.2487 406.2332 406.2311 406.188 406.2586 NA 406.2479 406.267 406.2783 406.2825 406.3426 NA 406.2823 406.221 NA 406.5293 406.5338 406.5389 406.4513 406.6943
1998 2 406.4575 406.4182 406.359 406.3595 406.3347 406.4016 NA 406.4725 406.4864 406.524 406.5808 406.5694 NA 406.6605 406.4869 406.9411 406.6016 406.5816 406.5888 406.7847 407.2613
1998 3 406.6921 406.6312 406.6303 406.6312 406.6059 406.6737 NA 406.7073 406.6514 406.7112 406.8421 406.7784 NA 406.7728 406.757 407.3021 407.0055 407.198 406.932 406.9726 407.3883
1998 4 406.9633 406.914 406.8746 406.874 406.8006 406.9433 NA 406.9834 407.0642 406.9854 407.0268 407.1852 NA 407.056 407.2005 407.4696 407.2254 407.2946 407.1759 407.3799 407.6862
1998 5 407.3284 407.2781 407.2481 407.2519 407.1833 407.3397 NA 407.3224 407.3151 407.4127 407.4742 407.4424 NA 407.4596 407.3809 NA 407.6746 407.3129 407.6848 407.5782 407.8405
1998 6 407.6643 407.595 407.6068 407.6088 407.4908 407.6557 NA 407.6572 407.6957 407.6757 407.7843 407.6822 NA 407.8242 407.7101 407.9904 407.7954 407.7734 407.83 407.8228 408.2448
1998 7 407.9403 407.9672 407.8502 407.8495 407.7677 407.9688 NA 407.9701 408.0293 407.8673 407.9622 407.9844 NA 407.9653 407.9882 408.254 408.1351 408.1804 408.0848 408.2012 408.476
1998 8 408.2499 408.2188 408.2168 408.2069 408.1236 408.2784 NA 408.2921 408.3502 408.2806 408.323 408.3234 NA 408.2495 408.2648 408.6044 408.7115 408.9068 408.7155 408.4899 408.7213
1998 9 408.5441 408.5198 408.4596 408.461 408.461 408.5478 NA 408.5657 408.5481 408.5174 408.521 408.462 NA 408.6526 408.5323 408.716 408.6764 408.7248 408.7272 408.7506 408.9155
1998 10 408.7815 408.7727 408.753 408.758 NA 408.8044 NA 408.7947 408.7858 408.7724 408.8095 408.7622 NA 408.9517 408.9269 NA 408.9645 408.9144 408.9635 408.9804 409.2011
1998 11 409.007 409.0237 409.0064 409.0074 409.0099 409.0049 NA 409.0233 408.9925 409.0253 409.0467 409.0989 NA 409.0877 409.1071 409.2389 409.3038 409.3888 409.352 409.1836 409.3853
1998 12 409.1879 409.1902 409.1724 409.1724 NA 409.2007 NA 409.1939 409.2201 409.1907 409.218 409.272 NA 409.3495 409.2655 409.4219 409.3623 409.2691 409.3574 409.397 409.6348
1999 1 409.3848 409.362 409.3795 409.38 409.2546 409.3874 409.4273 409.3726 409.3516 409.3649 409.4736 409.393 NA 409.4229 409.408 409.9412 409.771 410.0341 409.6652 409.5947 409.9199
1999 2 409.5814 409.5547 409.5184 409.5692 409.4431 409.5791 409.6284 409.5923 409.5684 409.6257 409.5875 409.6029 NA 409.8258 NA 409.8442 409.9537 409.9004 409.8742 409.8578 410.1108
1999 3 409.8212 409.7393 409.7421 409.6683 409.6683 409.8588 409.8494 409.8645 409.8802 409.837 410.0015 409.9495 NA 409.8357 410.0207 410.2606 410.1942 410.2145 410.1701 410.2013 410.5266
1999 4 410.1213 410.1059 410.0673 410.1029 410.0302 410.1935 410.0149 410.1167 410.1382 NA 410.2971 410.269 NA 410.2881 NA 410.5193 410.4853 410.6111 410.4343 410.4983 410.8195
1999 5 410.4698 410.4582 410.3574 410.3573 410.2565 410.4699 410.4312 410.473 410.4823 410.5497 410.552 410.5736 NA 410.5335 410.6142 410.6422 410.7927 410.6747 410.7955 410.6883 411.0742
1999 6 410.7673 410.7499 410.7341 NA NA 410.7232 410.6781 410.7729 410.7447 410.7835 410.8369 410.8643 NA 411.0232 410.9189 411.1165 411.0888 410.9942 411.0485 411.005 411.3045
1999 7 411.0287 411.0129 410.9675 410.9675 410.9059 411.041 410.9806 411.0317 411.0457 411.058 411.1461 411.1059 NA 411.1813 NA 411.2339 411.4382 NA 411.2858 411.2011 411.5621
1999 8 411.3794 411.335 411.2892 411.2892 411.2208 411.3453 411.3719 411.3932 411.3236 411.3995 411.3461 411.3515 NA 411.416 NA 411.6836 411.768 411.6361 411.7805 411.5664 411.7943
1999 9 411.6771 411.6469 411.6196 411.6203 411.5644 411.686 411.6537 411.6722 411.5785 411.6337 411.7133 411.7356 NA 411.8264 NA 411.9279 412.0464 412.1306 412.1235 411.8626 412.0422
1999 10 411.9491 411.9155 411.8832 411.8831 411.799 411.9333 411.9115 411.9238 411.9317 412.0011 411.9689 412.0128 NA 412.0009 NA NA 412.1874 412.1975 412.1827 412.1156 412.4233
1999 11 412.1297 412.1065 412.1318 412.0852 412.0874 412.1173 412.1366 412.1271 412.1328 412.1595 412.1583 412.2376 NA 412.1779 NA 412.3414 412.2635 412.2652 412.2078 412.2669 412.5094
1999 12 412.2809 412.2877 412.2515 412.2474 412.257 412.2844 412.294 412.2743 412.2837 412.2932 412.3357 412.3965 NA 412.264 412.3711 412.4177 412.5387 412.5657 412.5087 412.4878 412.9048
2000 1 412.4266 412.4656 412.4264 412.4269 412.3702 412.4493 412.41 412.4504 NA 412.4229 412.4306 412.4036 NA 412.463 NA 412.6166 412.843 413.1619 412.9222 412.7292 412.9427
2000 2 412.6235 412.6594 412.5846 412.6418 412.5243 412.6796 412.6301 412.6332 412.7647 412.527 412.7509 412.8204 NA 412.752 412.9046 413.1594 413.299 413.3911 413.132 412.9763 413.4361
2000 3 412.9897 412.9797 412.9189 NA 412.8496 412.9561 413.0245 412.9124 412.8514 412.867 413.0024 413.1033 NA 412.9177 413.098 413.2125 413.2385 413.279 413.2815 413.3095 413.8702
2000 4 413.2656 413.2346 413.1736 413.174 413.1095 413.25 413.3035 413.3066 413.2947 413.1791 413.3641 413.3828 NA 413.6619 413.356 413.5565 413.8068 413.8284 413.8096 413.5981 414.06
2000 5 413.5957 413.5762 413.5309 413.5306 413.5046 413.6461 413.6277 413.5895 413.5326 NA 413.6961 413.6611 NA 413.7585 413.8151 414.1501 413.8687 413.7712 413.8768 413.8981 414.2734
2000 6 413.9479 413.9163 413.8749 413.8753 413.7974 413.9543 414.0518 413.9656 413.873 NA 413.9693 413.9655 NA 414.0879 414.1325 414.5896 414.2949 414.2196 414.3166 414.2131 414.5543
2000 7 414.2522 414.2587 414.1849 414.1863 414.1409 414.255 414.3305 414.2682 414.2105 NA 414.274 414.3644 NA 414.3206 414.2945 414.4243 414.5193 414.5892 414.514 414.4948 414.8346
2000 8 414.5501 414.5265 414.4893 414.4893 414.4516 414.5078 414.6037 414.5498 414.4294 NA 414.6172 414.6836 NA 414.5456 414.5463 414.839 414.7903 414.7592 414.7701 414.7461 415.1953
2000 9 414.8154 414.7958 414.7467 414.747 414.6984 414.8354 414.8434 414.8016 414.8464 NA 414.8122 414.9006 NA 414.8636 414.7206 415.0013 415.0396 415.0801 414.9544 415.0529 415.143
2000 10 415.07 415.0753 415.0389 415.0375 NA 415.0564 414.9695 415.0528 415.0105 NA 415.0811 415.1125 NA 415.1072 415.1371 415.1773 415.2214 415.1543 415.2621 415.2008 415.4796
2000 11 415.2636 415.21 415.2008 415.2014 415.1511 415.2491 415.2486 415.2483 415.2483 NA 415.2929 415.2697 NA 415.2844 415.3376 415.327 415.5862 415.4877 415.5218 415.3737 415.6338
2000 12 415.3832 415.3789 415.3634 415.3629 415.3297 415.3825 415.4052 415.3877 415.3712 NA 415.4494 415.4716 NA 415.4502 415.3912 415.6181 415.5156 415.4943 415.5308 415.5818 415.8131
2001 1 415.6001 415.5387 415.5354 415.5359 415.4677 415.6079 415.7351 415.6255 415.5873 NA 415.6483 415.5489 NA 415.7369 415.854 NA 416.0677 415.9916 416.0712 415.8426 416.1287
2001 2 415.8204 NA 415.7562 415.7552 415.7169 415.867 415.9042 415.8723 415.8857 NA 415.9215 415.9585 NA 416.0692 415.9384 NA 416.2091 416.2816 416.2953 416.1585 416.4475
2001 3 416.0762 NA 416.0769 415.9915 415.907 416.0856 415.9873 416.0821 416.1401 NA 416.1885 416.2304 NA 416.3577 416.2271 416.4058 416.4297 416.5126 416.4416 416.5133 416.8768
2001 4 416.4304 NA 416.3504 416.3543 416.2375 416.4212 416.6045 416.4593 416.4562 NA 416.5073 NA NA 416.6645 416.5494 416.7397 416.557 416.7046 416.6053 416.6921 417.1353
2001 5 416.7592 NA 416.7155 416.6412 416.5671 416.7205 416.8583 416.7579 416.8161 NA 416.8887 NA NA 416.9837 416.9311 416.9543 417.1413 417.1496 417.0977 417.0836 417.3945
2001 6 417.0665 NA 417.0295 417.03 416.9982 417.0155 417.0409 417.089 417.0683 NA 417.1396 NA NA 417.1045 417.2358 417.3631 417.3699 417.4692 417.3679 417.312 417.6621
2001 7 417.3575 417.4164 417.2833 417.2834 417.1551 417.3055 417.3293 417.3678 417.2939 NA 417.3924 NA NA 417.7095 417.4515 417.6751 417.6861 417.6644 417.6908 417.5528 417.7878
2001 8 417.6604 417.6214 417.5737 417.5737 417.4693 417.6461 417.6201 417.6646 417.6924 NA 417.6239 NA NA 417.6624 417.783 417.8449 417.7905 417.8608 417.8007 417.9008 418.0823
2001 9 417.9985 417.9517 418.095 417.9431 417.7905 418.0369 417.9486 417.9736 418.0131 NA 418.2985 NA NA 418.0211 418.0988 418.2712 418.2379 418.1647 418.2415 418.2234 418.4137
2001 10 418.2154 418.2304 418.2396 418.2393 418.2416 418.2085 418.272 418.2251 418.2382 NA 418.2862 418.3524 NA 418.2219 418.193 418.668 418.4433 418.4219 418.4497 418.3193 418.6979
2001 11 418.4737 418.4879 418.4568 418.495 418.5015 418.4194 418.4541 418.445 418.431 NA 418.5088 418.4398 NA 418.4141 NA 418.6911 418.7765 418.7791 418.8246 418.5821 418.9597
2001 12 418.6425 418.6556 418.5796 418.619 NA 418.6108 418.6353 418.6348 418.6177 NA 418.6438 418.7321 NA 418.7913 NA 418.8938 418.7929 418.7909 418.7915 418.7891 418.9603
2002 1 418.8419 418.8058 418.7782 418.7779 NA 418.7737 418.8648 418.8374 418.8774 418.992 418.8097 418.7176 NA 418.8271 NA 419.0572 419.021 NA 419.0204 419.0695 419.2263
2002 2 419.0162 419.0037 418.9394 418.9586 NA 419.0363 419.0567 419.0359 418.9743 419.1964 419.1434 418.9687 NA 419.1361 NA 419.3215 419.286 419.3903 419.3252 419.3723 419.6672
2002 3 419.3624 419.3259 419.2419 419.2419 419.3234 419.2923 419.4016 419.3674 419.2402 419.2111 419.4526 419.4155 NA 419.336 NA 419.7246 419.6646 419.4934 419.684 419.6319 420.143
2002 4 419.7545 419.7669 419.6973 419.697 419.5701 419.7207 419.7833 419.6712 419.7041 NA 419.7347 419.9288 NA 419.8121 419.8983 419.9498 419.8551 419.8588 419.8527 419.9613 420.3491
2002 5 420.09 420.0621 420.0097 420.0106 420.0786 420.051 420.045 420.118 NA NA 420.018 420.0625 NA 420.1457 NA 420.3444 420.2814 420.4132 420.222 420.2218 420.4002
2002 6 420.3748 420.3743 420.3616 420.3614 420.3155 420.3808 420.3304 420.3808 NA 420.3913 420.4003 420.4304 NA 420.3292 420.5536 420.5779 420.5901 420.5922 420.6001 420.5186 420.7509
2002 7 420.6606 420.6344 420.5906 420.591 420.5367 420.6458 420.6309 420.6734 NA 420.6924 420.7931 420.8002 NA 420.7903 420.8178 420.9219 421.0315 421.0726 420.8324 420.8822 421.1097
2002 8 420.9962 420.9451 420.9191 420.918 420.7846 421.0238 420.9854 420.9853 NA 420.8886 421.0534 421.0173 NA 421.1341 421.0702 421.2358 421.1168 421.0774 421.1225 421.163 421.4377
2002 9 421.2814 421.2742 421.2358 421.2363 421.1694 421.2674 421.2016 421.2569 NA 421.214 421.3667 421.4634 NA 421.5047 421.3585 421.4951 421.3887 421.3711 421.3837 421.5323 421.8208
2002 10 421.5532 421.5278 421.5074 421.5074 421.4472 421.5317 421.5077 421.551 NA 421.5615 421.5714 421.5368 NA 421.6943 421.6067 421.5913 421.8396 421.6871 421.73 421.6894 421.8869
2002 11 421.7374 421.7624 421.706 421.7734 421.7143 421.7334 421.7062 421.7253 421.7032 421.6514 421.7502 421.7324 NA 421.7677 421.8432 421.911 421.9774 421.9514 422.0077 421.9356 422.0144
2002 12 421.8994 421.8819 421.8483 421.8686 421.8481 421.8938 421.936 421.8529 421.9214 421.9414 421.9997 421.9951 NA 421.9954 NA 422.127 422.0495 422.0209 422.0449 422.0991 422.3768
2003 1 422.1069 422.0758 422.0533 422.0536 422.0409 422.0766 422.1407 422.1336 422.0863 422.1251 422.1222 422.1011 NA 422.2217 422.5325 422.3669 422.3795 422.4312 422.3488 422.3081 422.5079
2003 2 422.3239 422.2734 422.2292 422.2556 NA 422.3446 422.4485 422.3712 422.2707 422.3207 422.3991 422.3914 NA 422.3397 422.2718 422.5775 422.7642 422.5582 422.7623 422.6792 422.9701
2003 3 422.6308 422.6161 422.5505 422.5504 422.527 422.6014 422.617 422.6626 422.6293 422.7282 422.7981 422.7491 NA 422.6197 NA 422.9975 423.0469 422.9295 423.0359 422.9028 423.2089
2003 4 422.9638 422.8514 422.8603 422.8598 422.7651 422.899 422.8628 422.9344 422.924 422.9582 423.0545 423.1272 NA 423.0536 NA 423.1974 423.1402 423.2656 423.1838 423.2048 423.8071
2003 5 423.2499 423.2297 423.161 423.1609 NA 423.2231 423.279 423.2292 423.2137 423.2832 423.3636 423.4189 NA 423.381 NA 423.9 423.7667 423.6803 423.7261 423.4692 423.8616
2003 6 423.5752 423.5679 423.4974 423.4982 423.4358 423.6436 423.6433 423.5921 423.6077 423.5634 423.6444 423.6258 NA 423.6169 NA 423.8142 423.7388 423.8752 423.7773 423.8093 424.1161
2003 7 423.8853 423.8761 423.829 423.8288 423.7216 423.8663 423.8412 423.9025 423.8472 423.9867 423.9585 423.8822 NA 424.1822 423.8877 424.0522 424.1541 424.2168 424.1325 424.1995 424.4877
2003 8 424.2487 424.1901 424.1244 424.1245 424.0238 424.2775 424.2005 424.2554 424.2128 424.2783 424.2923 424.2622 NA 424.3326 424.3911 424.5412 424.3871 424.3855 424.3787 424.4309 424.6063
2003 9 424.5374 424.5528 424.4825 424.4803 424.3873 424.5205 424.5409 424.5467 424.5884 424.5455 424.6108 424.4899 NA 424.5683 424.59 424.7631 424.6453 424.7925 424.7031 424.799 424.9473
2003 10 424.7906 424.7722 424.7538 424.7537 424.7358 424.7869 424.781 424.7733 424.8167 424.7289 424.8175 424.8449 NA 424.7984 424.8135 425.1126 424.9229 424.9176 424.9327 425.0066 425.2579
2003 11 425.0193 425.0044 424.9755 424.9751 424.9165 424.9884 425.0391 425.0194 NA 425.0471 425.0069 425.1492 NA 425.1253 425.0232 425.2099 425.3807 425.2639 425.288 425.2346 425.4287
2003 12 425.2044 425.1824 425.1469 425.07 425.0764 425.1916 425.1803 425.2102 425.1924 425.2317 425.2417 425.1773 NA 425.192 425.1937 425.4356 425.3163 425.2796 425.5354 425.4433 425.526
2004 1 425.4599 425.3974 425.359 425.3495 425.3175 425.4333 425.3904 425.3821 425.5564 425.3751 425.4775 425.3502 NA 425.5529 425.4017 425.7277 425.5503 425.5618 425.5555 425.6312 425.9299
2004 2 425.6222 425.6549 425.5468 425.5466 NA 425.5694 425.6182 425.7129 425.6763 425.6441 425.7792 425.8045 NA 425.8784 425.6206 425.8912 425.9233 425.875 425.9397 425.865 426.2468
2004 3 425.9362 425.9365 425.9244 425.9245 425.8791 425.9652 425.942 425.9658 425.9592 425.828 425.9499 426.0828 NA 425.9214 425.9543 426.2907 426.208 426.1396 426.1766 426.2009 426.5746
2004 4 426.3394 426.3066 426.2674 426.2675 426.1244 426.289 426.3193 426.3238 426.3447 426.3053 426.3721 426.4495 NA 426.4977 426.4186 426.7448 426.7009 426.8321 426.7426 426.681 427.3223
2004 5 426.6622 426.6685 426.5804 426.5802 426.4827 426.6879 426.6062 426.6566 426.6648 426.6236 426.8123 426.8041 NA 426.8606 426.687 427.1158 427.007 426.9936 427.0757 426.9325 427.6963
2004 6 427.0414 427.0789 426.9624 426.9695 426.8626 427.0622 427.0344 427.0541 427.0727 427.0843 427.0969 427.1274 NA 427.1937 427.2404 427.5518 427.3724 427.2918 427.338 427.2809 427.75
2004 7 427.349 427.3497 427.2933 427.2944 427.2322 427.3781 427.3299 427.376 427.3823 427.4409 427.4508 427.468 NA 427.5493 427.4271 427.7241 427.5727 427.6355 427.5785 427.5781 427.9655
2004 8 427.6648 427.5925 427.6144 427.5941 427.5343 427.6614 427.7161 427.6815 427.6824 427.6858 427.7791 427.6765 NA 427.9107 427.618 427.7275 428.0437 428.0723 428.1022 428.1177 428.353
2004 9 428.0586 428.06 428.0287 427.9992 NA 427.9691 427.9712 428.0178 428.0735 428.0532 428.1606 428.1531 NA 428.1688 428.1235 428.7387 428.3658 428.2948 428.3955 428.2597 428.5204
2004 10 428.3337 428.3099 428.2682 428.2679 428.2018 428.3576 428.2557 428.3162 428.3327 428.3442 428.3929 428.4204 NA 428.3427 428.3571 428.3471 428.6042 428.5499 428.6397 428.5403 428.8413
2004 11 428.5227 428.5042 428.5059 428.494 428.4488 428.5148 428.4128 428.5292 428.544 428.4911 428.6755 428.6645 NA 428.8061 428.5784 428.7447 428.9238 428.717 428.7052 428.7876 429.0565
2004 12 428.7638 428.7451 428.7758 428.7273 428.7001 428.7342 428.8186 428.7789 428.7851 428.7699 428.7886 428.8074 NA 428.8799 428.7857 428.8236 429.0326 428.8786 429.0075 428.9521 429.1865
2005 1 428.9663 428.949 428.9636 428.9633 428.9096 428.961 428.9442 428.9729 428.9957 428.9956 429.026 429.0117 NA 429.008 429.1619 NA 429.331 429.2566 429.3039 429.2582 429.5278
2005 2 429.2096 429.1905 429.2428 429.2057 429.1038 429.1245 429.21 429.2306 429.1774 429.2341 429.2914 429.3746 NA 429.4366 429.4194 NA 429.4829 429.3355 429.5012 429.4528 429.8609
2005 3 429.5275 429.4906 429.4766 429.499 429.4157 429.5249 429.6246 429.5801 429.4518 429.4396 429.5403 429.542 NA 429.4616 429.7158 429.8768 429.7999 429.7915 429.7591 429.8811 430.2984
2005 4 429.8786 429.8707 429.7712 429.7717 429.6831 429.9132 429.9207 429.869 429.8111 429.8457 429.967 429.9245 NA NA 430.1575 NA 430.2169 430.0505 430.3371 430.2068 430.6393
2005 5 430.2585 430.2415 430.1838 430.1815 430.1223 430.2129 430.2597 430.2674 430.3089 430.26 430.3854 430.4429 NA 430.0789 430.393 NA 430.6871 430.7392 430.7039 430.5159 430.8786
2005 6 430.6038 430.5915 430.5975 430.5963 430.6059 430.5854 430.5149 430.6223 430.609 430.6679 430.7195 430.7017 NA 430.7693 430.7939 NA 430.8977 431.0432 430.8508 430.8617 431.0854
2005 7 430.9309 430.9398 430.8998 NA NA 430.9308 430.9958 430.9445 430.9475 430.9585 431.0305 431.0191 NA 431.0522 431.2106 NA 431.1577 431.259 431.3351 431.2311 431.6607
2005 8 431.2863 431.2885 431.231 NA 431.0928 431.2977 431.4103 431.2801 431.2969 431.2712 431.3965 431.5092 NA 431.5061 431.3408 431.5124 431.3782 431.3679 431.245 431.5379 431.7293
2005 9 431.6579 431.6411 431.5875 431.5863 431.4833 431.668 431.645 431.6549 431.602 431.6979 431.7939 431.8431 NA 431.6725 431.6997 NA 431.794 431.9109 431.7273 431.9233 432.1579
2005 10 431.9572 431.9663 431.9119 431.9128 431.7646 431.9308 431.8997 431.9289 431.958 431.9727 431.9379 431.9548 NA 431.8382 432.1811 NA 432.2156 432.1188 432.0594 432.1812 432.3714
2005 11 432.1937 432.1649 432.1346 432.1345 NA 432.1795 432.195 432.1672 432.1535 432.184 432.234 432.2937 NA 432.2303 432.2908 NA 432.2419 432.2211 432.222 432.3754 432.6307
2005 12 432.4584 432.405 432.3796 432.2761 432.2747 432.4016 432.48 432.4841 432.4383 432.4313 432.476 432.5807 NA 432.6482 432.4455 NA 432.6545 432.6263 432.6268 432.7266 432.7796
2006 1 432.6348 432.6141 432.6457 432.6139 432.535 432.6582 432.5904 432.6331 432.5904 432.6417 432.6852 432.6408 NA 432.6098 432.7695 433.3675 433.0185 433.0284 432.9273 432.9677 433.269
2006 2 432.845 432.8096 432.7983 432.7986 432.7451 432.802 432.8852 432.8404 432.8655 432.8389 432.944 432.9028 NA 432.9891 433.2406 NA 433.1284 433.1409 433.0992 433.297 433.7049
2006 3 433.2046 433.1837 433.0653 433.0764 432.9622 433.2697 433.208 433.2135 433.1965 433.1603 433.2941 433.3629 433.4227 NA 433.4308 433.7135 433.5051 433.5754 433.558 433.5723 433.8291
2006 4 433.5988 433.5754 433.5171 NA 433.4257 433.5784 433.5469 433.5823 433.5648 433.5034 433.5994 433.8134 433.5118 433.6589 433.5989 434.2004 433.7355 433.7539 433.743 433.9732 434.3613
2006 5 433.9181 433.864 433.8401 433.8432 433.7651 433.9623 433.9516 434.0071 433.8492 433.9512 433.9601 433.9205 434.0801 434.1202 434.1215 434.3066 434.1662 433.9476 434.3629 434.3245 434.5961
2006 6 434.2929 434.2387 434.2151 434.2135 434.0864 434.3668 434.3206 434.3082 NA 434.3358 434.3508 434.4003 434.5189 434.6138 434.4468 434.6743 434.7492 434.6788 434.7488 434.6912 435.1286
2006 7 434.6554 434.6252 434.559 434.5621 434.4578 434.6816 434.6332 434.6609 434.7891 434.7808 434.6793 434.7121 NA 434.9223 434.8526 435.0144 434.9188 435.0037 434.8076 434.9959 435.3273
2006 8 435.0593 435.0179 434.9526 434.9561 NA 435.0369 435.0049 435.053 435.0531 435.121 435.0931 435.1562 435.039 435.1334 435.1841 435.3025 435.4039 435.3334 435.2579 435.255 435.6779
2006 9 435.385 435.3604 435.3121 435.3129 NA 435.3948 435.2434 435.3901 435.434 435.475 435.4682 435.3712 435.5591 435.8101 435.3949 435.7787 435.6148 435.5605 435.682 435.6834 436.0253
2006 10 435.7494 435.7101 435.6637 435.6832 435.5469 435.7026 435.6966 435.7089 435.7403 435.7873 435.8011 435.6921 435.7889 435.7601 435.8391 436.1013 435.885 435.8751 435.8371 435.8795 436.1988
2006 11 435.9953 435.9508 435.9389 435.925 435.8754 435.9946 436.0374 435.999 435.9437 436.0257 436.0361 435.9466 435.9563 436.0136 436.0353 436.2661 436.2671 436.1176 436.2678 436.1847 436.4485
2006 12 436.1735 436.1513 436.1582 NA 436.1405 436.1665 436.2532 436.2151 436.2161 436.2077 436.2517 436.2639 436.2037 436.2606 436.3691 436.3137 436.4281 436.4724 436.3843 436.4871 436.609
2007 1 436.45 436.4319 436.3939 436.3768 436.326 436.4511 436.4236 436.4357 436.4798 436.4303 436.5106 436.381 436.4353 436.5296 436.511 436.726 436.7463 436.633 436.7672 436.7363 437.0287
2007 2 436.6511 436.6406 436.6211 436.6207 436.5525 436.6227 436.7774 436.7018 436.8032 436.7354 436.7665 436.8205 436.7694 436.8926 436.864 437.155 437.0569 437.0559 437.053 436.9705 437.4069
2007 3 437.0551 436.9852 437.0026 436.9338 436.862 437.0645 436.9864 437.0478 436.9897 436.9482 437.1705 437.3827 437.3281 437.1954 437.1544 437.6792 437.5536 438.0309 437.5152 437.5106 437.6963
2007 4 437.4336 437.389 437.3469 437.3887 437.3012 437.3842 437.438 437.5035 437.4806 437.463 437.4657 437.5489 437.4012 437.465 437.7054 437.9452 NA NA NA 437.7629 438.2261
2007 5 437.8624 437.8023 437.7134 437.7136 437.6346 437.8401 437.8762 437.8809 437.8513 437.8474 437.9372 437.7893 437.8458 438.2977 437.8584 438.3556 438.0788 438.1345 438.0349 438.1227 438.4727
2007 6 438.205 438.1689 438.1147 438.1154 438.0614 438.3388 438.2701 438.2421 438.2935 438.042 438.2611 438.2356 438.1987 438.2871 438.4201 438.5026 438.525 438.3702 438.4587 438.4132 438.6979
2007 7 438.5616 438.5328 438.4963 438.496 438.3774 438.5668 438.5302 438.5966 438.5873 438.5992 438.5709 438.5759 NA 438.6974 438.7042 438.831 439.0106 438.79 438.875 438.9064 439.1647
2007 8 438.9588 438.9127 438.9399 438.8633 438.8154 438.9581 438.9377 438.9395 439.0022 439.0343 439.0119 439.0682 NA 439.1345 439.0862 438.9813 439.3397 439.2027 439.1721 439.2349 439.4183
2007 9 439.2716 439.2333 439.1792 439.1797 NA 439.3117 439.2685 439.2844 439.2503 NA 439.4601 439.4545 439.4916 439.7736 439.6618 439.5974 439.4905 439.4971 439.5509 439.58 439.8874
2007 10 439.6337 439.5808 439.5456 439.5435 439.4516 439.6261 439.5897 439.623 NA 439.8409 439.6637 439.5433 439.6712 439.5522 439.7436 439.8142 439.913 439.6765 439.9194 439.8634 440.1524
2007 11 439.8952 439.8716 439.8503 439.8494 NA 439.9084 439.9396 439.9436 NA 439.9132 439.8928 439.9592 439.9367 439.8757 439.9341 440.1544 440.1591 440.1632 440.1697 440.1341 440.2821
2007 12 440.1545 440.1362 440.1127 440.1119 440.0232 440.1575 440.1423 440.1788 NA 440.2632 440.192 440.1517 440.1933 440.1905 440.2788 440.5518 440.3433 440.3315 440.3713 440.3677 440.6739
2008 1 440.395 440.3472 440.3637 440.3635 440.3332 440.4049 440.4326 440.405 NA 440.3417 440.464 440.4244 440.3401 440.4687 440.5233 440.8162 440.735 440.7939 440.9141 441.0611 441.0705
2008 2 440.6744 440.6303 440.5506 440.5522 NA 440.7109 440.7062 440.6615 NA 440.7582 440.8629 441.5046 440.7441 440.9063 440.7731 441.0727 441.112 441.0234 441.1216 441.0707 441.558
2008 3 441.0892 441.0303 440.9589 440.9579 NA 441.0609 441.153 441.0904 440.9181 440.9528 441.3165 441.087 441.3285 NA 441.4387 441.5447 441.7074 441.5452 441.7689 441.4775 442.0199
2008 4 441.5358 441.4327 441.4598 441.4606 NA 441.476 441.527 441.5391 441.4109 441.467 441.5511 441.6009 441.5472 NA 441.4552 441.8634 441.9247 441.9016 441.9203 441.8437 442.2579
2008 5 441.9152 441.8328 441.8626 441.8621 441.7693 441.9358 442.0859 441.9164 441.9084 NA 441.9852 442.0095 442.1847 NA 442.1915 442.083 442.3503 442.4845 442.4283 442.2255 442.6871
2008 6 442.2528 442.1824 442.2344 442.2358 NA 442.1972 442.2498 442.2556 442.1264 442.324 442.4053 442.4249 442.3986 NA 442.6015 442.6169 442.662 442.7133 442.7023 442.5504 442.9024
2008 7 442.6532 442.5981 442.5673 442.4593 442.8839 442.6814 442.6605 442.6845 NA 442.7234 442.6488 442.8209 442.5814 442.8871 443.0584 443.0816 442.9284 442.824 442.9326 442.9174 443.3549
2008 8 443.0342 442.9792 442.9631 443.0285 443.2124 443.0699 443.0719 443.0505 443.0665 443.0071 443.065 443.0789 442.9802 443.1962 443.0401 443.4753 443.2926 443.1672 443.3047 443.3748 443.561
2008 9 443.406 443.332 443.3004 443.3012 NA 443.3805 443.3878 443.3966 443.3293 443.3325 443.5024 443.5537 443.4746 443.4646 443.5545 443.5425 443.5717 443.4827 443.5017 443.6622 443.7994
2008 10 443.6908 443.6713 443.6365 443.6369 443.6766 443.7075 443.6525 443.6768 443.6503 443.61 443.7796 443.8337 443.7173 444.0524 443.7342 NA 443.9198 443.8706 443.908 443.9237 444.223
2008 11 443.966 443.9403 443.889 443.8898 NA 443.9838 443.9706 443.9599 444.0074 443.9413 444.0056 444.0381 NA 444.5148 444.0153 NA 444.1832 444.1933 444.2019 444.1033 444.3802
2008 12 444.191 444.157 444.1205 444.1209 NA 444.2032 444.1811 444.2001 444.1421 444.1539 444.1881 444.2381 NA 444.2165 444.2025 444.4311 444.4452 444.3411 444.4584 NA 444.6788
2009 1 444.4444 444.4296 444.409 444.4168 444.4198 444.4289 444.3427 444.4304 444.4788 444.3199 444.4971 444.4372 444.2984 444.7448 444.5079 444.7872 445.0779 444.6351 445.0591 NA 444.9388
2009 2 444.6959 444.682 444.621 444.6348 NA 444.6196 444.8191 444.7653 444.8013 444.6265 444.8428 444.8861 444.7262 444.8525 444.8172 444.7721 445.7318 NA 445.5168 445.0749 445.5401
2009 3 445.1111 445.0695 445.007 445.0066 NA 445.1268 445.0868 445.1073 445.0973 445.0564 445.1423 445.229 445.2694 445.3925 445.1269 445.5546 445.5521 445.4065 445.5693 445.3165 445.995
2009 4 445.4547 445.412 445.362 445.3592 NA 445.5347 445.4624 445.45 445.4977 445.3581 445.5337 445.614 445.4714 445.5056 445.6241 445.7435 445.997 445.5823 445.8766 446.0252 446.3334
2009 5 445.9197 445.8504 445.8008 445.7984 445.7628 445.9281 445.9738 445.9103 445.9091 445.694 445.9599 445.8859 NA 445.9784 445.9797 446.2822 446.2351 446.054 446.2092 446.1782 446.4855
2009 6 446.2853 446.2361 446.1769 446.1774 446.1311 446.2238 446.2594 446.3201 446.2779 446.3054 446.2986 446.2193 446.4176 446.3945 446.5961 446.725 447.1202 446.8019 447.0472 446.4403 446.8981
2009 7 446.628 446.5844 446.522 446.522 446.461 446.5848 446.6497 446.6403 446.6468 446.692 446.6302 446.6806 NA 446.7248 446.8391 446.7408 446.8825 446.9059 446.912 446.9139 447.2977
2009 8 447.0036 446.9558 446.9351 446.9351 446.9044 446.9467 446.9269 446.9904 447.1069 446.9803 446.9926 447.0639 NA 446.8701 447.2114 447.5987 447.234 447.3423 447.3284 447.3493 447.5354
2009 9 447.3531 447.2992 447.2598 447.2602 447.1887 447.3331 447.3132 447.3709 447.3252 447.3081 447.425 447.3375 NA 447.4 NA 448.1323 447.7608 447.9351 447.8004 447.7195 447.799
2009 10 447.6789 447.6404 447.6065 447.6059 NA 447.6574 447.576 447.6532 447.6766 447.7028 447.6542 447.6359 447.744 447.8541 447.7468 447.894 447.8509 448.0015 447.8411 447.8747 448.2256
2009 11 447.9154 447.8671 447.8489 447.8492 NA 447.8728 447.8485 447.9083 447.9314 447.8998 447.9483 447.9261 NA 448.0051 448.1306 448.3245 448.3687 448.2021 448.2355 448.1839 448.3398
2009 12 448.1398 448.1198 448.1277 448.1285 448.0579 448.1578 448.1375 448.1483 448.2081 448.1233 448.1797 448.1916 448.2912 448.1548 448.18 448.3847 448.3667 448.5215 448.4185 448.3896 448.6013
2010 1 448.3862 448.3388 448.3166 448.3158 448.2125 448.4514 448.3158 448.3927 448.2811 448.3564 448.4161 448.3203 448.2538 448.4596 448.5451 NA 448.6598 448.7107 448.6591 448.6173 448.8969
2010 2 448.6425 448.6247 448.5775 448.5753 448.513 448.5792 448.669 448.671 448.7558 448.6367 448.6824 448.704 448.5846 448.756 448.7551 448.8981 449.235 449.136 449.1969 449.0275 449.4368
2010 3 449.0526 448.9943 448.9186 448.9185 448.8087 449.0452 449.0362 449.0154 449.0831 448.9524 449.1051 449.2349 449.19 449.3157 448.9909 449.4669 449.3134 449.2396 449.2569 449.22 449.8759
2010 4 449.4556 449.4175 449.332 449.3307 449.2341 449.5496 449.4457 449.4443 449.4773 449.4074 449.4801 449.5321 449.532 449.5022 449.5764 449.6079 449.9045 NA 449.7329 449.7294 450.3151
2010 5 449.8448 449.8193 449.7664 449.7657 449.6873 449.7965 449.7964 449.8279 449.7222 449.7132 449.9056 449.7896 449.7085 449.9329 449.8824 450.1398 449.828 449.9797 449.8309 450.1711 450.2273
2010 6 450.2181 450.1878 450.1616 450.1487 449.9744 450.1353 450.2461 450.1848 NA 450.1769 450.2736 450.2906 450.0595 450.2834 450.3589 450.5429 450.584 450.7034 450.5312 450.4906 450.9076
2010 7 450.6219 450.5609 450.4996 450.5 450.4229 450.6558 450.6011 450.6184 NA 450.6203 450.6706 450.6 NA 450.5264 450.7731 451.0065 451.1763 450.8598 451.1756 450.9417 451.3215
2010 8 451.0434 451.0082 450.95 450.95 450.8366 451.0445 451.0167 451.0208 NA 450.9413 451.1072 451.1203 NA 451.1475 451.1421 451.4262 451.2905 451.3755 451.3294 451.3734 451.7412
2010 9 451.4311 451.3487 451.2926 451.2923 451.2049 451.4495 451.4424 451.4433 NA 451.3444 451.5801 451.3455 451.5025 451.5747 451.4475 451.9102 NA 451.5747 451.5947 451.6777 451.9962
2010 10 451.7667 451.7229 451.6693 451.6706 451.5915 451.7571 451.8559 451.7533 NA 451.6369 451.8094 451.7489 451.8013 451.7422 451.9175 451.8613 451.9664 NA 451.9702 452.0155 452.0751
2010 11 452.0415 452.032 452.0142 452.0134 NA 452.0168 451.9738 452.0565 NA 451.9402 452.1232 452.073 452.115 452.2071 452.134 452.2996 452.3421 452.0929 452.2947 452.3076 452.5236
2010 12 452.3125 452.2721 452.1585 452.2379 452.1586 452.2833 452.268 452.3119 NA 452.2396 452.3398 452.2624 NA 452.406 452.3908 452.5342 452.3799 452.4787 452.319 452.576 452.8221
2011 1 452.5888 452.5522 452.5001 452.4999 452.4127 452.5715 452.5456 452.5978 NA 452.5612 452.5484 452.6064 452.67 452.5801 452.6275 452.8153 452.8916 NA 452.8633 452.7798 453.3269
2011 2 452.8859 452.8883 452.8489 452.8494 452.8328 452.8768 452.9417 452.9287 NA 452.7356 452.8356 453.0186 452.9036 453.1299 452.9379 NA 453.2789 453.4858 453.2733 453.2774 453.8872
2011 3 453.2464 453.2255 453.1563 453.1561 453.0387 453.2343 453.3081 453.2852 NA 453.0583 453.3814 453.4451 453.3963 453.3533 453.3449 453.6351 453.4699 453.4957 453.2955 453.7169 454.1752
2011 4 453.7172 453.6684 453.6473 453.646 453.4157 453.7322 453.7194 453.7187 NA 453.6609 453.6833 453.6029 453.6894 NA 454.051 454.412 454.2421 454.3107 NA 454.0376 454.4258
2011 5 454.1605 454.1396 454.1093 454.1094 454.0037 454.1148 454.0916 454.1519 NA 454.0987 454.2188 454.2122 454.0222 NA 454.3588 NA 454.4474 454.3137 454.2981 454.3663 454.8116
2011 6 454.5164 454.4373 454.4066 454.4066 NA 454.5284 454.5108 454.5227 NA 454.4125 454.5507 454.4974 454.475 NA 454.5257 455.0575 454.6777 454.7863 454.6593 454.7402 455.0446
2011 7 454.9506 454.9119 454.8609 454.8598 NA 454.9443 454.966 454.9575 NA 454.8155 455.0331 455.0341 NA NA 455.1441 455.3715 454.9581 455.0455 454.9769 455.2345 455.7134
2011 8 455.335 455.2863 455.1979 455.1973 455.113 455.34 455.3358 455.3326 455.373 455.4285 455.3856 455.251 455.1402 455.4456 455.4388 455.6177 455.6326 455.7267 455.6351 455.5657 455.8777
2011 9 455.7174 455.6662 455.633 455.634 455.5859 455.7806 455.6776 455.7008 455.7558 455.8192 455.8067 455.729 455.992 455.856 455.8162 456.0875 455.9005 455.857 455.8621 456.0566 456.2649
2011 10 456.0539 456.0499 456.007 456.006 456.0017 456.0423 456.0703 456.0493 456.0656 456.1022 456.1234 456.1434 456.2214 456.2219 456.1177 456.5042 456.4699 456.8596 456.5624 456.3702 456.5854
2011 11 456.3632 456.3447 456.2838 456.2698 456.2063 456.2694 456.3395 456.339 456.383 456.3221 456.3199 456.4589 456.4247 456.6477 456.4066 456.8516 456.5486 456.5763 456.5614 456.6373 456.6776
2011 12 456.6064 456.5769 456.5077 456.5367 NA 456.5389 456.6287 456.5963 456.7325 456.5784 456.5939 456.5604 456.6037 456.7528 456.6534 456.9519 456.7799 456.6393 456.7858 456.7093 456.9937
2012 1 456.8095 456.767 456.7405 456.7403 NA 456.7613 456.8445 456.835 456.8566 456.7615 456.8066 456.9693 NA 456.9958 456.9037 457.0471 457.1102 456.8392 456.931 457.1122 457.1511
2012 2 457.12 457.0978 457.0631 457.0416 456.9998 457.0861 457.1985 457.1541 457.1095 457.1006 457.1885 457.0765 457.0947 457.3953 457.1943 457.578 457.6344 457.4791 457.4762 457.5042 457.8988
2012 3 457.5822 457.5469 457.4308 457.4317 457.3 457.5299 457.4502 457.5413 457.4163 457.5198 457.6515 457.5536 457.762 457.8315 457.7609 457.933 457.7315 457.7527 457.6623 457.833 458.4243
2012 4 457.9713 457.8578 457.8656 457.8651 457.7679 458.0102 457.9118 457.9891 458.0159 458.0898 458.1062 457.9516 458.1877 458.4439 458.2637 458.1944 458.5649 458.5843 458.5569 458.3168 458.6575
2012 5 458.4239 458.3838 458.3155 458.3151 NA 458.4467 458.3708 458.4304 458.4642 458.4423 458.5771 458.4228 458.4675 458.5726 458.5153 458.6712 458.7157 458.7779 458.6978 458.7875 459.1042
2012 6 458.8225 458.7594 458.6921 458.6921 458.5949 458.878 458.7259 458.825 458.8013 458.7903 458.8787 458.857 458.8272 459.1329 458.9473 459.0945 459.1988 459.1146 459.0959 459.1344 459.4336
2012 7 459.2317 459.1653 459.1089 459.1089 NA 459.1957 459.2206 459.233 459.2102 459.0749 459.3562 459.303 NA 459.2635 459.4698 459.7033 459.4046 459.5482 459.3879 459.5646 459.7358
2012 8 459.629 459.5796 459.522 459.5219 459.4031 459.683 459.6462 459.651 459.6001 459.5862 459.7572 459.7135 NA 460.0459 459.871 460.1743 460.0157 459.9699 459.815 459.9547 460.0845
2012 9 460.0943 460.0428 459.9955 459.9956 NA 460.0544 460.0145 460.0587 459.9228 459.9981 460.2305 460.1751 460.4249 460.291 460.2564 NA 460.3873 460.3423 460.4779 460.4329 460.6486
2012 10 460.4434 460.4119 460.3901 460.3912 NA 460.3974 460.3528 460.4391 460.3498 460.5409 460.532 460.4809 460.6276 460.5141 460.5752 NA 460.6035 460.6572 460.6041 460.6839 460.9372
2012 11 460.7516 460.7287 460.7368 460.7361 460.6981 460.731 460.7268 460.7611 460.6788 460.6725 460.6945 460.657 460.7556 460.7828 NA NA 460.9609 460.8573 460.9542 460.9141 461.2038
2012 12 460.9812 460.9585 460.9668 460.9662 460.8243 460.9805 461.0122 460.9956 460.9756 460.9525 460.9272 460.9536 460.8924 461.1405 461.0621 NA 461.1382 461.0093 461.1352 461.2437 461.7321
2013 1 461.2723 461.2538 461.2531 461.2534 NA 461.1811 461.1787 461.2782 461.2517 NA 461.3872 461.4592 461.2221 461.6647 461.2592 NA 461.544 461.4943 461.5419 461.5658 461.7751
2013 2 461.5405 461.5145 461.4444 461.4391 NA 461.514 461.6053 461.5627 461.4976 461.7096 461.5005 461.4932 461.8375 461.7819 461.5033 462.1658 462.5413 461.9345 462.4608 461.8617 462.2544
2013 3 461.9543 461.8837 461.8093 461.8032 461.7049 461.8986 461.9253 461.9602 461.8421 461.9087 462.0421 462.044 461.8311 462.1037 462.0007 462.4148 462.3576 462.5897 462.3772 462.3354 462.7319
2013 4 462.4104 462.3456 462.2793 462.2792 462.1445 462.4198 462.6332 462.4015 462.3227 462.2409 462.5484 462.5001 462.4101 462.2906 462.4639 462.9607 462.7917 462.3485 462.751 462.6878 463.0794
2013 5 462.8026 462.7651 462.7251 462.7248 462.6177 462.829 462.7912 462.7828 462.8224 462.6596 462.8592 462.8129 462.8879 462.8746 462.9258 463.1527 463.0368 462.9856 463.0185 463.1532 463.6024
2013 6 463.2992 463.2147 463.2294 463.2295 463.0848 463.359 463.3529 463.2741 463.2212 463.1647 463.2212 463.1753 463.2133 463.3142 463.3549 463.7106 463.3887 463.2989 463.3244 463.654 463.8346
2013 7 463.6643 463.6213 463.5908 463.591 463.5779 463.6452 463.6364 463.6345 463.6263 463.6332 463.7043 463.7503 463.6651 463.5708 463.9634 463.7075 463.9137 464.1988 464.2196 463.9909 464.2422
2013 8 464.0796 464.0423 463.9885 464.082 463.8951 464.0461 464.0398 464.0485 464.0406 464.0417 464.0327 464.0187 NA 464.1367 464.0294 NA 464.4235 464.1109 464.4885 464.4404 464.4936
2013 9 464.506 464.4938 464.4926 464.4927 464.3101 464.4371 464.4418 464.4721 464.4783 464.5538 464.4484 464.4813 464.6418 464.6455 464.5887 NA 464.8772 464.7455 464.7367 464.7611 464.8266
2013 10 464.7783 464.7025 464.6822 464.683 464.6487 464.7368 464.7382 464.7661 464.811 464.6829 464.8209 464.9159 465.1191 464.8712 464.818 NA 464.9866 464.9095 464.9682 465.0352 465.2885
2013 11 465.0273 465.0145 464.9804 464.9453 464.9447 465.0457 465.0727 465.0727 465.1316 464.9223 465.1167 465.083 465.1737 465.1567 464.9867 465.3301 465.2818 465.3551 465.2799 465.3187 465.4876
2013 12 465.3123 465.2731 465.2385 465.2386 465.171 465.2901 465.2621 465.3091 465.2413 465.3163 465.322 465.2977 465.2982 465.4983 465.4723 NA 465.4288 465.5488 465.4037 465.559 465.8669
2014 1 465.5611 465.5407 465.495 465.4948 465.401 465.538 465.556 465.6291 465.5213 465.5915 465.6365 465.5835 465.4192 465.9286 465.8346 NA 465.8077 465.768 465.8334 465.944 466.5184
2014 2 465.8727 465.7646 465.7504 465.7502 465.6227 465.8612 465.8968 465.8917 465.7507 465.9339 465.9567 465.8595 465.9856 466.1199 466.0927 NA 466.5873 466.579 466.5476 466.2718 466.8941
2014 3 466.3959 466.3083 466.2369 466.2368 466.0783 466.3309 466.4543 466.3953 466.0526 466.3214 466.3818 466.2507 466.4843 466.9157 466.6159 466.3855 466.8666 466.79 466.6578 466.9536 467.2222
2014 4 466.9272 466.847 466.8526 466.8524 466.7701 467.0146 466.9059 466.8776 466.7843 466.8533 467.0586 467.1553 466.927 467.2987 467.1735 467.4165 467.7462 467.2391 467.6331 467.3458 467.7194
2014 5 467.3717 467.3296 467.313 467.3125 467.2455 467.3346 467.3383 467.3305 467.2059 467.4051 467.4665 467.4136 467.5762 467.9664 467.4298 468.1816 468.0338 467.7259 467.9299 467.673 468.0062
2014 6 467.7552 467.7342 467.6917 467.8038 467.5793 467.7018 467.6922 467.7543 467.625 467.7559 467.9242 467.8967 468.0099 467.7424 468.0063 468.0718 468.1985 467.9925 468.1293 468.1313 468.2461
2014 7 468.1524 468.0964 468.0471 468.0464 467.9268 468.1337 468.1556 468.1559 468.1643 468.2585 468.1621 468.2444 NA 468.2704 468.4076 468.5916 468.5425 NA NA 468.5157 468.7594
2014 8 468.582 468.52 468.4101 468.41 468.2966 468.6928 468.641 468.5556 468.458 468.5802 468.6627 468.612 468.6819 468.9277 468.6625 469.0767 468.6809 468.4699 468.6047 468.8146 469.2621
2014 9 468.9808 468.9386 468.9343 468.9344 468.8767 468.9578 468.9705 468.9228 468.812 468.9713 469.0788 469.1232 469.0083 468.9811 469.085 469.2901 469.242 469.3094 469.2763 469.2343 469.5894
2014 10 469.2888 469.2682 469.2462 469.2462 469.2521 469.2856 469.2601 469.2711 469.2587 469.3041 469.344 469.3256 469.3151 469.2817 469.5212 469.6435 469.5207 469.6882 469.4606 469.5511 469.8477
2014 11 469.5738 469.5536 469.5504 469.5503 469.5067 469.5742 469.5633 469.5693 469.5671 469.59 469.6152 469.6282 469.7576 469.7177 469.6873 469.5465 469.7603 469.7717 469.7501 469.8338 470.179
2014 12 469.8212 469.7772 469.8045 469.7244 469.6445 469.7977 469.8537 469.8491 469.7809 469.8228 469.8217 469.9019 469.9007 469.9249 NA NA 470.157 470.2228 470.1543 470.2135 470.3891
2015 1 470.0813 470.0677 470.0206 470.0278 469.9914 470.0654 470.0935 470.1138 470.1039 470.0618 470.1099 470.1738 469.8982 470.2008 470.0178 471.0281 470.3886 470.3826 470.3832 470.4278 470.777
2015 2 470.3935 470.3563 470.2948 470.3077 470.2283 470.4229 470.391 470.4264 470.3598 470.4211 470.5499 470.5521 470.5089 470.5051 470.6001 470.9374 471.3421 470.687 471.3002 470.8056 470.9487
2015 3 470.8895 470.7868 470.6794 470.7167 NA 470.8188 470.83 470.8849 470.744 470.859 470.8876 470.9034 471.209 470.7669 471.2671 NA 471.0808 471.1366 471.0808 471.3429 471.7908
2015 4 471.3016 471.282 471.2393 471.2396 471.0926 471.3228 471.2288 471.2917 471.2057 471.2528 471.3301 471.307 471.4185 471.2048 471.4435 NA 471.7523 471.7088 471.7463 471.7982 472.079
2015 5 471.7596 471.7034 471.6523 471.5195 471.5199 471.7712 471.7258 471.7926 471.8504 471.776 471.9235 471.942 471.8087 472.0454 472.0812 472.1163 471.9229 472.1407 471.9654 472.1105 472.6287
2015 6 472.1872 472.1251 472.076 472.1641 471.9831 472.156 472.1716 472.1656 472.2434 472.1489 472.1836 472.1739 472.352 472.346 472.3626 472.4249 472.532 472.5783 472.5135 472.5336 472.9064
2015 7 472.6109 472.5474 472.5137 472.6813 NA 472.6105 472.6632 472.6096 472.5891 472.3769 472.7123 472.5355 NA 472.7368 472.811 472.7163 472.8086 472.9399 472.7277 472.9446 473.3088
2015 8 473.0433 472.9854 472.92 472.9191 472.8691 472.9853 472.991 473.0209 472.9818 473.1272 473.1878 473.1095 NA 473.1161 473.1703 NA 473.1318 473.7014 473.207 473.3882 473.7599
2015 9 473.4481 473.4005 473.368 473.3684 473.2652 473.3753 473.4314 473.4238 473.4849 473.4311 473.4053 473.4916 NA 473.4568 473.5756 473.9162 473.7457 473.7764 473.7935 473.8035 474.0614
2015 10 473.8071 473.7594 473.7231 473.7232 473.6724 473.8158 473.7482 473.7968 473.7767 473.8373 473.772 473.8446 473.8477 473.8843 473.8404 NA 473.7261 473.7426 473.7282 474.066 474.463
2015 11 474.0843 474.0523 474.0154 474.0154 473.9383 474.0635 474.1272 474.1346 473.9731 474.111 474.0893 474.0835 474.1242 474.3444 474.1487 474.2729 474.3774 474.2715 474.3738 474.2842 474.531
2015 12 474.3673 474.2955 474.3069 474.3062 474.2657 474.3588 474.3553 474.365 474.2919 474.4364 474.3445 474.4003 474.4763 474.4082 474.4322 474.7002 474.6201 474.6991 474.6156 474.6816 474.9559
2016 1 474.6009 474.638 474.645 474.6457 NA 474.6099 474.6561 474.6314 474.588 474.7189 474.6682 474.6275 474.5738 474.9568 474.6527 NA 474.9057 474.6942 474.908 474.9924 475.3846
2016 2 474.9151 474.9315 474.9831 474.983 NA 474.9156 474.9258 474.9452 474.8567 474.8042 475.0045 474.9971 474.9809 475.2968 474.9251 475.5311 475.2224 475.3098 475.2029 475.3012 475.5703
2016 3 475.3069 475.2515 475.1979 475.1981 475.091 475.4498 475.2753 475.3309 475.4342 475.3799 475.3924 475.4173 475.5328 475.6041 475.4521 NA 475.8841 NA 475.9287 475.7727 476.066
2016 4 475.7839 475.7307 475.6658 475.6657 NA 475.8174 475.7909 475.7829 475.8619 475.7262 475.7389 475.8394 475.8424 476.2694 475.9657 NA 476.1034 476.0931 476.1003 476.184 476.5742
2016 5 476.2618 476.2166 476.2526 476.1413 476.0478 476.2933 476.1748 476.244 476.2204 476.302 476.3561 476.2717 476.3386 476.2711 476.2786 476.8298 476.5453 476.5075 476.531 476.6085 477.2928
2016 6 476.6584 476.5969 476.6264 NA 476.4946 476.634 476.6614 476.6512 476.5892 476.5975 476.7163 476.6658 477.0563 476.9413 477.2056 477.1812 477.0204 476.8922 477.0232 477.0206 477.2718
2016 7 477.0623 477.0067 476.9589 476.9586 476.8325 477.0739 477.1275 477.0659 477.182 477.0698 476.9796 476.9056 NA 477.202 477.4622 477.3977 477.4243 477.2213 477.4207 477.4023 477.7228
2016 8 477.5128 477.4508 477.39 477.3898 477.2655 477.5116 477.5537 477.5369 477.4455 477.5712 477.6714 477.7347 477.5317 477.5368 477.7584 477.5924 477.6718 477.7375 477.6684 477.757 478.2809
2016 9 477.921 477.8758 477.811 477.811 477.7529 477.9479 477.9128 477.9055 477.8188 477.911 478.0998 478.229 NA 478.0226 478.0291 478.3477 478.2916 478.333 478.2824 478.2596 478.3775
2016 10 478.3037 478.2755 478.2044 478.2044 478.0578 478.3573 478.3408 478.3423 478.3204 NA 478.4018 478.3655 478.3993 478.5991 478.3887 478.727 478.5591 478.46 478.5507 478.518 478.7894
2016 11 478.571 478.544 478.5018 478.5024 478.4666 478.6276 478.5577 478.5826 478.5438 478.6632 478.5972 478.7485 478.6313 478.6754 478.7257 478.9293 478.8082 478.7774 478.7655 478.8339 478.9313
2016 12 478.8102 478.7797 478.7524 478.7531 NA 478.832 478.8156 478.8088 478.8515 478.7576 478.8301 478.8278 478.8501 478.9563 479.0156 479.1359 478.9219 478.9347 478.9257 479.1159 479.3111
2017 1 479.0493 479.0255 479.0271 479.0179 478.9085 479.0843 479.0918 479.0827 479.0981 479.0035 479.0104 479.123 NA 479.2606 479.1509 479.501 479.2777 479.3618 479.2771 479.4139 479.6101
2017 2 479.3662 479.3244 479.2096 479.3426 479.147 NA 479.4051 479.3774 479.395 479.3757 479.4003 479.4671 479.4343 479.2456 480.0628 480.1326 479.8146 479.7522 479.7607 479.7941 480.1648
2017 3 479.7983 479.7363 479.6902 479.6605 NA NA 479.7907 479.8164 479.7278 479.8985 479.7417 479.7006 480.1162 NA 479.947 480.6011 480.399 480.0924 480.0959 480.2761 480.6665
2017 4 480.2797 480.2194 480.1354 480.1352 NA NA 480.3166 480.2525 480.2189 480.3222 480.4977 480.3267 480.3615 NA 480.489 481.3254 481.0548 480.5208 480.4808 480.7788 481.1596
2017 5 480.7771 480.7242 480.6822 480.6842 480.5005 NA 480.908 480.7925 480.7017 480.8314 480.7875 480.8879 480.8704 480.8663 480.7592 481.2232 481.1554 481.2972 480.9562 481.1145 481.6734
2017 6 481.1731 481.1362 481.1344 481.1153 481.0566 NA 481.09 481.1796 481.2232 481.1441 481.1735 481.1601 NA 481.3845 481.2512 481.5533 481.6326 481.5688 481.5292 481.4463 481.8322
2017 7 481.5851 481.4822 481.4593 481.3692 481.3692 NA 481.5743 481.6059 481.5482 481.5363 481.4791 481.7057 481.5992 481.7433 481.7878 481.8737 481.9386 481.8166 481.7921 481.9779 482.4597
2017 8 482.0511 482.0232 482.0243 482.009 481.9533 NA 482.1347 482.0322 482.1264 482.0538 482.0575 482.1342 NA 482.0362 482.1786 482.4625 482.4591 482.2574 482.2551 482.4156 482.5236
2017 9 482.4032 482.3639 482.2818 482.2817 482.173 NA 482.5112 482.4214 482.4268 482.4427 482.4019 482.4523 NA 482.4779 482.574 482.7997 482.7133 482.6429 482.6441 482.6993 483.049
2017 10 482.8341 482.7935 482.7483 482.7485 482.6793 NA 482.8719 482.8038 482.8863 482.7398 482.8896 482.8835 NA 482.8532 483.0605 483.0143 483.1399 483.0249 482.987 483.0311 483.2555
2017 11 483.1445 483.1169 483.0683 NA 482.989 NA 483.232 483.1741 483.2087 483.1494 483.0682 483.0954 NA 483.3763 483.2667 483.4595 483.7227 483.4989 483.4037 483.3818 483.5644
2017 12 483.3735 483.3448 483.3347 483.3264 483.2552 483.5158 483.418 483.409 483.4975 483.4345 483.441 483.4606 NA 483.572 483.5636 483.7385 483.8186 483.5042 483.5882 483.6809 483.98
2018 1 483.7016 483.6873 483.6902 483.6543 483.6347 483.656 483.678 483.6933 483.7291 483.821 483.735 483.5858 483.5403 483.8172 483.8341 483.7978 484.0602 484.1351 484.0479 483.9576 484.3871
2018 2 484.0211 484.0047 483.9615 NA 483.8083 483.8868 484.1875 484.1043 484.0707 484.1393 484.0943 484.1204 484.0071 484.1167 484.4305 484.2194 484.5864 484.7205 484.5161 NA 484.8111
2018 3 484.432 484.3441 484.2565 NA 484.1188 NA 484.3878 484.4245 484.5036 484.321 484.4811 484.4177 484.5141 484.5733 484.5006 484.9111 484.74 484.6116 484.6696 NA 485.1509
2018 4 484.8871 484.8518 484.7749 NA 484.739 NA 484.9205 484.8843 484.9204 484.9104 485.0209 485.011 484.8806 485.1913 484.9646 485.1241 485.4929 485.3295 485.3717 NA 485.6208
2018 5 485.3694 485.3073 485.2827 NA 485.1265 NA 485.3503 485.3501 485.2602 485.2298 485.357 485.2772 485.3739 485.526 485.3545 485.7545 485.8757 486.0738 NA NA 486.0518
2018 6 485.7355 485.7275 485.6577 NA 485.5942 NA 485.8632 485.805 485.7289 485.6887 485.7588 485.9582 486.1195 486.0147 486.0327 486.031 486.2209 486.0919 486.0885 NA 486.5399
2018 7 486.2229 486.1389 486.1138 NA 486.0251 NA 486.2782 486.208 486.0402 486.2828 486.2357 486.1539 NA 486.3736 486.4247 486.7022 486.4546 486.2613 486.4114 NA 487.1018
2018 8 486.6583 486.5811 486.5711 NA NA NA 486.678 486.679 486.6111 486.7431 486.6696 NA NA 486.6533 486.7778 NA 487.0987 486.9776 486.9484 NA 487.107
2018 9 487.0671 487.0143 486.9279 NA 486.833 NA 487.1258 487.0798 487.0605 487.0936 487.108 NA NA 487.1293 487.2592 487.3409 487.3129 487.2708 487.3583 NA 487.5373
2018 10 487.451 487.3982 487.3455 NA 487.2874 NA 487.4438 487.4133 487.3981 487.4023 487.5518 NA 487.5491 487.4999 487.5678 487.8195 487.8751 487.6516 487.6967 NA 488.0793
2018 11 487.7308 487.7336 487.5501 NA 487.5504 NA 487.6556 487.7066 487.701 487.8544 487.7989 NA 487.8918 487.6544 487.7442 488.1038 488.1369 487.8686 488.0648 NA 488.219
2018 12 488.0182 487.9345 NA NA 487.8268 NA 488.0035 488.0022 487.9566 NA 488.1334 NA 488.0018 488.1928 NA 488.5869 488.5977 488.2225 488.4337 NA 488.542
2019 1 488.2335 488.1988 NA NA NA 488.1512 488.2426 NA NA NA 488.2788 NA 488.1387 NA NA NA 488.9731 NA NA NA NA
2019 2 488.6269 488.5653 NA NA NA NA NA NA NA NA 488.6331 NA 488.6165 NA 488.7673 NA 489.3168 NA NA NA NA
2019 3 489.0361 488.9809 NA NA NA NA NA NA NA NA 489.107 NA 489.0883 NA 489.1633 NA 489.466 NA NA NA NA
2019 4 489.4628 489.4218 NA NA NA NA NA NA NA NA 489.5394 NA 489.4331 NA 489.7547 NA 489.6908 NA NA NA NA
2019 5 489.9287 489.8448 NA NA NA NA NA NA NA NA 489.9362 NA 490.0882 NA 490.3057 NA 490.583 NA NA NA NA
2019 6 490.3392 490.2615 NA NA NA NA NA NA NA NA 490.4329 NA NA NA 490.4217 NA 490.8746 NA NA NA NA
2019 7 490.8332 490.7838 NA NA NA NA NA NA NA NA 490.9436 NA NA NA 491.0802 NA 491.115 NA NA NA NA
2019 8 491.223 491.1557 NA NA NA NA NA NA NA NA 491.3354 NA NA NA 491.3072 NA NA NA NA NA NA
2019 9 491.6083 491.5731 NA NA NA NA NA NA NA NA 491.6709 NA NA NA 491.646 NA 491.881 NA NA NA NA
2019 10 491.9865 491.9126 NA NA NA NA NA NA NA NA 492.0141 NA 492.0965 NA 491.9479 NA 492.4098 NA NA NA NA
2019 11 492.2937 492.2837 NA NA NA NA NA NA NA NA 492.3305 NA 492.3794 NA NA NA 492.6095 NA NA NA NA
2019 12 492.5477 492.5193 NA NA NA NA NA NA NA NA 492.5794 NA 492.5938 NA NA NA 492.8941 NA NA NA NA
2020 1 492.8252 492.7951 NA NA NA NA NA NA NA NA NA NA 492.8848 NA NA NA 493.6465 NA NA NA NA
2020 2 493.1823 492.9718 NA NA NA 493.007 NA NA NA NA NA NA 493.1664 NA NA NA 493.789 NA NA NA NA
2020 3 493.6131 NA NA NA NA NA NA NA NA NA NA NA NA NA NA NA 494.3464 NA NA NA NA
2020 4 494.0963 NA NA NA NA NA NA NA NA NA NA NA NA NA NA NA 495.0459 NA NA NA NA
2020 5 494.5474 NA NA NA NA NA NA NA NA NA NA NA NA NA NA NA NA NA NA NA NA
2020 6 NA NA NA NA NA NA NA NA NA NA NA NA NA NA NA NA NA NA NA NA NA
2020 7 NA NA NA NA NA NA NA NA NA NA NA NA NA NA NA NA NA NA NA NA NA
2020 8 NA NA NA NA NA NA NA NA NA NA NA NA NA NA NA NA NA NA NA NA NA
2020 9 NA NA NA NA NA NA NA NA NA NA NA NA NA NA NA NA NA NA NA NA NA
2020 10 NA NA NA NA NA NA NA NA NA NA NA NA NA NA NA NA NA NA NA NA NA
2020 11 NA NA NA NA NA NA NA NA NA NA NA NA NA NA NA NA NA NA NA NA NA
2020 12 NA NA NA NA NA NA NA NA NA NA NA NA NA NA NA NA NA NA NA NA NA
