year month SPO_NOAA_insitu SPO_NOAA_flask SPO_SIO_O2_flask SPO_SIO_CDK_flask SPO_CSIRO_flask HBA_NOAA_flask SYO_NOAA_flask SYO_TU_insitu MAA_CSIRO_flask CYA_CSIRO_flask PSA_NOAA_flask PSA_SIO_O2_flask DRP_NOAA_flask MQA_CSIRO_flask CRZ_NOAA_flask BHD_NIWA_insitu CGO_NOAA_flask CGO_SIO_O2_flask CGO_CSIRO_flask AMS_LSCE_insitu CPT_SAWS_insitu
1998 1 362.3776 362.4433 362.4742 362.4515 362.4534 362.0918 NA 362.3739 362.2111 362.023 361.6892 362.5768 NA 361.7841 361.7844 NA 362.4961 362.5676 362.4871 362.536 362.3377
1998 2 362.2506 362.2677 362.2277 362.2242 362.2064 361.9758 NA 362.1991 362.1993 361.8924 361.8565 361.9357 NA 362.2684 361.7895 362.7943 362.301 362.2359 362.2315 362.779 362.7756
1998 3 362.2357 362.087 362.0777 362.0848 362.1432 362.0799 NA 362.2695 362.2566 362.2352 362.2898 362.096 NA 362.1245 362.2438 363.2214 362.6634 362.9091 362.5729 362.6352 362.9933
1998 4 362.5042 362.4914 362.4457 362.4459 362.3358 362.4263 NA 362.572 362.7213 362.5461 362.3046 362.8757 NA 362.4467 362.7423 363.3794 362.8604 362.9949 362.7974 362.9046 363.5421
1998 5 362.9563 362.9048 362.8402 362.8453 362.7562 363.0389 NA 363.0083 363.085 363.2138 363.2796 362.9065 NA 363.2195 363.0423 NA 363.5946 362.9466 363.623 363.1496 363.9529
1998 6 363.5023 363.3182 363.3372 363.3362 363.148 363.5779 NA 363.5822 363.8257 363.6145 363.629 363.3677 NA 363.6974 363.637 364.007 363.6644 363.59 363.6856 363.6256 364.3786
1998 7 364.038 364.0611 363.811 363.8108 363.6936 364.1162 NA 364.1956 364.4308 363.9647 364.0933 364.0633 NA 364.0039 364.1973 364.5124 364.3921 364.4654 364.3042 364.4382 364.4264
1998 8 364.5691 364.5985 364.552 364.5372 364.4314 364.6372 NA 364.719 364.8111 364.6353 364.5614 364.5644 NA 364.5187 364.5653 365.0556 365.1606 365.3696 365.1689 364.798 364.6758
1998 9 364.8501 364.8093 364.7735 364.7756 364.7761 364.8754 NA 364.896 364.9434 364.9467 364.7783 364.7764 NA 365.0226 364.9382 365.1508 364.9864 365.0903 365.0054 364.9453 364.5923
1998 10 365.0235 365.0237 365.02 365.0171 NA 365.0463 NA 365.0242 365.075 365.0653 364.9254 364.9521 NA 364.8667 365.0205 NA 365.0596 364.9981 365.0842 365.0731 364.6297
1998 11 365.0137 364.9995 365.04 365.0407 365.0443 365.006 NA 364.9883 365.0036 364.9234 364.5965 364.8909 NA 364.869 364.5823 364.9811 365.1893 365.3232 365.2621 365.0662 364.7567
1998 12 364.9892 364.9705 364.9559 364.9556 NA 364.7877 NA 364.9456 364.7783 364.6249 364.5347 364.8534 NA 364.62 364.7608 364.7694 364.8175 364.7561 364.8122 365.3637 364.7997
1999 1 364.8864 364.7888 364.8829 364.8802 364.8557 364.4994 364.6511 364.792 364.7424 364.6702 364.7506 364.4797 NA 364.5705 364.2755 365.3712 365.1447 365.3338 365.0261 365.2117 364.8729
1999 2 364.6741 364.7177 364.3733 364.7162 364.7765 364.5808 364.583 364.7461 364.6949 364.7313 364.8366 364.6905 NA 364.6407 NA 364.8611 364.9177 364.9016 364.8968 365.0943 364.9118
1999 3 364.7632 364.7462 364.7292 364.7906 364.791 364.7568 364.7492 364.7506 364.834 364.795 364.9017 364.924 NA 364.7574 364.7542 365.027 364.9369 364.9826 364.9182 365.0799 365.1633
1999 4 364.9736 364.9601 364.9346 364.9612 364.9068 364.9949 364.9013 364.9934 365.0836 NA 365.2106 365.1923 NA 364.8702 NA 365.1012 365.0911 365.1206 365.0756 365.0001 365.4735
1999 5 365.1657 365.1275 365.087 365.0875 365.0477 365.1614 365.1327 365.186 365.392 365.2463 365.3591 365.2506 NA 365.2546 365.1946 365.1495 365.1604 365.2001 365.1586 365.1291 365.8965
1999 6 365.4025 365.3753 365.3249 NA NA 365.391 365.4289 365.4688 365.4588 365.4576 365.4326 365.4408 NA 365.3535 365.6598 365.7744 365.5141 365.497 365.5213 365.42 365.9753
1999 7 365.6737 365.6423 365.573 365.5731 365.5618 365.7052 365.6683 365.7637 365.8439 365.7284 365.7221 365.7374 NA 365.8239 NA 365.9378 366.0527 NA 365.8862 365.7746 366.2097
1999 8 366.1638 366.1082 366.0316 366.0315 365.9299 366.1111 366.1518 366.1774 366.1928 366.198 366.0183 366.0751 NA 366.1665 NA 366.5048 366.4375 366.3852 366.3999 366.2321 366.1149
1999 9 366.4209 366.4004 366.3977 366.3988 366.3413 366.4095 366.4558 366.4483 366.4277 366.4166 366.3862 366.3731 NA 366.533 NA 366.4674 366.7168 366.8655 366.7948 366.416 365.8956
1999 10 366.5637 366.5705 366.5635 366.5637 366.5269 366.5522 366.561 366.5511 366.5822 366.5853 366.5741 366.4086 NA 366.6919 NA NA 366.7045 366.7857 366.7262 366.5158 366.0485
1999 11 366.5405 366.5446 366.5576 366.5055 366.4892 366.5409 366.4889 366.5187 366.478 366.2483 366.0953 366.3215 NA 366.4801 NA 366.4865 366.5612 366.5598 366.5311 366.6211 366.3714
1999 12 366.394 366.3781 366.3575 366.5214 366.5229 366.1838 366.221 366.3442 366.046 365.9687 365.7981 366.0988 NA 366.2103 366.0301 366.3242 366.6166 366.6274 366.5587 366.6626 366.6294
2000 1 366.1781 366.2096 366.2563 366.2477 366.2784 365.9113 366.2347 366.152 NA 366.1546 365.9084 365.8428 NA 366.1864 NA 366.2354 366.5551 367.0053 366.6654 366.6629 366.4688
2000 2 366.1095 366.0714 366.0789 366.0909 366.0683 365.7559 366.2367 366.1829 365.9753 366.239 365.833 366.1217 NA 366.0333 365.9363 366.698 366.2852 366.3223 366.2824 366.3673 366.4045
2000 3 366.0763 366.1483 366.1592 NA 366.2067 366.0466 366.1703 366.1377 366.1075 366.0752 365.9808 365.9631 NA 366.0585 366.0246 366.0186 366.1152 366.1358 366.1342 366.3316 366.3301
2000 4 366.2029 366.1989 366.1947 366.1983 366.1624 366.1631 366.1945 366.2207 366.1897 366.1912 366.4298 366.34 NA 366.2445 366.1748 366.1675 366.2244 366.1724 366.2273 366.3007 366.0743
2000 5 366.3095 366.2934 366.2748 366.2751 366.2472 366.3115 366.3667 366.3514 366.3129 NA 366.3697 366.3611 NA 366.3776 366.4657 366.7976 366.3616 366.3311 366.3403 366.2508 366.4423
2000 6 366.6472 366.6176 366.5642 366.5646 366.4949 366.6948 366.8162 366.7012 366.7162 NA 366.701 366.7518 NA 366.8009 367.2617 367.4021 366.7833 366.7272 366.8522 366.882 367.2641
2000 7 367.1083 367.1256 367.0591 367.0614 367.0031 367.1241 367.2417 367.1613 367.2064 NA 367.1841 367.2641 NA 367.1674 367.2777 367.1118 367.2711 367.2875 367.2669 367.1777 367.2764
2000 8 367.4301 367.3711 367.3158 367.3155 367.2085 367.4218 367.5044 367.4767 367.4388 NA 367.6632 367.8233 NA 367.4008 367.5646 367.7069 367.5949 367.5256 367.5316 367.4646 367.2774
2000 9 367.6312 367.6281 367.555 367.5552 367.4921 367.6734 367.7037 367.6919 367.7976 NA 367.6754 367.7072 NA 367.8212 367.9303 367.752 367.6339 367.6772 367.6175 367.548 367.1733
2000 10 367.7717 367.7669 367.7401 367.7413 NA 367.8166 367.6946 367.7954 367.8086 NA 367.9965 367.9671 NA 367.8583 367.5989 367.5894 367.7539 367.6651 367.7656 367.7381 367.4206
2000 11 367.8455 367.8183 367.8499 367.8489 367.8314 367.8457 367.8363 367.8267 367.7924 NA 367.8149 367.8669 NA 367.6581 367.4805 367.6362 367.6222 367.5465 367.6944 367.7485 367.3854
2000 12 367.8255 367.8331 367.7891 367.7982 367.7833 367.7495 367.7703 367.8025 367.7788 NA 367.6957 367.8858 NA 367.4052 367.4232 367.3148 367.6277 367.617 367.6326 367.5968 367.5255
2001 1 367.7071 367.7637 367.7678 367.7674 367.8035 367.538 367.5748 367.6801 367.7135 NA 367.5324 367.545 NA 367.4962 367.3378 NA 367.6044 367.6111 367.6454 367.6863 367.4504
2001 2 367.4811 NA 367.5569 367.5575 367.6183 367.3479 367.4882 367.5242 367.4466 NA 367.3327 367.527 NA 367.3308 367.2528 NA 367.5194 367.5344 367.5273 367.713 367.4776
2001 3 367.4096 NA 367.3942 367.4118 367.429 367.316 367.3897 367.4105 367.4907 NA 367.5574 367.6346 NA 367.3458 367.3818 367.5031 367.521 367.58 367.5384 367.8379 368.0638
2001 4 367.6446 NA 367.5713 367.5817 367.4853 367.5899 367.6205 367.6389 367.677 NA 367.7902 NA NA 367.4778 367.56 367.8205 367.6749 367.7922 367.7027 367.648 368.1814
2001 5 367.8624 NA 367.8384 367.7929 367.7478 367.7948 368.0147 367.9064 368.0065 NA 368.0295 NA NA 367.8562 367.9866 368.0705 368.0903 368.0964 368.0463 367.8821 368.1718
2001 6 368.1624 NA 368.1194 368.1208 368.02 368.1915 368.169 368.2819 368.3391 NA 368.2425 NA NA 368.3539 368.4233 368.5301 368.4088 368.3059 368.3788 368.144 368.7178
2001 7 368.6611 368.822 368.5008 368.5013 368.2347 368.5547 368.604 368.6969 368.6923 NA 368.6049 NA NA 369.14 368.7739 369.185 369.0211 369.0373 369.0041 368.8033 368.7337
2001 8 369.1611 369.122 369.0538 369.0543 368.8949 369.1861 369.1173 369.1927 369.28 NA 369.3004 NA NA 369.1812 369.4696 369.4199 369.1284 369.1755 369.1968 369.2002 369.2094
2001 9 369.5014 369.4432 369.5794 369.4301 369.2828 369.5556 369.5046 369.5213 369.6204 NA 369.8513 NA NA 369.6835 369.5139 369.8294 369.6794 369.6705 369.6778 369.4946 369.1275
2001 10 369.7083 369.7223 369.7272 369.7255 369.7139 369.7289 369.7345 369.7054 369.723 NA 369.7672 369.6654 NA 369.6887 369.7061 369.7541 369.6776 369.5671 369.6788 369.6234 369.1413
2001 11 369.7708 369.7517 369.768 369.754 369.7424 369.7931 369.7424 369.7359 369.7087 NA 369.7765 369.7205 NA 369.6758 NA 369.6435 369.527 369.528 369.4926 369.7335 369.1806
2001 12 369.6473 369.6357 369.671 369.6241 NA 369.4644 369.5012 369.5479 369.3553 NA 369.4407 369.7357 NA 369.6739 NA 369.7494 369.5709 369.5817 369.5677 369.7567 369.4166
2002 1 369.4759 369.4678 369.541 369.5381 NA 369.3236 369.4839 369.4564 369.5696 369.3144 369.0241 368.9656 NA 369.3011 NA 369.5347 369.482 NA 369.4813 369.7866 369.5622
2002 2 369.2001 369.2321 369.204 369.1976 NA 368.7929 369.1982 369.272 369.3513 369.1983 369.2877 369.0342 NA 369.1457 NA 369.5608 369.4292 369.5931 369.4846 369.7616 369.5283
2002 3 369.3564 369.2855 369.1697 369.1693 369.3462 369.156 369.4119 369.4024 369.3875 369.19 369.2543 369.3067 NA 369.4045 NA 369.8876 369.4754 369.4394 369.4912 369.6041 369.8745
2002 4 369.7225 369.7386 369.7079 369.7069 369.6747 369.6648 369.734 369.6461 369.693 NA 369.6406 370.1206 NA 369.6755 369.7808 369.87 369.7069 369.7119 369.7055 369.6606 370.1765
2002 5 370.0227 369.9785 369.8792 369.879 369.9295 369.9881 369.9588 370.0584 NA NA 369.9168 369.8931 NA 369.9148 NA 370.2886 370.126 370.2342 370.0615 369.8993 370.7446
2002 6 370.481 370.5258 370.5361 370.5354 370.3711 370.5861 370.4452 370.5695 NA 370.4931 370.261 370.4266 NA 370.4856 370.6792 370.551 370.5143 370.5526 370.4376 370.3828 370.8123
2002 7 370.9593 370.9252 370.8556 370.8586 370.783 370.9142 370.9463 371.0033 NA 371.0657 371.157 371.0977 NA 371.0213 371.1032 371.1807 371.2968 371.3961 371.0502 371.063 371.1378
2002 8 371.3849 371.3087 371.2631 371.2639 371.1173 371.4495 371.4139 371.4096 NA 371.3318 371.5547 371.5455 NA 371.5286 371.4204 371.7348 371.4638 371.332 371.4737 371.51 371.546
2002 9 371.7293 371.7391 371.6893 371.6892 371.5776 371.7059 371.6848 371.7606 NA 371.7712 371.792 372.0467 NA 371.8198 371.7423 371.9546 371.7382 371.6734 371.7416 371.8832 371.2213
2002 10 371.9606 371.9489 371.9368 371.9369 371.8639 371.9222 371.9398 371.9701 NA 371.9899 371.9544 372.0062 NA 371.7565 371.7199 371.9356 372.0365 371.8055 371.9426 371.9046 371.6858
2002 11 371.9298 371.9266 371.9917 371.9431 372.0058 371.9074 371.9315 371.9586 371.9326 371.9318 371.6848 371.787 NA 371.5291 371.7099 371.6137 371.9307 371.896 371.9587 371.9729 371.6286
2002 12 371.6847 371.7595 371.8159 371.7583 371.8152 371.739 371.8643 371.8703 371.6167 371.7829 371.672 371.5479 NA 371.5037 NA 371.6082 371.6889 371.6694 371.698 372.0699 371.9061
2003 1 371.8254 371.7759 371.708 371.7064 371.6468 371.6347 371.9599 371.8796 371.6122 371.5993 371.682 371.6271 NA 371.1905 371.7521 371.9553 371.8118 371.9322 371.8616 371.9678 372.1432
2003 2 371.6711 371.6733 371.7547 371.7223 NA 371.3405 371.6589 371.6855 371.4981 371.7294 371.7934 371.7211 NA 371.4683 371.325 371.6581 371.9889 371.8021 371.9805 372.1467 372.4271
2003 3 371.7514 371.7502 371.6911 371.6861 371.7035 371.6601 371.6864 371.756 371.8333 371.7893 372.1201 372.083 NA 371.4219 NA 372.0911 372.1235 372.0457 372.1407 372.0534 372.5898
2003 4 371.9291 371.7977 371.8004 371.7992 371.7752 371.9178 371.876 371.9452 372.0044 372.0084 372.1165 372.3708 NA 371.9214 NA 372.2117 372.1509 372.254 372.1752 372.1675 373.0655
2003 5 372.2778 372.2575 372.1781 372.1776 NA 372.2382 372.332 372.2966 372.2586 372.3503 372.4777 372.5079 NA 372.1044 NA 372.967 372.7336 372.5827 372.676 372.3621 373.2464
2003 6 372.731 372.7387 372.6097 372.6102 372.4938 372.8457 372.8997 372.8244 372.8831 372.6959 372.9087 372.7304 NA 372.7756 NA 372.8889 372.8591 372.9594 372.8943 372.6827 373.5352
2003 7 373.1936 373.1662 373.0889 373.0886 372.9128 373.1951 373.1131 373.2818 373.1455 373.4694 373.3061 373.1644 NA 373.414 373.2254 373.3935 373.4601 373.5337 373.4436 373.4121 373.6811
2003 8 373.6498 373.5808 373.4969 373.4967 373.362 373.724 373.6547 373.7386 373.6816 373.726 373.8355 373.9092 NA 373.7634 373.8284 373.8111 373.7941 373.7972 373.793 373.6805 373.5558
2003 9 373.8914 373.9045 373.8535 373.8554 373.7779 373.8799 373.9804 373.9542 374.0002 373.962 373.8777 373.9801 NA 373.9942 373.8554 373.9532 373.9602 373.9563 373.9609 373.877 373.4352
2003 10 373.9451 373.9362 373.9626 373.9624 373.9546 373.9321 373.9569 373.9602 373.9406 373.9478 374.0167 373.9076 NA 373.8232 373.8521 373.8981 373.8697 373.8675 373.8846 373.9774 373.5365
2003 11 373.9938 373.9877 374.0268 374.0269 374.0013 373.9244 374.0381 373.9754 NA 373.9724 373.8033 373.3461 NA 373.6434 373.8006 373.9325 374.0789 374.0327 374.0897 374.1293 373.7649
2003 12 373.9417 373.91 373.8403 373.9585 373.9245 373.8358 373.9445 373.8975 373.8451 373.8102 373.6913 373.8323 NA 373.3493 373.4391 373.6135 373.7157 373.4983 373.9341 374.2158 373.8382
2004 1 373.8141 373.7897 373.8912 373.9585 373.9306 373.544 373.7369 373.9399 373.2261 373.5117 373.3172 373.4482 NA 373.6107 373.0234 373.7154 373.6304 373.7019 373.577 374.1214 373.9999
2004 2 373.5147 373.462 373.567 373.5661 NA 373.239 373.3964 373.5522 373.3853 373.54 373.6145 373.8409 NA 373.7967 373.1992 373.7994 373.8783 373.7408 373.9133 373.9969 374.2215
2004 3 373.7054 373.7251 373.7421 373.7432 373.8411 373.6077 373.8192 373.748 373.7506 373.6106 373.4936 374.0229 NA 373.5311 373.8207 373.9613 373.9316 373.8689 373.8544 373.9875 374.3317
2004 4 374.0497 373.9916 373.9117 373.9111 373.8181 373.9032 374.0762 374.02 374.0998 373.975 374.099 374.0696 NA 374.0361 374.0828 374.2768 374.1286 374.1569 374.213 374.2389 374.2131
2004 5 374.3007 374.3089 374.2368 374.2366 374.1451 374.3249 374.2671 374.3358 374.351 374.2517 374.302 374.3664 NA 374.7113 374.5046 374.6636 374.5409 374.5347 374.5888 374.3114 374.5013
2004 6 374.6843 374.7454 374.5911 374.5818 374.4405 374.7688 374.7434 374.7251 374.7332 374.84 374.7671 374.7507 NA 374.7487 375.0024 375.0945 374.8764 374.7948 374.8378 374.6296 375.3854
2004 7 375.0043 374.9743 374.8712 374.8733 374.7916 375.0958 375.086 375.1451 375.1407 375.2819 375.3101 375.3574 NA 375.2607 375.2741 375.5572 375.3286 375.4268 375.3425 375.1988 375.2581
2004 8 375.4357 375.3884 375.4108 375.3846 375.3033 375.471 375.5105 375.4996 375.5592 375.5203 375.5215 375.5175 NA 375.5615 375.472 375.6 375.619 375.5943 375.6008 375.6682 375.2959
2004 9 375.6802 375.6894 375.6259 375.6526 NA 375.6522 375.6727 375.6758 375.7333 375.8144 375.8306 375.8265 NA 375.771 375.6427 376.0422 375.7559 375.5668 375.7783 375.6075 375.0365
2004 10 375.7304 375.7316 375.7417 375.7412 375.7323 375.7185 375.7413 375.7313 375.7535 375.799 375.7644 375.7258 NA 375.7869 375.5447 375.7295 375.7972 375.7866 375.749 375.6986 375.2084
2004 11 375.7015 375.7099 375.7024 375.7279 375.7167 375.6597 375.7264 375.67 375.5591 375.7347 375.5178 375.4707 NA 375.7987 375.4783 375.51 375.8819 375.7038 375.631 375.7546 375.7141
2004 12 375.5878 375.6065 375.6028 375.5608 375.6275 375.4685 375.6943 375.545 375.5661 375.5546 375.3439 375.0994 NA 375.0907 375.0308 375.1429 375.5977 375.3192 375.5166 375.5981 375.7504
2005 1 375.5569 375.5173 375.4741 375.636 375.6341 374.8495 375.3962 375.4445 375.0332 374.9309 374.9811 375.0852 NA 375.2015 374.9537 NA 375.6691 375.6183 375.6668 375.8209 375.7092
2005 2 375.1845 375.089 375.1097 375.2603 374.801 374.9525 375.0635 375.0457 374.8591 375.0542 375.098 375.4572 NA 375.3207 375.16 NA 375.4113 375.2929 375.4788 375.5051 375.6458
2005 3 375.369 375.3745 375.2912 375.3206 375.4201 375.0044 375.3909 375.3188 375.1624 375.2866 375.2249 375.2954 NA 375.3465 375.451 375.5502 375.6602 375.6678 375.6285 375.7775 376.2996
2005 4 375.6397 375.6173 375.5587 375.5575 375.4699 375.5971 375.7053 375.6639 375.602 375.6163 375.7503 375.7068 NA NA 375.7452 NA 375.9012 375.7904 375.9899 375.8355 376.4355
2005 5 376.0736 376.0506 375.9819 375.9736 375.8876 376.0068 376.0652 376.1091 376.2754 376.0908 376.2783 376.5218 NA 375.9065 376.2218 NA 376.5764 376.5899 376.5637 376.0172 377.0412
2005 6 376.5388 376.5212 376.5415 376.5411 376.5837 376.5477 376.4216 376.5964 376.6235 376.7006 376.702 376.9402 NA 376.915 376.9314 NA 377.0287 377.2966 376.9559 376.668 377.308
2005 7 377.1077 377.1227 377.0892 NA NA 377.0884 377.2615 377.1686 377.1566 377.3508 377.1202 377.0178 NA 377.5164 377.5773 NA 377.3501 377.4232 377.4591 377.1565 377.8629
2005 8 377.5284 377.5324 377.4797 NA 377.2829 377.5037 377.7708 377.5872 377.65 377.5696 377.4409 377.3901 NA 377.8625 377.6907 377.8383 377.6559 377.7048 377.494 377.5853 377.5005
2005 9 377.8067 377.8346 377.7847 377.7767 377.6637 377.8023 377.7847 377.8365 377.8775 377.8767 377.7936 377.7328 NA 377.9316 377.7977 NA 377.9008 377.9173 377.9098 377.8184 377.3967
2005 10 377.8934 377.8874 377.847 377.8473 377.8199 377.846 377.9128 377.9122 377.9625 377.917 377.7073 377.7094 NA 378.0248 377.7512 NA 378.0246 377.9083 377.8989 377.8266 377.4176
2005 11 377.9087 377.8862 377.8815 377.882 NA 377.8768 377.8551 377.8809 377.9099 377.8522 377.8174 377.3081 NA 377.9581 377.5935 NA 377.9052 377.9477 377.9489 377.999 377.8711
2005 12 378.0657 378.023 378.0352 377.9857 377.9832 377.7202 378.0663 378.0077 377.8418 378.0092 377.4688 377.7416 NA 378.0073 377.5154 NA 378.0808 378.0593 378.0876 378.3799 377.9773
2006 1 377.9273 377.9959 377.9407 378.1459 378.11 377.1489 378.0047 377.8437 377.7557 377.7156 377.3484 377.1246 NA 377.4893 377.4002 378.5648 378.1284 378.1425 378.0867 378.1974 378.1341
2006 2 377.5837 377.5463 377.486 377.4845 377.4903 377.1864 377.4215 377.552 377.3786 377.4915 377.1694 377.2671 NA 377.4262 377.7018 NA 377.8449 377.8374 377.8129 378.3086 378.3031
2006 3 377.6431 377.6772 377.6761 377.7038 377.6551 377.0751 377.58 377.6071 377.6308 377.6675 377.6645 377.7637 377.7031 NA 377.6413 378.0294 377.844 377.8189 377.8608 378.0622 378.2237
2006 4 377.8632 377.8126 377.8092 NA 377.7136 377.6592 377.837 377.8661 377.8574 377.72 377.8231 378.1468 377.7216 377.8743 377.8454 378.1514 377.8999 377.8518 377.9134 377.9865 378.4204
2006 5 378.1471 378.0887 378.0705 378.0585 378.0318 378.1405 378.2168 378.2413 378.0837 378.167 378.1549 378.1647 378.1431 377.9635 378.362 378.2553 378.0837 378.1247 378.0035 378.2047 378.957
2006 6 378.4746 378.4542 378.4241 378.4285 378.3294 378.4987 378.5049 378.538 NA 378.5543 378.5591 378.6485 378.7556 378.5577 378.8555 378.7198 378.5442 378.5419 378.5406 378.6063 379.0559
2006 7 378.8108 378.7799 378.7012 378.6995 378.5708 378.8729 379.0428 379.0183 379.2071 379.1669 378.9369 378.9839 NA 378.7253 379.1158 379.0955 378.9982 379.0857 378.8533 379.0223 379.0593
2006 8 379.2394 379.2033 379.1666 379.1711 NA 379.3001 379.2157 379.2575 379.2557 379.2975 379.4206 379.5201 379.3888 379.3489 379.3206 379.3326 379.2313 379.0965 379.0383 379.194 379.1147
2006 9 379.4182 379.3886 379.3231 379.3072 NA 379.4289 379.3622 379.4768 379.5578 379.4973 379.4686 379.5323 379.4503 379.8699 379.4796 379.5945 379.5121 379.4861 379.554 379.4141 379.1521
2006 10 379.5806 379.584 379.5766 379.5813 379.5259 379.5595 379.5871 379.5915 379.545 379.5466 379.5564 379.5473 379.5531 379.4897 379.4391 379.5601 379.5358 379.5172 379.5226 379.5166 379.1813
2006 11 379.546 379.5295 379.55 379.563 379.5249 379.5998 379.5744 379.558 379.6407 379.515 379.4329 379.5862 379.4465 379.3618 379.4325 379.1288 379.5923 379.4724 379.5167 379.6491 379.258
2006 12 379.5141 379.5534 379.5626 NA 379.5532 379.4523 379.507 379.5233 379.4746 379.4115 379.3672 379.4561 379.3402 379.2759 379.3477 379.2133 379.63 379.6672 379.5489 379.7861 379.4188
2007 1 379.3774 379.3122 379.2999 379.2911 379.3306 379.1372 379.3488 379.3377 379.302 378.9942 379.1151 378.9516 379.1566 379.0415 379.0949 379.2131 379.5079 379.3109 379.3856 379.753 379.6296
2007 2 379.1425 379.1409 379.2162 379.2163 379.4324 378.8633 379.1455 379.2005 378.9157 378.8917 378.7902 378.9743 378.7189 379.2193 379.314 379.555 379.6252 379.6248 379.6236 379.5812 379.9948
2007 3 379.3245 379.2642 379.3274 379.1439 378.9608 379.3168 379.2302 379.2928 379.1536 379.0859 379.2543 379.4885 379.6688 379.4958 379.4695 379.7824 379.6179 379.8788 379.6081 379.645 380.2276
2007 4 379.6207 379.6095 379.5859 379.5801 379.5548 379.6485 379.6469 379.7225 379.6067 379.5999 379.6022 379.6483 379.6448 379.7882 379.8763 380.1773 NA NA NA 379.7479 380.7392
2007 5 379.983 379.9123 379.8453 379.845 379.7443 379.9712 380.0194 380.0354 380.0643 380.015 380.0446 379.9238 380.0542 380.3759 380.2317 380.8353 380.3319 380.3982 380.2698 379.9861 381.243
2007 6 380.3903 380.3773 380.2932 380.2937 380.222 380.6668 380.5929 380.525 380.5797 380.1678 380.3682 380.3604 380.3304 380.5271 380.8633 380.8907 380.7336 380.5477 380.6554 380.5059 380.9811
2007 7 380.8056 380.7205 380.6453 380.6465 380.5791 380.8421 380.8826 380.9722 380.9683 381.0593 380.6984 380.6065 NA 381.0125 381.4119 381.1258 381.0931 380.9518 381.0247 381.1787 381.0983
2007 8 381.2756 381.241 381.2413 381.2325 381.2265 381.2696 381.3501 381.3419 381.469 381.4464 381.307 381.2923 NA 381.4342 381.5096 381.4317 381.5163 381.5036 381.4798 381.3239 381.2628
2007 9 381.4955 381.4747 381.4331 381.4348 NA 381.5171 381.5779 381.6048 381.6504 NA 381.7279 381.5867 381.619 381.7764 381.707 381.6266 381.676 381.653 381.7214 381.6685 381.3499
2007 10 381.6987 381.6889 381.6713 381.6717 381.6111 381.6963 381.7477 381.7234 NA 381.8289 381.769 381.7484 381.6282 381.7574 381.7005 381.5941 381.7746 381.5873 381.7978 381.7127 381.4601
2007 11 381.6894 381.6708 381.6523 381.6508 NA 381.7653 381.8261 381.8015 NA 381.6775 381.5776 381.4266 381.3419 381.6667 381.576 381.5633 381.8102 381.8115 381.811 381.8707 381.6216
2007 12 381.6751 381.6727 381.7265 381.7262 381.7481 381.5567 381.6834 381.6282 NA 381.3572 381.2805 381.301 381.2474 381.3682 381.4881 381.6604 381.8351 381.8504 381.8593 381.9628 381.6487
2008 1 381.5604 381.5842 381.6049 381.6028 381.6602 381.3563 381.418 381.5755 NA 381.47 381.4599 381.3349 381.2201 381.515 381.448 381.7174 381.8855 381.9442 381.9117 382.5478 381.7101
2008 2 381.5098 381.4771 381.4401 381.4477 NA 381.3764 381.4581 381.467 NA 381.6081 381.5913 382.9584 381.476 381.9478 381.5065 381.7924 381.8003 381.8011 381.805 382.0167 382.0217
2008 3 381.6554 381.6218 381.5797 381.5819 NA 381.54 381.7465 381.6495 381.5213 381.6006 381.7992 381.5388 381.8166 NA 381.837 381.7446 381.8651 381.9383 381.8416 381.9028 382.2612
2008 4 381.8332 381.7868 381.8055 381.8077 NA 381.7656 381.8605 381.879 381.8126 381.9385 381.7217 381.7354 381.7589 NA 381.9013 382.1587 382.1348 382.0813 382.1262 381.9089 382.4511
2008 5 382.0017 381.9749 381.9715 381.9719 381.9757 381.9778 382.2793 382.1235 382.0975 NA 381.9517 381.8995 382.1968 NA 382.2373 382.0675 382.1546 382.2744 382.1836 381.9916 383.5019
2008 6 382.3403 382.2386 382.3581 382.3553 NA 382.1981 382.4407 382.4324 382.265 382.5393 382.4444 382.6582 382.3878 NA 382.7401 382.6728 382.6709 382.8174 382.7491 382.4823 383.6002
2008 7 382.7961 382.7008 382.6559 382.5291 383.106 382.8488 382.9696 383.0023 NA 383.0274 382.6946 382.9623 382.6438 383.1016 383.4031 383.1036 383.0442 382.9983 383.0708 383.0124 383.4754
2008 8 383.2092 383.1677 383.1487 383.1618 383.2643 383.236 383.3051 383.3342 383.3219 383.3768 383.2387 383.3184 383.2689 383.4227 383.3503 383.6224 383.4499 383.3559 383.5372 383.4582 383.2475
2008 9 383.4691 383.402 383.3725 383.3732 NA 383.471 383.4984 383.514 383.5153 383.6043 383.5399 383.4572 383.5718 383.6396 383.534 383.5091 383.6255 383.5839 383.5833 383.5381 383.1992
2008 10 383.589 383.5784 383.597 383.5971 383.5881 383.5757 383.6138 383.6094 383.6166 383.6088 383.6006 383.4344 383.3441 383.7593 383.4951 NA 383.6798 383.5933 383.685 383.6492 383.1904
2008 11 383.5269 383.5515 383.5776 383.5783 NA 383.4173 383.5497 383.5098 383.4194 383.5337 383.1753 383.0179 NA 383.9429 383.2587 NA 383.7418 383.5687 383.7662 383.5942 383.3139
2008 12 383.2673 383.2819 383.1806 383.1848 NA 383.0726 383.0996 383.1938 382.9589 383.2469 382.8022 382.9082 NA 383.0547 383.0444 383.4596 383.6134 383.5299 383.605 NA 383.644
2009 1 383.1886 383.2107 383.3067 383.302 383.2659 382.7826 383.2567 383.2507 383.0799 383.2565 382.79 382.7032 382.812 383.0892 382.8694 383.9331 383.9418 383.5189 383.9244 NA 383.6189
2009 2 383.1162 383.1669 383.1364 383.0833 NA 382.8215 382.9031 382.9709 382.7733 382.9679 383.0216 383.1547 383.0433 382.8403 382.9325 382.8637 384.3649 NA 384.1675 383.3604 383.6352
2009 3 383.2475 383.2316 383.2055 383.2044 NA 383.0888 383.0202 383.1468 383.0539 383.1396 383.011 383.3388 382.9984 383.1092 383.07 383.4087 383.423 383.4296 383.4402 383.3804 383.8653
2009 4 383.3594 383.4051 383.3462 383.3486 NA 383.2662 383.3328 383.343 383.3356 383.3445 383.3765 383.5182 383.2845 383.274 383.3154 383.5982 383.5581 383.424 383.5074 383.5541 383.9836
2009 5 383.5936 383.5062 383.4511 383.4513 383.3351 383.558 383.6981 383.6462 383.6697 383.6203 383.609 383.5574 NA 383.4439 383.6251 383.5016 383.7957 383.6009 383.7725 383.6995 384.7974
2009 6 383.9 383.8373 383.73 383.7298 383.6317 383.7711 383.8681 383.9607 383.9627 383.9929 383.8746 383.7788 384.071 383.7299 384.4881 384.1534 384.1865 384.0267 384.1525 383.9037 384.6345
2009 7 384.2826 384.242 384.1519 384.1549 384.0171 384.2305 384.3627 384.3567 384.481 384.4252 384.1961 384.376 NA 384.274 384.7087 384.4126 384.4766 384.4505 384.5176 384.471 384.8212
2009 8 384.6661 384.5839 384.5433 384.5431 384.4132 384.5758 384.6232 384.7256 384.9334 384.6724 384.6792 384.8262 NA 384.5926 385.0249 385.3081 384.7931 384.9407 384.8917 384.9775 384.7273
2009 9 385.0265 384.9947 384.9666 384.9669 384.9477 385 385.0887 385.0777 385.0772 385.0155 385.0215 385.0215 NA 385.0774 NA 385.1918 385.3116 385.4212 385.3172 385.229 384.982
2009 10 385.0992 385.0931 385.0694 385.0711 NA 385.0194 385.117 385.1032 385.1645 385.1338 385.0813 385.0291 384.9587 385.1026 384.8296 385.0019 385.2588 385.224 385.2433 385.2021 385.0915
2009 11 385.0775 385.0947 385.1176 385.1183 NA 384.8667 385.0734 385.0446 384.96 385.1414 384.905 384.8534 NA 384.9769 384.8345 385.1856 385.5502 385.3748 385.2261 385.3339 385.0817
2009 12 385.0686 385.1557 385.0988 385.0998 385.2696 384.864 385.0066 384.9435 384.4405 384.9636 384.6519 384.8787 384.884 384.6652 384.4199 385.1148 385.1649 385.143 385.1852 385.2544 385.0924
2010 1 384.8889 384.9628 385.119 385.1218 385.0375 384.4116 384.9204 384.802 384.9585 384.7821 384.4679 384.5821 384.6543 384.3965 384.6091 NA 385.0277 384.9992 384.9952 384.9064 385.134
2010 2 384.729 384.7348 384.7241 384.7258 384.8843 383.9203 384.4192 384.4664 384.7014 384.5427 384.0774 383.9847 384.1191 384.5802 384.6806 384.9635 385.2466 385.2567 385.24 384.9729 385.6604
2010 3 384.7604 384.7001 384.7492 384.7481 384.8027 384.5058 384.5991 384.6661 384.6857 384.7775 384.2846 384.8055 384.5586 384.6586 384.5412 385.1248 384.8408 384.7922 384.801 384.9581 385.8279
2010 4 384.9184 384.8873 384.8279 384.8287 384.7548 384.7881 384.9283 384.9247 384.964 384.9627 384.804 384.9856 384.9362 384.9662 384.8471 385.21 385.2073 NA 385.0054 385.083 385.9546
2010 5 385.2176 385.2165 385.1276 385.1277 385.0319 385.0472 385.1933 385.2439 385.1277 385.1231 385.3314 385.1502 385.1127 385.2774 385.1546 385.6922 385.3472 385.2909 385.2504 385.4761 385.9472
2010 6 385.685 385.6462 385.6974 385.6805 385.3513 385.5943 385.7428 385.7064 NA 385.7443 385.7945 385.5509 385.6231 385.8128 386.014 386.2049 386.0304 386.1786 385.9373 385.8014 386.6339
2010 7 386.2104 386.1325 386.0676 386.0677 385.9466 386.1901 386.2226 386.262 NA 386.4374 386.2926 386.1848 NA 386.2191 386.5564 386.7931 386.8522 386.6936 386.8533 386.591 387.2065
2010 8 386.8643 386.8238 386.7099 386.7096 386.5394 386.8299 386.8774 386.8719 NA 386.799 387.091 387.2007 NA 386.9954 386.9679 387.2597 387.0742 387.0625 387.0909 387.1487 387.1545
2010 9 387.1732 387.1388 387.1017 387.1035 387.0668 387.1753 387.1819 387.1837 NA 387.191 387.2888 387.1806 387.2754 387.3439 387.1733 387.3352 NA 387.2059 387.2961 387.1418 386.8952
2010 10 387.3214 387.326 387.2906 387.29 387.2543 387.3307 387.3413 387.3147 NA 387.3075 387.3239 387.3525 387.3526 387.3566 387.2647 387.0667 387.1972 NA 387.2078 387.3106 386.8587
2010 11 387.3081 387.312 387.2729 387.3034 NA 387.2451 387.3672 387.2897 NA 387.2844 387.0568 387.2352 387.1636 387.2738 387.0949 387.1393 387.3436 387.2445 387.3269 387.5465 387.2803
2010 12 387.304 387.3095 387.2375 387.2736 387.2372 387.145 387.1674 387.2451 NA 387.3342 386.9954 387.0452 NA 387.1215 386.8344 387.2987 387.1628 387.1857 387.1354 387.7079 387.2192
2011 1 387.0838 387.0697 387.1801 387.1772 387.2645 386.7732 386.9456 386.887 NA 386.8344 386.5923 386.6279 387.4677 386.8631 386.7132 387.2046 387.2769 NA 387.2309 387.3704 387.278
2011 2 386.9166 386.7658 386.7473 386.7478 386.5296 385.9565 386.879 386.7021 NA 386.826 386.5688 386.5836 386.7622 386.9802 386.7328 NA 387.2539 387.2793 387.252 387.284 387.0191
2011 3 386.9688 386.9498 386.8864 386.8851 386.8697 386.7064 386.9321 386.8834 NA 386.8148 386.8367 387.0257 386.9567 386.7045 386.8642 387.2365 387.043 387.0225 386.9395 387.343 387.6096
2011 4 387.0522 387.0266 386.9641 386.9647 386.8752 386.9669 387.008 387.0202 NA 387.1646 386.8871 386.676 386.7749 NA 387.1685 387.4798 387.0689 387.4159 NA 387.2203 387.8524
2011 5 387.2604 387.2303 387.2215 387.2213 387.187 387.174 387.1996 387.2788 NA 387.3418 387.2381 387.0639 387.1882 NA 387.4662 NA 387.3898 387.3684 387.2698 387.2893 388.3863
2011 6 387.5922 387.4919 387.5049 387.5053 NA 387.5613 387.6436 387.6423 NA 387.604 387.5845 387.555 387.5262 NA 387.7616 388.2121 387.8022 387.9159 387.791 387.6565 388.3328
2011 7 388.1284 388.0217 387.9101 387.9116 NA 388.1617 388.2602 388.2149 NA 388.0769 388.0768 388.1271 NA NA 388.4526 388.6717 388.1505 388.1999 388.1662 388.2977 388.7462
2011 8 388.593 388.5253 388.4609 388.4606 388.3626 388.5922 388.6683 388.6243 388.7406 388.7864 388.6692 388.5028 388.4786 388.5892 388.8452 388.9481 388.8779 388.9968 388.8901 388.6584 388.5282
2011 9 388.9224 388.8837 388.8807 388.8812 388.8295 388.9378 388.9515 388.9585 389.1487 389.0041 388.9932 388.9507 388.9199 388.9962 388.9304 389.1972 389.1022 389.099 389.0943 388.9656 388.755
2011 10 389.0514 389.0743 389.0619 389.0611 389.0317 389.0465 388.9793 389.0453 389.0659 389.0411 389.0767 389.0396 388.985 389.1033 388.9468 389.0461 389.2804 389.7229 389.419 389.0651 388.791
2011 11 389.1327 389.1703 389.1338 389.0799 389.0444 389.0357 389.0523 389.0486 388.9619 389.0552 388.9229 388.8839 388.9364 389.3619 388.6632 389.1857 389.0342 388.9446 389.0527 389.1857 388.7841
2011 12 388.9387 389.0167 389.0173 388.9235 NA 388.8654 388.654 388.8172 389.1264 388.6481 388.4668 388.6541 388.3038 388.8201 388.5693 389.0053 388.9898 388.8772 388.9892 388.9799 388.9821
2012 1 388.6671 388.6796 388.655 388.6544 NA 388.1806 388.4333 388.6349 388.5109 388.9201 388.3013 388.4276 NA 388.3798 388.3345 388.9203 389.02 388.8141 388.8341 388.9002 389.0116
2012 2 388.4835 388.4439 388.4598 388.4249 388.4459 388.2243 388.5104 388.5376 388.3661 388.2078 388.4874 388.1652 388.4368 388.5731 387.9339 388.7954 388.9429 388.8501 388.8399 389.0078 389.1777
2012 3 388.7297 388.6749 388.5263 388.5261 388.4738 388.6238 388.7105 388.7247 388.7249 388.5817 388.4833 388.4479 388.7325 388.4983 388.7384 388.8596 388.8043 388.7836 388.7262 388.8045 389.3694
2012 4 388.8632 388.8424 388.8266 388.8253 388.7602 388.8944 388.8999 388.893 388.98 388.9349 388.9165 388.7414 388.9565 388.8163 388.9472 389.0398 389.2657 389.3311 389.2613 388.9687 389.6599
2012 5 389.1771 389.1526 389.1153 389.1147 NA 389.1687 389.151 389.21 389.2368 389.1994 389.403 389.2737 389.3106 388.9514 389.2959 389.4398 389.3383 389.4573 389.3293 389.2873 390.302
2012 6 389.6394 389.5406 389.5078 389.5068 389.3662 389.677 389.5818 389.6889 389.7488 389.615 389.4873 389.4627 389.5561 389.9554 389.8402 390.0611 389.9472 389.9131 389.9045 389.7703 390.5152
2012 7 390.1468 390.0338 389.9441 389.9441 NA 390.1374 390.248 390.2312 390.2258 390.0249 390.5075 390.3696 NA 390.3355 390.5724 390.6474 390.3379 390.5289 390.3571 390.4804 390.6472
2012 8 390.7739 390.7151 390.6089 390.6092 390.4504 390.9134 390.7666 390.8288 390.7971 390.7708 391.0212 391.0119 NA 391.1766 390.9314 391.3248 391.0043 390.9774 390.8856 390.9719 390.7601
2012 9 391.1996 391.1679 391.1396 391.1397 NA 391.2044 391.1974 391.191 391.1884 391.237 391.4002 391.3812 391.2616 391.3278 391.094 NA 391.3447 391.2852 391.3929 391.2184 390.9198
2012 10 391.3325 391.3134 391.3321 391.3326 NA 391.311 391.2978 391.3243 391.3035 391.409 391.3551 391.4394 391.4384 391.2772 391.0849 NA 391.3278 391.4149 391.3239 391.2732 391.0179
2012 11 391.4994 391.5206 391.5743 391.5713 391.5522 391.4168 391.4374 391.4487 391.4458 391.2678 391.3704 391.2058 391.176 391.1645 NA NA 391.4941 391.1881 391.4606 391.3653 391.2466
2012 12 391.4605 391.4811 391.4958 391.4959 391.4471 391.394 391.2867 391.359 391.1762 391.1793 390.9949 391.2951 391.1962 391.2189 390.6056 NA 391.176 391.0451 391.1751 391.3793 391.5566
2013 1 391.2512 391.2215 391.0839 391.0814 NA 391.1697 391.4055 391.3088 391.0627 NA 391.1512 391.7883 390.9208 391.0219 390.8266 NA 391.4437 391.3718 391.4522 391.5525 391.619
2013 2 391.1309 391.1842 391.2146 391.2532 NA 390.9368 390.9241 391.0778 391.2553 390.9666 390.4598 390.6543 391.4026 390.9415 390.7731 391.3995 391.755 391.5449 391.7269 391.5296 392.1361
2013 3 391.2587 391.1609 391.0852 391.0742 391.0899 391.2491 391.137 391.1676 391.1921 391.1664 391.2573 391.4422 391.0369 391.2055 391.1529 391.6281 391.7173 392.0079 391.7425 391.7318 392.4821
2013 4 391.6782 391.6249 391.5162 391.5163 391.4116 391.6641 391.8722 391.6082 391.552 391.5192 391.8149 391.517 391.7005 391.4846 391.5675 392.4136 391.99 391.5144 391.9457 391.8762 392.9952
2013 5 392.0619 392.0179 391.9874 391.9868 391.8795 392.0375 392.0584 392.0349 392.0912 391.8589 392.1587 392.0278 392.2263 391.899 392.1805 392.4756 392.3011 392.216 392.2731 392.2496 393.4716
2013 6 392.6729 392.5212 392.5236 392.5229 392.2657 392.6686 392.679 392.6223 392.5595 392.4443 392.4479 392.3425 392.8136 392.362 392.8374 393.2744 392.7168 392.6962 392.6337 392.8878 393.3023
2013 7 393.1242 393.1029 393.0987 393.0996 393.1696 393.1336 393.1726 393.1279 393.1363 393.1175 393.1065 393.1911 393.5469 393.0786 393.6126 393.1706 393.2931 394.0686 393.672 393.4843 393.8278
2013 8 393.6356 393.5682 393.5931 393.7736 393.4131 393.6293 393.642 393.638 393.7451 393.6022 393.5166 393.5921 NA 393.6487 393.6226 NA 393.8781 393.5644 393.9688 393.8602 393.5796
2013 9 394.0135 394.0341 394.0759 394.0761 393.8898 393.9351 393.9434 393.9553 394.003 393.9635 393.7321 393.8897 393.8145 393.9288 393.9099 NA 394.0653 393.9956 394.0028 394.0167 393.7496
2013 10 394.0286 394.0188 394.0233 394.0236 394.0753 394.0233 394.0049 393.9854 394.0002 394.0082 393.9948 394.0167 394.3356 394.0199 393.8312 NA 394.0893 394.0798 394.0673 394.0172 393.8641
2013 11 394.003 393.9982 394.0554 394.0661 394.0654 393.9033 393.8837 393.9342 393.8594 394.0527 393.8425 393.5874 393.6583 393.8503 393.6293 394.1575 393.9268 394.0056 393.9273 394.1601 393.958
2013 12 393.8685 393.9494 394.0608 394.0603 394.0973 393.7387 393.6752 393.6814 393.4477 393.5615 393.5799 393.5056 393.8126 393.4697 393.4081 NA 393.8138 393.8203 393.7607 394.0289 394.0109
2014 1 393.8689 393.8197 393.7957 393.7951 393.9462 393.3182 393.7787 393.7429 393.5358 393.6553 393.1943 393.4244 393.4458 393.1732 393.6578 NA 393.736 393.5922 393.7499 393.8274 394.1427
2014 2 393.528 393.5042 393.4114 393.4141 393.5832 393.2649 393.2264 393.373 393.6796 393.0717 392.9669 392.8047 393.4378 393.1723 393.0482 NA 393.8629 394.0194 393.8747 393.7279 394.0792
2014 3 393.6385 393.6369 393.5643 393.5623 393.5375 393.3019 393.3774 393.4081 393.2673 393.3326 393.2085 392.951 393.4593 393.4434 393.6564 393.2191 393.7683 393.7967 393.6829 393.9757 394.3955
2014 4 393.8294 393.7989 393.8107 393.8085 393.7357 393.8877 393.7056 393.7181 393.7378 393.7571 393.9217 393.97 393.7698 394.0605 393.9096 394.2261 394.0869 394.0899 394.0502 394.2513 394.5843
2014 5 394.201 394.1678 394.158 394.1568 394.0939 394.1202 394.1745 394.1501 394.0647 394.1999 394.2287 394.3257 394.715 394.2157 394.1566 394.8875 394.4579 394.3742 394.3987 394.2102 394.8154
2014 6 394.4795 394.4789 394.4479 394.5258 394.3664 394.4644 394.4087 394.5126 394.3569 394.4575 394.5331 394.5999 394.5231 394.3449 394.9337 394.7999 394.7337 394.5327 394.6629 394.6272 395.284
2014 7 394.9129 394.8335 394.7706 394.7693 394.6359 394.8808 395.043 395.0468 395.1192 395.0284 394.9511 394.9064 NA 395.1408 395.3079 395.6197 395.4539 NA NA 395.2096 395.5092
2014 8 395.4826 395.4359 395.3361 395.3355 395.2338 395.5881 395.5545 395.4838 395.4898 395.4842 395.5317 395.711 395.2648 395.9233 395.4752 395.9427 395.6145 395.3523 395.5354 395.5924 395.8337
2014 9 395.7965 395.7482 395.7338 395.734 395.668 395.772 395.8862 395.8029 395.7685 395.8162 395.9246 395.9386 395.6961 395.7954 395.7747 395.888 396.017 395.9641 396.0309 395.8383 395.6096
2014 10 395.8968 395.8768 395.8671 395.8677 395.8316 395.8608 395.8251 395.8652 395.8583 395.9486 395.7925 395.8688 395.7347 395.9294 395.7987 395.8697 396.0162 395.7125 395.9554 395.9528 395.489
2014 11 395.9176 395.9588 395.8986 395.8986 395.7973 395.8982 395.8122 395.814 395.8063 395.808 395.7127 395.8225 395.5655 395.964 395.4892 395.786 395.8123 395.8008 395.7685 395.9309 395.9748
2014 12 395.8651 395.8798 395.9028 395.8697 395.8397 395.6783 395.3937 395.6404 395.5507 395.539 395.4687 394.988 395.5055 395.5514 NA NA 395.7428 395.8734 395.7031 396.3642 395.9672
2015 1 395.6577 395.5937 395.6439 395.6792 395.5876 395.2624 395.7241 395.6621 395.4728 395.4891 395.2697 395.5533 394.9993 395.4341 395.0762 396.8249 396.0607 396.0126 396.0531 395.9728 396.0166
2015 2 395.5791 395.5959 395.5511 395.5165 395.5109 395.301 395.5163 395.2764 395.4868 395.4964 395.6121 395.7932 395.4003 395.3614 395.6457 395.8363 396.2121 395.6525 396.1772 395.9562 395.9929
2015 3 395.814 395.6587 395.6193 395.6332 NA 395.5147 395.7189 395.7094 395.5779 395.8236 395.7605 395.8291 396.2455 395.6208 395.8155 NA 395.9645 396.0049 395.9644 396.2199 396.7283
2015 4 396.082 396.0891 396.1166 396.117 395.9692 396.0825 396.0567 396.0958 396.0681 396.107 396.0865 396.1236 396.4433 395.9879 396.2666 NA 396.3426 396.4158 396.3421 396.4419 396.9958
2015 5 396.4843 396.4224 396.4138 396.2888 396.2891 396.5036 396.4527 396.577 396.7367 396.5522 396.7732 396.6964 396.414 396.4816 396.6649 396.8826 396.6655 396.7799 396.6948 396.5716 397.559
2015 6 396.8453 396.7838 396.7124 396.7744 396.6457 396.8475 396.8989 396.908 397.0099 396.8834 396.8287 396.7781 397.0578 397.0846 397.0948 397.1887 397.2248 397.2631 397.2064 397.149 398.1416
2015 7 397.4281 397.346 397.238 397.4243 NA 397.4624 397.7378 397.5949 397.5744 397.1256 397.5561 397.3798 NA 397.576 397.9103 397.6489 397.6185 397.7122 397.5291 397.6739 398.1426
2015 8 397.9636 397.8931 397.8026 397.8019 397.7089 397.9614 397.9397 398.0509 398.0096 398.1861 398.2075 398.103 NA 398.0285 398.235 NA 398.0789 398.2474 398.0511 398.2072 398.163
2015 9 398.3597 398.3513 398.337 398.3368 398.2502 398.2878 398.3914 398.3768 398.4012 398.4051 398.3334 398.3073 NA 398.4742 398.3246 398.386 398.5603 398.5714 398.5887 398.3967 398.1358
2015 10 398.5435 398.4948 398.4577 398.4579 398.4289 398.5555 398.4695 398.5211 398.5537 398.5538 398.3755 398.4455 398.5123 398.6618 398.4755 NA 398.4518 398.4855 398.4558 398.5898 398.2704
2015 11 398.5637 398.5666 398.5685 398.5679 398.5831 398.5611 398.598 398.6495 398.6137 398.5253 398.2905 398.4926 398.1499 398.879 398.438 398.5927 398.8195 398.674 398.8157 398.7402 398.6472
2015 12 398.611 398.4995 398.523 398.561 398.5415 398.5464 398.5582 398.505 398.4651 398.5031 398.2119 398.1277 398.1657 398.1465 398.1932 398.8099 398.8708 398.6596 398.859 399.1159 399.0095
2016 1 398.3495 398.1738 398.2045 398.1957 NA 398.1269 398.0738 398.3112 398.1738 398.2063 397.9568 397.5948 397.3552 398.5839 397.7532 NA 398.879 398.7662 398.8923 399.2094 399.2894
2016 2 398.1501 398.1529 398.1372 398.1401 NA 397.7828 398.0775 398.097 397.8789 397.8569 397.9137 397.7382 397.9656 398.6644 398.0692 399.2048 398.7399 398.8083 398.6287 398.9866 399.3841
2016 3 398.5436 398.5229 398.5097 398.5143 398.4178 398.6231 398.5725 398.62 398.7596 398.6878 398.4266 398.4932 398.8632 398.9625 398.7436 NA 399.2129 NA 399.2574 399.2897 399.7552
2016 4 399.1961 399.1252 399.0353 399.0351 NA 399.2436 399.2514 399.2319 399.3527 399.1864 398.9492 399.1684 399.2103 399.4721 399.3677 NA 399.5394 399.5161 399.5306 399.5995 400.2633
2016 5 399.8714 399.8264 399.8719 399.7329 399.6373 399.9345 399.7847 399.8719 399.8416 399.9651 399.8742 399.8232 399.938 399.9547 399.8911 400.5491 400.0373 399.8907 400.0005 400.0184 401.1934
2016 6 400.3236 400.2729 400.2577 NA 400.1593 400.3453 400.4388 400.4452 400.3591 400.4577 400.6324 400.4476 401.0014 400.7981 400.9691 401.0682 400.7029 400.475 400.7054 400.5493 401.2094
2016 7 400.9409 400.8838 400.8278 400.8279 400.6686 400.9707 401.1516 401.0774 401.1889 400.9761 400.8227 400.7547 NA 401.1333 401.6425 401.3566 401.1445 400.9611 401.1477 401.1435 401.5584
2016 8 401.37 401.3311 401.2729 401.2728 401.2123 401.387 401.4531 401.4363 401.3924 401.4949 401.5882 401.5743 401.4311 401.3326 401.4725 401.4739 401.3785 401.4562 401.3789 401.4129 401.2576
2016 9 401.5973 401.6054 401.5753 401.5755 401.5535 401.58 401.5892 401.5903 401.6254 401.647 401.7889 401.7252 NA 401.6111 401.6118 401.4486 401.5835 401.6217 401.5866 401.5827 401.1789
2016 10 401.6218 401.6111 401.6321 401.6322 401.6778 401.5977 401.5664 401.5912 401.6383 NA 401.5941 401.6436 401.531 401.5456 401.5984 401.4266 401.5581 401.426 401.557 401.5469 401.3126
2016 11 401.5662 401.5435 401.5546 401.5536 401.509 401.5455 401.5907 401.5687 401.5566 401.3625 401.3632 401.2759 401.4243 401.5084 401.1911 401.4422 401.288 401.3397 401.2997 401.484 401.2374
2016 12 401.4646 401.48 401.4882 401.4885 NA 401.3586 401.3453 401.4433 401.0869 401.3552 401.0037 400.7795 401.0141 400.984 401.0679 401.2253 401.1807 401.2174 401.1875 401.5466 401.4195
2017 1 401.1471 401.1646 401.3089 401.2697 401.4086 400.9312 401.134 401.2016 401.2595 401.1335 400.5865 400.6518 NA 400.9443 400.3725 401.2321 401.2832 401.2852 401.2875 401.5553 401.3666
2017 2 400.8378 400.9157 400.7951 400.6762 400.909 NA 400.7174 400.8729 400.6363 401.0876 400.6089 400.8177 400.659 401.1546 401.6935 401.1707 401.1808 401.1271 401.1299 401.6084 401.4806
2017 3 401.0291 400.9459 400.8013 400.7715 NA NA 401.1251 401.1494 401.1108 401.2018 400.6765 400.8595 401.0683 NA 401.3084 401.9001 401.6294 401.2789 401.2663 401.5906 401.748
2017 4 401.2378 401.2303 401.1747 401.1745 NA NA 401.3642 401.308 401.2893 401.3561 401.4349 401.2519 401.287 NA 401.3487 403.0069 401.9789 401.4601 401.3357 401.5852 402.103
2017 5 401.6059 401.5586 401.5224 401.5235 401.4176 NA 401.7913 401.6723 401.5408 401.6794 401.5123 401.6403 401.633 401.345 401.6996 402.0972 401.9733 402.0229 401.7393 401.7613 402.6557
2017 6 401.9364 401.9126 401.8893 401.8837 401.8719 NA 401.9588 402.0659 402.1156 401.9921 401.9533 402.093 NA 401.6989 402.3012 402.5174 402.4662 402.3396 402.2796 401.9972 402.8398
2017 7 402.5752 402.3996 402.3441 402.2088 402.2113 NA 402.6371 402.716 402.6353 402.5361 402.4216 402.623 402.6153 402.598 402.9569 402.9896 402.9146 402.8209 402.8032 402.9115 403.2998
2017 8 403.1077 403.1041 403.1447 403.1343 403.1368 NA 403.2784 403.1688 403.2961 403.1766 403.148 403.238 NA 402.9378 403.2724 403.5355 403.533 403.2835 403.2812 403.276 403.0226
2017 9 403.3892 403.361 403.3231 403.323 403.24 NA 403.4857 403.4226 403.4517 403.4814 403.4628 403.3152 NA 403.4568 403.384 403.5358 403.6618 403.4946 403.5003 403.4593 403.2592
2017 10 403.6003 403.573 403.5607 403.5611 403.4937 NA 403.5962 403.5768 403.6181 403.5815 403.6487 403.7087 NA 403.4629 403.4918 403.6809 403.8218 403.6115 403.5816 403.5799 403.3446
2017 11 403.641 403.5976 403.6565 NA 403.6825 NA 403.5117 403.5778 403.3491 403.5125 403.5317 403.3065 NA 403.734 403.192 403.8263 404.1308 404.0243 403.96 403.7667 403.6141
2017 12 403.5953 403.5789 403.584 403.6179 403.6323 403.2399 403.6105 403.4745 403.187 403.2633 403.1436 403.2761 NA 403.5666 402.8323 403.7455 403.9834 403.3341 403.6487 403.9149 403.8782
2018 1 403.5721 403.6036 403.7173 403.6748 403.7207 402.9355 403.3211 403.3128 402.9492 403.172 403.0731 402.9965 403.2829 403.2636 402.8276 403.5605 403.8076 403.8947 403.7808 403.9132 404.1176
2018 2 403.202 403.1568 403.2654 NA 403.4653 402.7421 403.0716 403.0471 403.0326 403.0253 403.1268 403.1817 403.0227 403.2826 403.4061 403.8247 403.9855 404.2715 403.9034 NA 404.3242
2018 3 403.4387 403.4213 403.4974 NA 403.4269 NA 403.2746 403.3596 403.3662 403.213 403.2888 403.3322 403.1727 403.3946 403.2346 404.1966 403.7726 403.6464 403.6377 NA 404.5942
2018 4 403.8794 403.8663 403.8174 NA 403.7094 NA 403.8675 403.7536 403.8291 403.8056 403.8968 403.9138 403.8149 403.9054 403.8706 404.0536 404.3244 404.283 404.2459 NA 404.8543
2018 5 404.2548 404.1808 404.1926 NA 404.0351 NA 404.249 404.2223 404.1723 404.1634 404.2725 404.2177 404.313 404.1901 404.1052 404.6068 404.4888 404.581 NA NA 405.0986
2018 6 404.5881 404.585 404.5091 NA 404.4537 NA 404.7646 404.6784 404.6031 404.5631 404.6002 404.6012 404.8225 404.6859 404.8395 404.618 404.7223 404.8313 404.8183 NA 405.5119
2018 7 405.1175 405.034 405.0206 NA 404.9038 NA 405.2004 405.1474 404.9649 405.2533 405.1092 405.0624 NA 405.1928 405.3938 406.0201 405.3454 405.1399 405.2967 NA 405.7743
2018 8 405.6453 405.5529 405.5355 NA NA NA 405.7212 405.6827 405.6833 405.7166 405.6496 NA NA 405.6623 405.7329 NA 405.8363 405.5722 405.5853 NA 405.4254
2018 9 405.9012 405.8795 405.843 NA 405.7894 NA 405.9614 405.9435 405.9729 405.9813 406.0065 NA NA 405.9655 406.0088 406.1445 406.014 405.8418 405.9674 NA 405.7013
2018 10 406.0014 405.9798 405.9354 NA 405.9106 NA 406.0131 405.9969 406.0134 405.9503 405.9041 NA 405.8636 406.0247 405.9225 405.9908 406.4865 406.1249 406.1836 NA 406.076
2018 11 406.0681 406.0375 406.0457 NA 406.0459 NA 406.0289 405.9441 405.8647 405.4538 405.8032 NA 405.8981 405.9088 405.7329 405.8465 406.3547 405.8683 406.1052 NA 405.8695
2018 12 405.9744 405.9752 NA NA 405.8856 NA 405.9735 405.8348 405.6175 NA 405.6117 NA 405.1391 405.7603 NA 406.2146 406.2298 406.0603 406.0273 NA 406.1679
2019 1 405.7277 405.7606 NA NA NA 405.5856 405.4379 NA NA NA 405.3704 NA 405.4505 NA NA NA 406.646 NA NA NA NA
2019 2 405.6447 405.639 NA NA NA NA NA NA NA NA 405.2283 NA 405.5317 NA 405.5788 NA 406.3647 NA NA NA NA
2019 3 405.8607 405.8588 NA NA NA NA NA NA NA NA 405.6998 NA 405.7252 NA 405.7611 NA 406.2444 NA NA NA NA
2019 4 406.1589 406.1063 NA NA NA NA NA NA NA NA 405.9494 NA 405.9398 NA 406.3799 NA 406.3306 NA NA NA NA
2019 5 406.5722 406.4871 NA NA NA NA NA NA NA NA 406.5726 NA 406.5981 NA 406.9355 NA 407.5041 NA NA NA NA
2019 6 407.0368 406.9654 NA NA NA NA NA NA NA NA 407.2145 NA NA NA 407.3379 NA 407.6604 NA NA NA NA
2019 7 407.7485 407.7061 NA NA NA NA NA NA NA NA 407.998 NA NA NA 408.4693 NA 408.0717 NA NA NA NA
2019 8 408.2814 408.2166 NA NA NA NA NA NA NA NA 408.5433 NA NA NA 408.0784 NA NA NA NA NA NA
2019 9 408.5742 408.605 NA NA NA NA NA NA NA NA 408.6242 NA NA NA 408.5756 NA 408.8478 NA NA NA NA
2019 10 408.8118 408.7673 NA NA NA NA NA NA NA NA 408.6998 NA 408.6384 NA 408.6045 NA 409.0134 NA NA NA NA
2019 11 408.851 408.8649 NA NA NA NA NA NA NA NA 408.6788 NA 408.7374 NA NA NA 408.8103 NA NA NA NA
2019 12 408.792 408.83 NA NA NA NA NA NA NA NA 408.23 NA 408.5635 NA NA NA 408.665 NA NA NA NA
2020 1 408.5282 408.5471 NA NA NA NA NA NA NA NA NA NA 408.549 NA NA NA 409.0266 NA NA NA NA
2020 2 408.2531 408.3251 NA NA NA 407.5296 NA NA NA NA NA NA 408.2423 NA NA NA 408.9494 NA NA NA NA
2020 3 408.1744 NA NA NA NA NA NA NA NA NA NA NA NA NA NA NA 409.0249 NA NA NA NA
2020 4 408.5576 NA NA NA NA NA NA NA NA NA NA NA NA NA NA NA 410.0237 NA NA NA NA
2020 5 409.0158 NA NA NA NA NA NA NA NA NA NA NA NA NA NA NA NA NA NA NA NA
2020 6 NA NA NA NA NA NA NA NA NA NA NA NA NA NA NA NA NA NA NA NA NA
2020 7 NA NA NA NA NA NA NA NA NA NA NA NA NA NA NA NA NA NA NA NA NA
2020 8 NA NA NA NA NA NA NA NA NA NA NA NA NA NA NA NA NA NA NA NA NA
2020 9 NA NA NA NA NA NA NA NA NA NA NA NA NA NA NA NA NA NA NA NA NA
2020 10 NA NA NA NA NA NA NA NA NA NA NA NA NA NA NA NA NA NA NA NA NA
2020 11 NA NA NA NA NA NA NA NA NA NA NA NA NA NA NA NA NA NA NA NA NA
2020 12 NA NA NA NA NA NA NA NA NA NA NA NA NA NA NA NA NA NA NA NA NA
