year month SPO_NOAA_insitu SPO_NOAA_flask SPO_SIO_O2_flask SPO_SIO_CDK_flask SPO_CSIRO_flask HBA_NOAA_flask SYO_NOAA_flask SYO_TU_insitu MAA_CSIRO_flask CYA_CSIRO_flask PSA_NOAA_flask PSA_SIO_O2_flask DRP_NOAA_flask MQA_CSIRO_flask CRZ_NOAA_flask BHD_NIWA_insitu CGO_NOAA_flask CGO_SIO_O2_flask CGO_CSIRO_flask AMS_LSCE_insitu CPT_SAWS_insitu
1998 1 NA NA NA NA NA NA NA NA NA NA NA NA NA NA NA NA NA NA NA NA NA
1998 2 NA NA NA NA NA NA NA NA NA NA NA NA NA NA NA NA NA NA NA NA NA
1998 3 NA NA NA NA NA NA NA NA NA NA NA NA NA NA NA NA NA NA NA NA NA
1998 4 NA NA NA NA NA NA NA NA NA NA NA NA NA NA NA NA NA NA NA NA NA
1998 5 NA NA NA NA NA NA NA NA NA NA NA NA NA NA NA NA NA NA NA NA NA
1998 6 NA NA NA NA NA NA NA NA NA NA NA NA NA NA NA NA NA NA NA NA NA
1998 7 NA NA NA NA NA NA NA NA NA NA NA NA NA NA NA NA NA NA NA NA NA
1998 8 NA NA NA NA NA NA NA NA NA NA NA NA NA NA NA NA NA NA NA NA NA
1998 9 NA NA NA NA NA NA NA NA NA NA NA NA NA NA NA NA NA NA NA NA NA
1998 10 NA NA NA NA NA NA NA NA NA NA NA NA NA NA NA NA NA NA NA NA NA
1998 11 NA NA NA NA NA NA NA NA NA NA NA NA NA NA NA NA NA NA NA NA NA
1998 12 NA NA NA NA NA NA NA NA NA NA NA NA NA NA NA NA NA NA NA NA NA
1999 1 NA NA NA NA NA NA NA NA NA NA NA NA NA NA NA NA NA NA NA NA NA
1999 2 NA NA NA NA NA NA NA NA NA NA NA NA NA NA NA NA NA NA NA NA NA
1999 3 NA NA NA NA NA NA NA NA NA NA NA NA NA NA NA NA NA NA NA NA NA
1999 4 NA NA NA NA NA NA NA NA NA NA NA NA NA NA NA NA NA NA NA NA NA
1999 5 NA NA NA NA NA NA NA NA NA NA NA NA NA NA NA NA NA NA NA NA NA
1999 6 NA NA NA NA NA NA NA NA NA NA NA NA NA NA NA NA NA NA NA NA NA
1999 7 NA NA NA NA NA NA NA NA NA NA NA NA NA NA NA NA NA NA NA NA NA
1999 8 NA NA NA NA NA NA NA NA NA NA NA NA NA NA NA NA NA NA NA NA NA
1999 9 NA NA NA NA NA NA NA NA NA NA NA NA NA NA NA NA NA NA NA NA NA
1999 10 NA NA NA NA NA NA NA NA NA NA NA NA NA NA NA NA NA NA NA NA NA
1999 11 NA NA NA NA NA NA NA NA NA NA NA NA NA NA NA NA NA NA NA NA NA
1999 12 NA NA NA NA NA NA NA NA NA NA NA NA NA NA NA NA NA NA NA NA NA
2000 1 -0.07633172 -0.09659631 -0.04932407 -0.05310945 -0.001124095 -0.1656086 -0.07149115 -0.1467423 NA -0.08227155 -0.1844267 -0.1866472 NA -0.1713187 NA -0.16318 -0.2828695 -0.2362287 -0.2732688 -0.2469727 -0.1692694
2000 2 -0.2951319 -0.325969 -0.2679619 -0.3268417 -0.20962 -0.4462627 -0.3434088 -0.3414337 -0.3810252 -0.1910692 -0.4639166 -0.3889744 NA -0.4832565 -0.522066 -0.259538 -0.3581204 -0.3338801 -0.3581899 -0.3401467 -0.3213666
2000 3 -0.3885193 -0.3605911 -0.3660323 NA -0.3530195 -0.4339157 -0.3519771 -0.3903352 -0.4005075 -0.3821455 -0.4313731 -0.4517581 NA -0.4574917 -0.5225318 -0.453422 -0.4240068 -0.4172675 -0.4177445 -0.4241937 -0.3777151
2000 4 -0.3203019 -0.3298115 -0.3321265 -0.3311682 -0.3512606 -0.3259442 -0.3162902 -0.2937911 -0.3454787 -0.3336447 -0.3174427 -0.3331187 NA -0.4571144 -0.3133738 -0.4409587 -0.3844146 -0.3961239 -0.3804337 -0.4193924 -0.3774569
2000 5 -0.2681852 -0.2717585 -0.2796681 -0.2798976 -0.2930327 -0.2684883 -0.2631925 -0.2259712 -0.2928139 NA -0.2942384 -0.2580291 NA -0.340482 -0.3931056 -0.4162079 -0.4113095 -0.3920803 -0.4342341 -0.5096146 -0.3709101
2000 6 -0.2512177 -0.2610584 -0.2554367 -0.2554772 -0.2612167 -0.2303655 -0.2386566 -0.2350716 -0.2238174 NA -0.2480334 -0.2625198 NA -0.2927705 -0.2898247 -0.5858224 -0.4924929 -0.4836667 -0.4778537 -0.5038052 -0.3720739
2000 7 -0.2759846 -0.2700237 -0.2538362 -0.2549894 -0.2435446 -0.2961789 -0.2498534 -0.2482346 -0.2005291 NA -0.2439427 -0.2604417 NA -0.3191975 -0.2848603 -0.5191266 -0.4029901 -0.4955829 -0.3728428 -0.6291946 -0.46157
2000 8 -0.3292355 -0.3231567 -0.3245988 -0.3247397 -0.3222565 -0.3276783 -0.2968047 -0.2820935 -0.2369445 NA -0.2909655 -0.257038 NA -0.3071182 -0.2284518 -0.4967179 -0.4288499 -0.4447463 -0.4554168 -0.592465 -0.5949383
2000 9 -0.392415 -0.3887567 -0.3806213 -0.3806632 -0.3670897 -0.3733176 -0.407003 -0.3865081 -0.423637 NA -0.3705199 -0.4122368 NA -0.3862772 -0.244947 -0.5606841 -0.5310009 -0.5008738 -0.4763599 -0.7730396 -0.5751784
2000 10 -0.4565281 -0.4613874 -0.4646467 -0.4509311 NA -0.464311 -0.446603 -0.4493726 -0.4440462 NA -0.3705448 -0.3898949 NA -0.4985584 -0.6126816 -0.6961327 -0.5952126 -0.5513101 -0.6414816 -0.7346241 -0.6791547
2000 11 -0.555932 -0.5236051 -0.5200727 -0.5220693 -0.4891842 -0.5481215 -0.5397453 -0.5594664 -0.558666 NA -0.5800118 -0.558374 NA -0.6817555 -0.7154561 -0.6247305 -0.766374 -0.8029436 -0.8249904 -0.8075401 -0.7682563
2000 12 -0.6445072 -0.6420844 -0.635429 -0.6357898 -0.6307607 -0.6650536 -0.6714963 -0.6616139 -0.6417557 NA -0.632004 -0.6173418 NA -0.7776082 -0.6968434 -0.9189163 -0.7668227 -0.7658059 -0.775385 -0.8670939 -0.8238097
2001 1 -0.7373343 -0.717263 -0.7161502 -0.7163086 -0.6842838 -0.8224708 -0.8644936 -0.7937884 -0.736563 NA -0.7860649 -0.7724458 NA -0.9606027 -0.9530122 NA -0.8227945 -0.8505866 -0.8213753 -0.8938856 -0.8369784
2001 2 -0.8000474 NA -0.804691 -0.8032104 -0.8275011 -0.8241293 -0.7754315 -0.7910101 -0.8057594 NA -0.9024518 -0.9122189 NA -0.8899349 -0.9600742 NA -0.8504628 -0.8462781 -0.8492347 -0.7479347 -0.8599007
2001 3 -0.765256 NA -0.784813 -0.7744196 -0.7637426 -0.7793341 -0.7697916 -0.7482179 -0.7401348 NA -0.7928359 -0.7795788 NA -0.8526841 -0.8654626 -0.8466867 -0.8440455 -0.8573229 -0.8627881 -0.7666838 -0.7746085
2001 4 -0.7199082 NA -0.7255609 -0.7260721 -0.7404464 -0.7205478 -0.6494681 -0.6810204 -0.6938571 NA -0.7029029 NA NA -0.7441773 -0.8808263 -0.8208115 -0.7202286 -0.7323189 -0.7221263 -0.8786028 -0.7800008
2001 5 -0.6661598 NA -0.6691949 -0.6805997 -0.6920045 -0.63808 -0.6495083 -0.6426037 -0.6259688 NA -0.6508823 NA NA -0.810755 -0.842769 -0.6802789 -0.7860913 -0.7867168 -0.7869416 -0.9179705 -0.763575
2001 6 -0.6497209 NA -0.673599 -0.6745412 -0.6915735 -0.6298027 -0.6564527 -0.6419994 -0.6230329 NA -0.6540616 NA NA -0.579306 -0.8119012 -0.7508514 -0.7740974 -0.8366442 -0.7855079 -0.9848925 -0.7906448
2001 7 -0.7039555 -0.7299025 -0.6768649 -0.6768329 -0.618305 -0.659941 -0.6624966 -0.6804508 -0.6747629 NA -0.6808479 NA NA -0.8719323 -0.7164853 -0.8234638 -0.8595702 -0.8355233 -0.8715952 -0.9464064 -0.8618938
2001 8 -0.7059399 -0.6843953 -0.6811769 -0.6811774 -0.7479757 -0.6766714 -0.6581849 -0.6845944 -0.6673884 NA -0.5306091 NA NA -0.6803208 -0.6882552 -0.8560655 -0.818267 -0.7788971 -0.7829043 -1.004665 -0.9235484
2001 9 -0.7203008 -0.7521596 -0.8238555 -0.7558561 -0.7184598 -0.706741 -0.6590179 -0.6679095 -0.7129242 NA -0.6620836 NA NA -0.7643393 -0.777404 -0.964778 -0.7812467 -0.7596815 -0.784231 -1.071411 -0.9572932
2001 10 -0.7152286 -0.7206423 -0.7368242 -0.7369171 -0.7292679 -0.6658311 -0.7777289 -0.7370451 -0.7166393 NA -0.5892904 -0.6019937 NA -0.8394137 -0.7704181 -1.043578 -0.9000325 -0.9201564 -0.9025306 -1.02108 -0.9640962
2001 11 -0.8797047 -0.9241407 -0.8708846 -0.8713773 -0.9606687 -0.7865836 -0.8795213 -0.8659132 -0.8917025 NA -0.893893 -0.8524165 NA -0.9445014 NA -1.022145 -1.129809 -1.131613 -1.130212 -1.112248 -1.06891
2001 12 -1.068205 -1.091638 -1.053546 -1.041483 NA -1.03104 -1.081713 -1.06561 -1.063308 NA -0.9958007 -1.022058 NA -1.002132 NA -1.0803 -1.142346 -1.111362 -1.138586 -1.121126 -1.118127
2002 1 -1.108644 -1.093348 -1.094666 -1.094643 NA -1.181942 -1.138312 -1.168778 -1.117035 -1.131057 -1.27104 -1.224262 NA -1.187109 NA -1.153897 -1.187799 NA -1.19032 -1.149443 -1.14747
2002 2 -1.148655 -1.148456 -1.144503 -1.174782 NA -1.268261 -1.152482 -1.167669 -1.178554 -1.173459 -1.22657 -1.247143 NA -1.280862 NA -1.179361 -1.177318 -1.145241 -1.164878 -1.10783 -1.155591
2002 3 -1.114743 -1.123085 -1.111166 -1.111144 -1.153276 -1.123724 -1.094395 -1.09449 -1.147157 -1.185305 -1.217432 -1.201507 NA -1.172261 NA -1.22163 -1.205111 -1.15954 -1.2114 -1.201384 -1.110034
2002 4 -1.050497 -1.059967 -1.064846 -1.064837 -1.085023 -1.044088 -1.025296 -1.042849 -1.039897 NA -1.076261 -1.099095 NA -1.130061 -1.160612 -1.182063 -1.089428 -1.093167 -1.090811 -1.249588 -1.112113
2002 5 -1.047777 -1.057231 -1.057613 -1.057226 -1.074732 -1.042075 -1.048079 -1.053506 NA NA -1.075149 -1.060127 NA -1.142582 NA -1.182385 -1.156497 -1.197585 -1.168482 -1.249681 -1.164461
2002 6 -1.058453 -1.054639 -1.019085 -1.018914 -1.062399 -1.013921 -1.067576 -1.054611 NA -1.119523 -1.08795 -1.101579 NA -1.074641 -1.226634 -1.231848 -1.222265 -1.202957 -1.246277 -1.314424 -1.243147
2002 7 -1.133893 -1.114839 -1.089838 -1.088563 -1.077659 -1.121731 -1.098761 -1.119141 NA -1.157297 -1.101995 -1.096139 NA -1.176391 -1.373144 -1.322647 -1.247355 -1.285173 -1.246946 -1.467821 -1.332618
2002 8 -1.215968 -1.198966 -1.216302 -1.215474 -1.16448 -1.174358 -1.132153 -1.151252 NA -1.164636 -1.141629 -1.228976 NA -1.219164 -1.27472 -1.370162 -1.269026 -1.194599 -1.274865 -1.434737 -1.363751
2002 9 -1.251888 -1.237603 -1.224317 -1.223461 -1.204671 -1.248321 -1.227255 -1.211911 NA -1.23336 -1.259488 -1.348615 NA -1.292545 -1.354575 -1.384126 -1.28303 -1.288502 -1.276792 -1.594105 -1.487342
2002 10 -1.355591 -1.348291 -1.34828 -1.348983 -1.338159 -1.322708 -1.345619 -1.35299 NA -1.381299 -1.298829 -1.278982 NA -1.438767 -1.486688 -1.343996 -1.510271 -1.462053 -1.454518 -1.661758 -1.542091
2002 11 -1.449512 -1.45496 -1.436717 -1.445936 -1.419328 -1.436573 -1.450293 -1.472962 -1.417452 -1.399745 -1.466334 -1.453713 NA -1.652211 -1.693985 -1.672574 -1.653849 -1.663649 -1.646195 -1.887128 -1.643217
2002 12 -1.618389 -1.589461 -1.519468 -1.572948 -1.519234 -1.604126 -1.612555 -1.616731 -1.657602 -1.659448 -1.66335 -1.63344 NA -1.759843 NA -1.796462 -1.74449 -1.723821 -1.741759 -1.750857 -1.765997
2003 1 -1.689733 -1.669613 -1.666996 -1.66713 -1.674383 -1.752718 -1.724017 -1.753868 -1.775606 -1.722222 -1.869193 -1.850795 NA -1.950346 -2.047691 -1.883495 -1.891498 -1.880325 -1.887233 -1.88183 -1.827793
2003 2 -1.836507 -1.793176 -1.732804 -1.766517 NA -2.149801 -1.849886 -1.855094 -1.848707 -1.817518 -1.850475 -1.884487 NA -1.856585 -1.932279 -1.912146 -1.85639 -1.830394 -1.846561 -1.83061 -1.803905
2003 3 -1.817176 -1.840934 -1.894622 -1.894939 -1.996706 -1.925523 -1.832719 -1.809984 -1.783008 -1.791067 -1.87587 -1.899465 NA -1.93506 NA -1.88623 -1.849528 -1.835464 -1.857288 -1.923736 -1.79798
2003 4 -1.804321 -1.844991 -1.83019 -1.831058 -1.831343 -1.791636 -1.799151 -1.772603 -1.752677 -1.790317 -1.849141 -1.795185 NA -1.810237 NA -1.905655 -1.821362 -1.830831 -1.833617 -1.963188 -1.78344
2003 5 -1.776271 -1.763504 -1.781929 -1.78223 NA -1.777005 -1.771292 -1.751337 -1.741394 -1.800758 -1.800794 -1.850697 NA -1.886797 NA -1.912745 -1.938521 -1.91464 -1.937281 -1.977325 -1.817179
2003 6 -1.802338 -1.810617 -1.796744 -1.796824 -1.798702 -1.792459 -1.796028 -1.790067 -1.807577 -1.832558 -1.801696 -1.828728 NA -1.788537 NA -1.992024 -1.892316 -1.95307 -1.908941 -2.104708 -1.884233
2003 7 -1.844259 -1.858754 -1.859957 -1.859987 -1.848054 -1.829162 -1.797788 -1.823754 -1.863322 -1.813819 -1.79457 -1.775687 NA -2.007583 -1.865808 -1.932129 -1.949864 -1.970389 -1.928071 -2.177896 -1.997106
2003 8 -1.879542 -1.875273 -1.871392 -1.872065 -1.887861 -1.846798 -1.831693 -1.836354 -1.903965 -1.887196 -1.723174 -1.800305 NA -1.792994 -2.027957 -2.135042 -1.888978 -1.885456 -1.886962 -2.099411 -2.012055
2003 9 -1.925633 -1.933078 -1.902177 -1.901396 -1.876493 -1.899459 -1.901877 -1.905871 -1.954345 -1.904109 -1.897849 -1.847446 NA -1.850679 -2.003618 -2.153507 -1.921472 -2.06068 -1.976898 -2.25236 -2.093438
2003 10 -2.007591 -2.004399 -1.995489 -1.995911 -1.9818 -2.0171 -2.001111 -1.995345 -2.038803 -1.985415 -1.916624 -1.947876 NA -1.996142 -2.089614 -2.294517 -2.095112 -2.094005 -2.070981 -2.36302 -2.217076
2003 11 -2.131494 -2.135496 -2.112864 -2.110066 -2.110031 -2.135376 -2.140199 -2.149993 NA -2.138351 -2.111839 -2.176914 NA -2.316753 -2.281501 -2.230248 -2.325718 -2.308761 -2.317838 -2.401303 -2.297269
2003 12 -2.286788 -2.278177 -2.304353 -2.214111 -2.257084 -2.316419 -2.278195 -2.312472 -2.272719 -2.310153 -2.296574 -2.272319 NA -2.412687 -2.408872 -2.547142 -2.448554 -2.457176 -2.464633 -2.408919 -2.46489
2004 1 -2.437592 -2.408205 -2.402409 -2.370299 -2.375626 -2.527499 -2.515406 -2.451486 -2.767979 -2.490376 -2.53911 -2.479667 NA -2.673236 -2.697684 -2.537156 -2.572688 -2.563113 -2.57334 -2.478205 -2.501322
2004 2 -2.572961 -2.55993 -2.567474 -2.568471 NA -2.731414 -2.619576 -2.581829 -2.574967 -2.517402 -2.47376 -2.505155 NA -2.584501 -2.714885 -2.566953 -2.604868 -2.691515 -2.605645 -2.484993 -2.453683
2004 3 -2.44583 -2.444794 -2.430661 -2.430773 -2.38444 -2.541223 -2.47782 -2.465006 -2.45544 -2.409409 -2.494186 -2.360337 NA -2.550273 -2.597316 -2.581558 -2.532845 -2.534714 -2.542152 -2.518057 -2.502334
2004 4 -2.415174 -2.430959 -2.413029 -2.418529 -2.422296 -2.476976 -2.401912 -2.408434 -2.417882 -2.45475 -2.413362 -2.493613 NA -2.564463 -2.492235 -2.589111 -2.47327 -2.466366 -2.492771 -2.59383 -2.492995
2004 5 -2.430345 -2.436213 -2.449469 -2.449032 -2.442978 -2.404815 -2.402587 -2.396889 -2.420242 -2.429861 -2.509947 -2.507907 NA -2.481348 -2.434995 -2.582678 -2.538344 -2.540042 -2.548334 -2.63061 -2.428923
2004 6 -2.451511 -2.444094 -2.437677 -2.45021 -2.453062 -2.395938 -2.374637 -2.391335 -2.445291 -2.434604 -2.448574 -2.44186 NA -2.545101 -2.624642 -2.733399 -2.559111 -2.505339 -2.538753 -2.754853 -2.54167
2004 7 -2.470712 -2.474072 -2.479347 -2.480059 -2.496433 -2.457786 -2.386218 -2.408176 -2.457814 -2.419062 -2.46919 -2.485636 NA -2.601252 -2.424668 -2.62393 -2.533373 -2.556933 -2.562198 -2.76785 -2.63302
2004 8 -2.470034 -2.457749 -2.452288 -2.45239 -2.479869 -2.431251 -2.441359 -2.431402 -2.435709 -2.48483 -2.424974 -2.434074 NA -2.636868 -2.415703 -2.515394 -2.593438 -2.593741 -2.625505 -2.849873 -2.741408
2004 9 -2.560745 -2.558095 -2.555217 -2.547205 NA -2.554838 -2.520819 -2.527326 -2.583235 -2.517339 -2.524065 -2.520389 NA -2.621081 -2.666958 -2.757535 -2.76201 -2.82315 -2.7672 -2.918862 -2.750602
2004 10 -2.665849 -2.659979 -2.634558 -2.632135 -2.582769 -2.649891 -2.634972 -2.658006 -2.659258 -2.639122 -2.617004 -2.58804 NA -2.686324 -2.813819 -2.700103 -2.767599 -2.761474 -2.782128 -3.009929 -2.862168
2004 11 -2.77933 -2.762406 -2.769429 -2.744665 -2.669831 -2.746185 -2.700632 -2.793382 -2.824629 -2.768293 -2.874772 -2.904771 NA -3.04128 -2.916475 -2.96882 -2.91769 -2.88117 -2.910993 -3.035612 -2.901671
2004 12 -2.951429 -2.946162 -2.96436 -2.940727 -2.873319 -2.951502 -2.93774 -3.002409 -2.969308 -2.959718 -2.981974 -3.048047 NA -3.22964 -3.191075 -3.17704 -3.192799 -3.182152 -3.200864 -3.110488 -3.000547
2005 1 -3.048576 -3.067923 -3.06079 -3.034173 -3.018611 -3.270914 -3.16865 -3.148743 -3.120139 -3.210708 -3.203209 -3.174824 NA -3.318824 -3.35702 NA -3.190087 -3.148283 -3.176857 -3.12988 -3.059572
2005 2 -3.213087 -3.237982 -3.275792 -3.132077 -3.286467 -3.298694 -3.244703 -3.284442 -3.171838 -3.207968 -3.346389 -3.390932 NA -3.291648 -3.312634 NA -3.250067 -3.241509 -3.227261 -3.181924 -3.144779
2005 3 -3.132391 -3.151594 -3.110379 -3.131597 -3.228892 -3.26371 -3.202791 -3.18017 -3.171612 -3.099894 -3.232433 -3.235866 NA -3.123088 -3.285806 -3.14703 -3.194661 -3.167277 -3.186358 -3.199709 -3.086891
2005 4 -3.167641 -3.157719 -3.13712 -3.134377 -3.101683 -3.26442 -3.160768 -3.150296 -3.153986 -3.141453 -3.218514 -3.268575 NA NA -3.246117 NA -3.220763 -3.204091 -3.290601 -3.30156 -3.170693
2005 5 -3.166482 -3.169231 -3.166958 -3.167135 -3.166987 -3.166969 -3.156317 -3.150399 -3.156378 -3.181371 -3.245301 -3.261222 NA -3.223659 -3.222848 NA -3.276762 -3.222247 -3.239923 -3.444032 -3.193359
2005 6 -3.213447 -3.203532 -3.196948 -3.196817 -3.193684 -3.212 -3.216416 -3.20772 -3.211551 -3.211138 -3.261928 -3.248086 NA -3.351444 -3.279064 NA -3.333615 -3.358289 -3.315069 -3.515047 -3.301363
2005 7 -3.25394 -3.262927 -3.269567 NA NA -3.233819 -3.249708 -3.203087 -3.257744 -3.229896 -3.268849 -3.264612 NA -3.393115 -3.373093 NA -3.38054 -3.412389 -3.439692 -3.597262 -3.442302
2005 8 -3.317587 -3.324444 -3.314511 NA -3.284134 -3.324941 -3.310236 -3.277558 -3.317365 -3.284578 -3.293836 -3.356175 NA -3.42914 -3.313959 -3.582467 -3.308851 -3.269879 -3.309369 -3.562558 -3.467881
2005 9 -3.357738 -3.358018 -3.36857 -3.367835 -3.346821 -3.382851 -3.320098 -3.330357 -3.344413 -3.363507 -3.341953 -3.351614 NA -3.384581 -3.427787 NA -3.450687 -3.486546 -3.428403 -3.686236 -3.575662
2005 10 -3.439867 -3.455892 -3.411194 -3.410921 -3.361246 -3.421073 -3.462529 -3.44769 -3.459923 -3.41255 -3.354242 -3.401712 NA -3.390797 -3.781474 NA -3.53783 -3.568687 -3.546316 -3.808392 -3.655906
2005 11 -3.586132 -3.566116 -3.564571 -3.563966 NA -3.587484 -3.646426 -3.592185 -3.595775 -3.578479 -3.591369 -3.675357 NA -3.742403 -3.91662 NA -3.66022 -3.609571 -3.609239 -3.851258 -3.689474
2005 12 -3.709247 -3.692686 -3.668923 -3.637233 -3.638826 -3.764096 -3.742071 -3.739121 -3.728442 -3.688264 -3.834126 -3.842836 NA -3.945551 -3.82254 NA -3.878807 -3.8599 -3.847129 -3.787433 -3.821424
2006 1 -3.791038 -3.757822 -3.765691 -3.740652 -3.702436 -4.121123 -3.77199 -3.859495 -3.792318 -3.874149 -4.068166 -4.09104 NA -3.985671 -4.094094 -4.032174 -3.894975 -3.884389 -3.896047 -3.851537 -3.85926
2006 2 -3.919069 -3.917015 -3.889523 -3.889617 -3.895685 -3.993922 -3.985312 -3.946604 -3.922106 -3.920145 -4.124563 -4.08176 NA -4.055805 -3.994206 NA -3.952539 -3.912794 -3.934442 -3.726591 -3.857301
2006 3 -3.837481 -3.845164 -3.875174 -3.871876 -3.919345 -3.944965 -3.870312 -3.852386 -3.841782 -3.886016 -3.875868 -3.858992 -3.833228 NA -3.998971 -4.020039 -3.92466 -3.896877 -3.886058 -3.903611 -3.870479
2006 4 -3.869441 -3.929194 -3.846209 NA -3.877494 -3.978045 -3.828412 -3.827141 -3.846867 -3.821903 -4.055359 -3.873534 -3.909004 -3.852553 -3.917877 -3.961568 -3.87263 -3.882146 -3.8758 -3.953574 -3.876572
2006 5 -3.888819 -3.887132 -3.8773 -3.864162 -3.863361 -3.910296 -3.887486 -3.867426 -3.881722 -3.911486 -3.914762 -3.972007 -3.937404 -3.959522 -3.974918 -3.959559 -3.925743 -3.87375 -3.986127 -4.04543 -3.92744
2006 6 -3.900398 -3.89522 -3.903652 -3.90565 -3.895503 -3.89289 -3.914685 -3.893139 NA -3.909384 -3.913758 -3.926426 -3.97387 -4.028157 -3.963588 -4.040667 -4.001655 -4.001945 -4.00341 -4.185825 -4.010786
2006 7 -3.957555 -3.950209 -3.94367 -3.948186 -3.930009 -3.930575 -3.891128 -3.930711 -3.954048 -3.934186 -3.900858 -3.870417 NA -4.195466 -4.123605 -4.185152 -4.068531 -4.087914 -4.048033 -4.281188 -4.143885
2006 8 -4.019405 -4.012416 -3.993033 -4.001295 NA -3.971619 -4.008675 -4.02103 -4.027223 -4.057598 -3.989969 -3.975931 -3.952957 -4.068135 -4.169903 -4.15201 -4.18939 -4.175264 -4.119998 -4.243191 -4.198288
2006 9 -4.092374 -4.081043 -4.055051 -4.062798 NA -4.093763 -4.070307 -4.090486 -4.088184 -4.102085 -4.09741 -4.105119 -4.093479 -4.144499 -4.165916 -4.20994 -4.196684 -4.177078 -4.224535 -4.469653 -4.288636
2006 10 -4.196229 -4.164462 -4.147882 -4.155328 -4.114451 -4.177276 -4.179575 -4.18783 -4.174517 -4.209928 -4.187668 -4.296832 -4.163651 -4.315145 -4.501826 -4.448861 -4.314219 -4.320501 -4.318676 -4.441195 -4.351424
2006 11 -4.319738 -4.311935 -4.297779 -4.283742 -4.26577 -4.286899 -4.35546 -4.351443 -4.298437 -4.330332 -4.362869 -4.35259 -4.287183 -4.489443 -4.410861 -4.679774 -4.463382 -4.406865 -4.463771 -4.582446 -4.41035
2006 12 -4.409227 -4.381032 -4.382571 NA -4.376439 -4.437105 -4.467767 -4.458135 -4.444488 -4.465226 -4.517297 -4.44736 -4.450879 -4.630404 -4.589322 -4.600893 -4.559435 -4.534126 -4.566872 -4.561243 -4.526261
2007 1 -4.514332 -4.540716 -4.533586 -4.543659 -4.508513 -4.620824 -4.587794 -4.633411 -4.608225 -4.710738 -4.772446 -4.789823 -4.515324 -4.892303 -4.744268 -4.715765 -4.616061 -4.69824 -4.699283 -4.57742 -4.544845
2007 2 -4.624191 -4.608692 -4.555423 -4.557484 -4.533845 -4.766413 -4.753109 -4.70197 -4.743489 -4.686551 -4.766219 -4.757255 -4.785432 -4.93168 -4.732715 -4.672404 -4.715726 -4.715037 -4.713938 -4.564744 -4.570638
2007 3 -4.640311 -4.632758 -4.62943 -4.651937 -4.672123 -4.640087 -4.703013 -4.665128 -4.669465 -4.629302 -4.706227 -4.575614 -4.526621 -4.708268 -4.70114 -4.761188 -4.692845 -4.718176 -4.700395 -4.689365 -4.615143
2007 4 -4.612192 -4.603046 -4.621579 -4.638588 -4.628254 -4.612827 -4.596729 -4.600353 -4.627982 -4.615792 -4.808231 -4.795584 -4.700948 -4.626432 -4.803769 -4.689426 NA NA NA -4.781893 -4.66296
2007 5 -4.730697 -4.714184 -4.713198 -4.714263 -4.672854 -4.738198 -4.70623 -4.734618 -4.765697 -4.721871 -4.855839 -4.806729 -4.792061 -4.790636 -4.721642 -4.74775 -4.78156 -4.752955 -4.78264 -4.904685 -4.734323
2007 6 -4.795792 -4.770868 -4.746458 -4.745976 -4.696241 -4.816986 -4.833654 -4.80207 -4.818405 -4.776686 -4.848862 -4.805358 -4.839885 -4.839159 -5.001064 -4.863344 -4.908968 -4.87927 -4.891291 -4.949328 -4.860361
2007 7 -4.85868 -4.855009 -4.848109 -4.84802 -4.828847 -4.84915 -4.864284 -4.855719 -4.863971 -4.854592 -4.83738 -4.834443 NA -4.902846 -4.902056 -4.964798 -5.00717 -4.920161 -4.950104 -5.234801 -5.009497
2007 8 -4.916775 -4.904963 -4.90747 -4.903948 -4.862704 -4.907923 -4.901335 -4.90556 -4.909612 -4.957836 -4.869185 -4.874041 NA -4.992076 -5.002529 -4.95237 -5.011721 -4.940272 -4.944302 -5.177389 -5.054847
2007 9 -4.984571 -4.980415 -4.966947 -4.966571 NA -4.978889 -4.998816 -4.981754 -4.979445 NA -4.955799 -4.935257 -5.017022 -5.068727 -5.318904 -5.108624 -5.084163 -5.065365 -5.127007 -5.261896 -5.169583
2007 10 -5.056949 -5.047128 -5.028093 -5.027732 -4.992512 -5.026121 -5.019148 -5.068383 NA -5.108802 -5.009708 -4.978112 -5.041694 -5.019804 -5.242681 -5.13933 -5.174104 -5.166322 -5.161849 -5.326435 -5.239839
2007 11 -5.155386 -5.145724 -5.140226 -5.139441 NA -5.16672 -5.168624 -5.192071 NA -5.168607 -5.163385 -5.212864 -5.237537 -5.272079 -5.374019 -5.401041 -5.333819 -5.328934 -5.33907 -5.449385 -5.330531
2007 12 -5.283227 -5.278343 -5.265441 -5.265581 -5.222614 -5.328815 -5.33335 -5.375867 NA -5.513573 -5.45692 -5.400749 -5.659399 -5.531528 -5.627313 -5.421291 -5.444891 -5.423126 -5.44985 -5.421306 -5.356709
2008 1 -5.421367 -5.392295 -5.384396 -5.382795 -5.359626 -5.491015 -5.469346 -5.47225 NA -5.459843 -5.469869 -5.556893 -5.449052 -5.525035 -5.643122 -5.570172 -5.453993 -5.512584 -5.481995 -5.11577 -5.392444
2008 2 -5.429902 -5.412408 -5.431581 -5.415332 NA -5.515171 -5.510866 -5.465576 NA -5.51721 -5.579593 -5.165894 -5.552273 -5.432462 -5.476104 -5.509818 -5.452421 -5.485694 -5.432284 -5.376848 -5.369585
2008 3 -5.395671 -5.401037 -5.396178 -5.395309 NA -5.480315 -5.377372 -5.42381 -5.439595 -5.464598 -5.447106 -5.447512 -5.350513 NA -5.626894 -5.509388 -5.46688 -5.463976 -5.440289 -5.434269 -5.404214
2008 4 -5.397972 -5.376336 -5.385378 -5.38305 NA -5.451508 -5.377996 -5.396105 -5.444537 -5.448746 -5.580483 -5.521425 -5.525161 NA -5.450515 -5.513481 -5.544703 -5.462771 -5.538428 -5.554665 -5.428103
2008 5 -5.479133 -5.460012 -5.448685 -5.44714 -5.407961 -5.526694 -5.544512 -5.472892 -5.502349 NA -5.59075 -5.647857 -5.589545 NA -5.64928 -5.580817 -5.569648 -5.603406 -5.581525 -5.683523 -5.470717
2008 6 -5.57217 -5.568493 -5.587098 -5.586777 NA -5.597004 -5.559391 -5.545275 -5.558354 -5.552825 -5.575585 -5.569501 -5.579846 NA -5.86615 -5.66824 -5.655636 -5.72583 -5.669584 -5.760401 -5.63461
2008 7 -5.612725 -5.6041 -5.6009 -5.587416 -5.648884 -5.608718 -5.595803 -5.604441 NA -5.606496 -5.592301 -5.629483 -5.587123 -5.785685 -5.803754 -5.768759 -5.71576 -5.730338 -5.718449 -5.864923 -5.726752
2008 8 -5.703907 -5.68904 -5.682434 -5.698448 -5.751789 -5.703963 -5.722363 -5.692116 -5.736125 -5.744341 -5.707847 -5.756956 -5.681149 -5.851419 -5.721475 -5.831797 -5.781706 -5.760485 -5.814366 -5.983755 -5.897001
2008 9 -5.770082 -5.763195 -5.75551 -5.755251 NA -5.783251 -5.768548 -5.762924 -5.759672 -5.746796 -5.784206 -5.889656 -5.795409 -5.737366 -5.995371 -5.909123 -5.825555 -5.807086 -5.799579 -6.171688 -5.92978
2008 10 -5.838357 -5.840899 -5.805878 -5.805408 -5.823281 -5.835912 -5.815906 -5.840839 -5.833228 -5.806052 -5.77488 -5.867709 -5.751124 -6.00322 -5.94517 NA -5.985923 -5.975999 -5.969639 -6.130158 -6.050348
2008 11 -5.98879 -5.977329 -5.986461 -5.985606 NA -5.936076 -6.007274 -6.01567 -6.071557 -6.012832 -6.001632 -6.083524 NA -6.132236 -6.102205 NA -6.076117 -6.073034 -6.079873 -6.182068 -6.102142
2008 12 -6.171684 -6.159143 -6.135851 -6.135634 NA -6.166405 -6.181606 -6.217347 -6.247725 -6.205465 -6.227522 -6.25753 NA -6.23904 -6.25341 -6.163957 -6.22701 -6.227775 -6.228656 NA -6.198015
2009 1 -6.27171 -6.210737 -6.253227 -6.258498 -6.257956 -6.385889 -6.226633 -6.305875 -6.392723 -6.214652 -6.398957 -6.425043 -6.379677 -6.581144 -6.532149 -6.212002 -6.2242 -6.351162 -6.222321 NA -6.28253
2009 2 -6.388649 -6.399319 -6.413055 -6.348408 NA -6.439459 -6.548683 -6.509163 -6.53332 -6.402183 -6.426715 -6.450509 -6.405299 -6.575065 -6.613652 -6.448787 -6.170214 NA -6.210849 -6.333528 -6.34804
2009 3 -6.341694 -6.356366 -6.349128 -6.345977 NA -6.517267 -6.393113 -6.388409 -6.427355 -6.47386 -6.378452 -6.357694 -6.344791 -6.717814 -6.539331 -6.649699 -6.410506 -6.511762 -6.413795 -6.401339 -6.335219
2009 4 -6.375516 -6.362125 -6.330273 -6.328115 NA -6.44146 -6.371459 -6.355702 -6.388428 -6.336376 -6.441988 -6.363878 -6.39684 -6.422187 -6.506295 -6.466166 -6.390663 -6.417342 -6.38041 -6.467118 -6.367642
2009 5 -6.431024 -6.424048 -6.434686 -6.435965 -6.482342 -6.451231 -6.425454 -6.437853 -6.470284 -6.447761 -6.449269 -6.409557 NA -6.499514 -6.563875 -6.608607 -6.520801 -6.493688 -6.521027 -6.601516 -6.462281
2009 6 -6.500344 -6.501813 -6.494411 -6.495157 -6.484899 -6.514112 -6.489328 -6.52373 -6.502587 -6.495695 -6.491525 -6.472311 -6.488836 -6.616929 -6.698494 -6.624921 -6.549558 -6.566092 -6.552962 -6.660299 -6.55342
2009 7 -6.558462 -6.551897 -6.527649 -6.526915 -6.507083 -6.548271 -6.553944 -6.568543 -6.577399 -6.546084 -6.522843 -6.490647 NA -6.646279 -6.73592 -6.609806 -6.678582 -6.67753 -6.671318 -6.864002 -6.655503
2009 8 -6.640173 -6.628959 -6.622615 -6.62299 -6.612262 -6.620783 -6.61452 -6.632607 -6.645527 -6.639434 -6.617887 -6.59668 NA -6.578158 -6.900836 -6.74059 -6.745102 -6.816806 -6.759107 -6.897497 -6.770112
2009 9 -6.695614 -6.685664 -6.690188 -6.688864 -6.671617 -6.681956 -6.685046 -6.69809 -6.71992 -6.69441 -6.658373 -6.647217 NA -6.712155 NA -6.882044 -6.805077 -6.8797 -6.79154 -7.031218 -6.857159
2009 10 -6.787277 -6.770037 -6.747676 -6.747432 NA -6.78355 -6.746222 -6.784864 -6.79449 -6.843909 -6.723288 -6.729376 -6.75798 -6.975982 -6.890492 -6.90914 -6.855262 -6.953099 -6.850236 -7.001714 -6.951759
2009 11 -6.902013 -6.871586 -6.855648 -6.856015 NA -6.91778 -6.875751 -6.92016 -6.928319 -6.880888 -6.938816 -6.917171 NA -7.021842 -7.499179 -6.990475 -6.97968 -6.951223 -6.994558 -7.090145 -7.002199
2009 12 -6.989022 -6.985812 -6.976663 -6.976559 -6.981064 -7.061575 -7.054887 -7.055392 -7.069825 NaN -7.113687 -7.097908 -7.107662 -7.164755 -7.215468 -7.10295 -7.163715 -7.202115 -7.161851 -7.114751 -7.126546
2010 1 -7.136009 -7.082005 -7.053125 -7.051601 -7.056437 -7.399834 -7.132905 -7.208117 -7.063139 -7.125625 -7.306246 -7.263383 -7.22222 -7.405527 -7.398219 NA -7.216845 -7.281292 -7.238469 -7.302456 -7.200535
2010 2 -7.246197 -7.201078 -7.237784 -7.234882 -7.125734 -7.408337 -7.340279 -7.354489 -7.142683 -7.256676 -7.470559 -7.415711 -7.458372 -7.368206 -7.384826 -7.250019 -7.138288 -7.123463 -7.126484 -7.177553 -7.137564
2010 3 -7.25051 -7.290219 -7.276464 -7.277582 -7.301812 -7.415139 -7.282228 -7.293099 -7.293121 -7.152555 -7.389024 -7.259592 -7.373682 -7.381038 -7.394987 -7.332826 -7.2722 -7.208357 -7.284336 -7.292989 -7.190099
2010 4 -7.309944 -7.277699 -7.301675 -7.300198 -7.332169 -7.414107 -7.325166 -7.312497 -7.29342 -7.291355 -7.386273 -7.316122 -7.292836 -7.349897 -7.419477 -7.293336 -7.291649 NA -7.401397 -7.342172 -7.285562
2010 5 -7.377138 -7.345004 -7.348254 -7.347803 -7.334199 -7.432278 -7.353245 -7.371391 -7.373182 -7.40853 -7.386617 -7.38923 -7.382073 -7.458787 -7.443518 -7.446415 -7.400088 -7.365343 -7.400588 -7.552635 -7.349052
2010 6 -7.398266 -7.401716 -7.393846 -7.391001 -7.409527 -7.45079 -7.39456 -7.403949 NA -7.369013 -7.390081 -7.463072 -7.320632 -7.455176 -7.472651 -7.49663 -7.471155 -7.47742 -7.450602 -7.593739 -7.46065
2010 7 -7.41923 -7.411883 -7.404465 -7.404153 -7.383944 -7.407764 -7.407727 -7.420624 NA -7.416502 -7.417009 -7.351024 NA -7.402271 -7.543136 -7.5797 -7.645998 -7.4941 -7.644335 -7.705824 -7.550337
2010 8 -7.444756 -7.435035 -7.431227 -7.430624 -7.4223 -7.445752 -7.455767 -7.460238 NA -7.435227 -7.388542 -7.414423 NA -7.536214 -7.56327 -7.590869 -7.60171 -7.63464 -7.59494 -7.740297 -7.624738
2010 9 -7.538096 -7.521673 -7.498915 -7.498791 -7.496135 -7.538777 -7.53913 -7.542936 NA -7.498636 -7.503682 -7.429243 -7.443223 -7.5168 -7.580574 -7.776969 NA -7.581034 -7.580695 -7.835894 -7.714818
2010 10 -7.642275 -7.623789 -7.609121 -7.609607 -7.569731 -7.650952 -7.701371 -7.650685 NA -7.583244 -7.57714 -7.556708 -7.624586 -7.65297 -7.783045 -7.82183 -7.856845 NA -7.843544 -7.946325 -7.805161
2010 11 -7.775144 -7.776993 -7.797578 -7.788922 NA -7.807105 -7.719565 -7.802728 NA -7.720315 -7.854114 -7.903201 -7.886237 -8.049108 -7.937262 -7.900683 -7.91331 -7.852517 -7.920074 -7.976546 -7.917189
2010 12 -7.917252 -7.901949 -7.809365 -7.872281 -7.809303 -7.960674 -8.057992 -7.997508 NA -7.943032 -8.08582 -8.050588 NA -8.157208 -8.195072 -8.053227 -8.059674 -8.094268 -8.00632 -7.935811 -7.981868
2011 1 -8.105863 -8.082275 -8.061076 -8.061328 -7.948735 -8.156943 -8.417308 -8.411015 NA -8.221708 -8.366068 -8.26247 -8.080886 -8.342332 -8.574589 -8.150042 -8.2322 NA -8.245831 -8.104689 -8.110803
2011 2 -8.22853 -8.174849 -8.036762 -8.03655 -7.994082 -8.557812 -8.333977 -8.46264 NA -8.158975 -8.367775 -8.365101 -8.349089 -8.421853 -8.394225 NA -8.204106 -8.156301 -8.203729 -8.030695 -8.056477
2011 3 -8.236418 -8.269443 -8.263204 -8.254326 -8.316321 -8.348394 -8.315149 -8.322859 NA -8.154336 -8.344798 -8.306654 -8.229543 -8.376395 -8.324361 -8.171264 -8.298356 -8.29451 -8.327096 -8.107165 -8.012586
2011 4 -8.257868 -8.255208 -8.294737 -8.290472 -8.211736 -8.337316 -8.363745 -8.348648 NA -8.25911 -8.387721 -8.390948 -8.314752 NA -8.45038 -8.31408 -8.228685 -8.269704 NA -8.269165 -8.240764
2011 5 -8.290842 -8.287952 -8.259883 -8.259235 -8.302369 -8.30809 -8.20686 -8.318202 NA -8.43222 -8.385069 -8.389559 -8.307781 NA -8.444896 NA -8.371455 -8.383373 -8.308103 -8.426052 -8.299869
2011 6 -8.377754 -8.362764 -8.384951 -8.385779 NA -8.441241 -8.450547 -8.42342 NA -8.343101 -8.407136 -8.388855 -8.363568 NA -8.444051 -8.425812 -8.445422 -8.48629 -8.441584 -8.542255 -8.445265
2011 7 -8.465983 -8.451797 -8.438146 -8.438192 NA -8.459609 -8.487621 -8.479968 NA -8.461791 -8.466266 -8.441812 NA NA -8.675563 -8.507283 -8.460722 -8.537396 -8.465246 -8.700098 -8.537058
2011 8 -8.486073 -8.485579 -8.483954 -8.48395 -8.464584 -8.510731 -8.487477 -8.484167 -8.503513 -8.487599 -8.497277 -8.436952 -8.453487 -8.582768 -8.686779 -8.543974 -8.597674 -8.655568 -8.602227 -8.730978 -8.598704
2011 9 -8.533928 -8.525435 -8.517411 -8.517421 -8.495658 -8.557394 -8.523819 -8.530699 -8.515954 -8.532342 -8.543003 -8.566973 -8.587616 -8.632033 -8.643863 -8.628733 -8.57344 -8.584733 -8.566509 -8.856623 -8.70887
2011 10 -8.60013 -8.599319 -8.593857 -8.594263 -8.591585 -8.606732 -8.623039 -8.613498 -8.60955 -8.701687 -8.554367 -8.647955 -8.799977 -8.811449 -8.769509 -8.759885 -8.714748 -8.842155 -8.715426 -8.895549 -8.792945
2011 11 -8.680688 -8.678866 -8.650598 -8.664945 -8.646696 -8.687638 -8.70503 -8.723727 -8.797411 -8.687792 -8.690152 -8.737481 -8.792982 -8.826531 -8.929932 -8.895737 -8.893777 -8.911613 -8.901737 -8.978658 -8.870779
2011 12 -8.850273 -8.814081 -8.807824 -8.897986 NA -8.871986 -9.078576 -8.976856 -8.887434 -8.979398 -9.009403 -9.022395 -9.130568 -9.148877 -9.311757 -8.921697 -8.928037 -8.968468 -8.9225 -9.045547 -8.98837
2012 1 -9.043852 -9.045639 -9.010836 -9.010652 NA -9.095157 -9.277602 -9.22788 -9.28112 -8.985927 -9.214116 -9.291772 NA -9.302394 -9.366732 -8.970015 -9.097582 -9.125944 -9.215089 -9.162076 -9.105054
2012 2 -9.271166 -9.306702 -9.266116 -9.368539 -9.124841 -9.334722 -9.489384 -9.34338 -9.28637 -9.302871 -9.310575 -9.370235 -9.208411 -9.102212 -9.538527 -9.158621 -9.016964 -9.1525 -9.076448 -9.045629 -8.996668
2012 3 -9.187342 -9.178391 -9.153425 -9.154059 -9.135999 -9.220168 -9.328886 -9.255264 -9.162704 -9.228159 -9.305134 -9.203078 -9.083854 -9.824028 -9.411344 -9.282437 -9.257792 -9.227575 -9.263421 -9.27084 -9.010709
2012 4 -9.171456 -9.205596 -9.226736 -9.22671 -9.288473 -9.157004 -9.159897 -9.176376 -9.169103 -9.168846 -9.226358 -9.32458 -9.157523 -9.436729 -9.312104 -9.193015 -9.369309 -9.249015 -9.360644 -9.271896 -9.128052
2012 5 -9.179938 -9.176038 -9.132571 -9.13239 NA -9.228147 -9.146648 -9.20636 -9.161252 -9.174764 -9.250234 -9.262437 -9.224503 -9.3811 -9.339944 -9.209882 -9.305837 -9.266083 -9.304853 -9.392209 -9.242019
2012 6 -9.287235 -9.286639 -9.275637 -9.276015 -9.257808 -9.265115 -9.286006 -9.30272 -9.29204 -9.276394 -9.294982 -9.249212 -9.368841 -9.393608 -9.389338 -9.299744 -9.373986 -9.346388 -9.335886 -9.487203 -9.305714
2012 7 -9.31104 -9.30774 -9.318132 -9.318653 NA -9.296651 -9.301009 -9.314414 -9.313586 -9.28909 -9.311226 -9.342583 NA -9.348817 -9.501554 -9.467906 -9.435083 -9.434232 -9.41345 -9.603695 -9.444469
2012 8 -9.34018 -9.343443 -9.352627 -9.352636 -9.358384 -9.337819 -9.309244 -9.345158 -9.344507 -9.351181 -9.256618 -9.259416 NA -9.436409 -9.484331 -9.514201 -9.42786 -9.499565 -9.381611 -9.591446 -9.503242
2012 9 -9.377327 -9.369828 -9.352054 -9.352084 NA -9.35088 -9.332106 -9.365512 -9.348585 -9.352985 -9.355571 -9.271481 -9.41992 -9.446069 -9.429178 NA -9.450096 -9.451261 -9.464672 -9.778029 -9.584447
2012 10 -9.493101 -9.475134 -9.456964 -9.456979 NA -9.474394 -9.465861 -9.499586 -9.460594 -9.515864 -9.47749 -9.461759 -9.540757 -9.622975 -9.781315 NA -9.606762 -9.656433 -9.606423 -9.738137 -9.670226
2012 11 -9.602067 -9.594089 -9.531392 -9.532233 -9.545844 -9.612288 -9.611314 -9.636049 -9.546649 -9.564507 -9.587058 -9.59057 -9.698822 -9.830603 NA NA -9.76819 -9.79678 -9.781431 -9.918104 -9.729714
2012 12 -9.735925 -9.726701 -9.735774 -9.736423 -9.668653 -9.806414 -9.815887 -9.817122 -9.78507 -9.832006 -9.798828 -9.805722 -9.824294 -9.879737 -10.0928 NA -9.930855 -9.923436 -9.926987 -9.997254 -9.817526
2013 1 -9.895212 -9.880207 -9.948784 -9.949765 NA -9.949573 -9.892766 -9.98863 -9.994776 NA -10.07834 -10.02811 -10.12058 -10.10461 -10.259 NA -9.973578 -10.07303 -9.964997 -10.05849 -9.914301
2013 2 -10.01238 -9.981566 -9.975396 -9.967423 NA -10.15407 -10.06532 -10.07771 -10.07246 -10.01055 -10.15743 -10.20128 -9.970466 -10.14495 -10.26849 -10.0762 -9.952821 -10.07317 -9.951211 -10.03325 -9.880344
2013 3 -10.06624 -10.08455 -10.08829 -10.07683 -10.13872 -10.1308 -10.06256 -10.10174 -10.07115 -10.0304 -10.10798 -10.05401 -10.11698 -10.14032 -10.24009 -10.18 -10.02573 -10.08394 -10.01977 -10.04165 -9.964944
2013 4 -9.999576 -9.999192 -10.0179 -10.01791 -10.03686 -10.04562 -10.03747 -10.05894 -10.00486 -10.03067 -9.988649 -10.05162 -9.992706 -10.02541 -10.12726 -10.17059 -10.05239 -10.06883 -10.0658 -10.10325 -9.981058
2013 5 -10.03113 -10.02117 -10.02431 -10.02376 -9.992215 -10.05537 -10.07089 -10.06564 -10.02258 -10.00037 -10.03816 -10.00149 -9.992268 -10.12152 -10.14218 -10.1183 -10.09477 -10.09109 -10.09091 -10.21806 -10.01476
2013 6 -10.07204 -10.08534 -10.12841 -10.12829 -10.18382 -10.11485 -10.04991 -10.08333 -10.06723 -10.07899 -10.02525 -9.974852 -9.997725 -10.17119 -10.14916 -10.17149 -10.09945 -10.13499 -10.09554 -10.32691 -10.1831
2013 7 -10.12976 -10.128 -10.1187 -10.11877 -10.11128 -10.12934 -10.15231 -10.14097 -10.16674 -10.1008 -10.05903 -10.04989 -10.01432 -10.15456 -10.32059 -10.16489 -10.20466 -10.32496 -10.2444 -10.43466 -10.26195
2013 8 -10.16745 -10.16066 -10.15019 -10.18197 -10.12518 -10.15061 -10.15733 -10.16133 -10.14837 -10.16212 -10.10055 -10.0217 NA -10.12563 -10.19152 NA -10.35746 -10.179 -10.38865 -10.47675 -10.33707
2013 9 -10.26009 -10.25758 -10.26006 -10.25987 -10.21345 -10.24431 -10.25787 -10.25474 -10.25154 -10.24574 -10.20489 -10.20873 -10.34494 -10.26435 -10.35646 NA -10.38528 -10.43951 -10.39315 -10.55432 -10.44281
2013 10 -10.32595 -10.31705 -10.31335 -10.31356 -10.31288 -10.32799 -10.31362 -10.32878 -10.3373 -10.30486 -10.29018 -10.3109 -10.46362 -10.39743 -10.37977 NA -10.47124 -10.42242 -10.46337 -10.61117 -10.53195
2013 11 -10.45797 -10.45301 -10.40651 -10.35743 -10.35755 -10.46586 -10.52622 -10.50788 -10.48706 -10.35754 -10.47889 -10.49233 -10.50185 -10.6367 -10.51641 -10.56777 -10.70183 -10.67525 -10.69714 -10.69769 -10.5976
2013 12 -10.62761 -10.60841 -10.58584 -10.58568 -10.53596 -10.66547 -10.69141 -10.7367 -10.7358 -10.74765 -10.68678 -10.68859 -10.81941 -10.93748 -10.89932 NA -10.76756 -10.77133 -10.76313 -10.79154 -10.6268
2014 1 -10.68669 -10.6824 -10.66286 -10.6627 -10.64271 -10.78689 -10.85091 -10.81542 -10.78654 -10.7941 -10.82862 -10.78636 -10.7901 -10.97492 -10.93747 NA -10.94057 -10.91702 -10.9363 -10.88102 -10.65976
2014 2 -10.80395 -10.77173 -10.79967 -10.79891 -10.73552 -10.92219 -10.77894 -10.85101 -10.80777 -10.88811 -10.96201 -10.9053 -10.7872 -10.91189 -10.98702 NA -10.86754 -10.79602 -10.86606 -10.8083 -10.66648
2014 3 -10.79797 -10.76753 -10.76015 -10.75948 -10.72722 -10.9612 -10.84359 -10.82872 -10.81468 -10.86939 -10.88914 -10.76395 -10.84272 -10.9091 -10.88216 -10.91529 -10.83811 -10.85055 -10.85998 -10.72966 -10.69255
2014 4 -10.78526 -10.79165 -10.7913 -10.79369 -10.83551 -10.76455 -10.80475 -10.7955 -10.79468 -10.78003 -10.88572 -10.86399 -10.78925 -10.96016 -10.92713 -10.88492 -10.69803 -10.79982 -10.71979 -10.79669 -10.74389
2014 5 -10.74168 -10.73757 -10.74083 -10.71615 -10.76557 -10.7628 -10.7701 -10.76881 -10.74831 -10.70103 -10.76792 -10.74065 -10.69895 -10.90911 -10.87779 -10.88724 -10.87743 -10.85869 -10.86157 -10.99837 -10.80455
2014 6 -10.75832 -10.75934 -10.74576 -10.74494 -10.74768 -10.76544 -10.74254 -10.75834 -10.7547 -10.74847 -10.72817 -10.76028 -10.74886 -10.9478 -10.89108 -11.02498 -10.99102 -11.00921 -11.00715 -11.09 -10.8939
2014 7 -10.79661 -10.79185 -10.79091 -10.79094 -10.76672 -10.78787 -10.7856 -10.7835 -10.79495 -10.77633 -10.75988 -10.71516 NA -10.86372 -10.94991 -10.96914 -10.9662 NA NA -11.16468 -10.96813
2014 8 -10.85883 -10.86212 -10.81682 -10.81667 -10.76299 -10.88357 -10.86852 -10.84911 -10.80573 -10.84123 -10.76224 -10.88304 -10.75898 -11.04769 -10.9255 -10.98874 -10.91448 -10.80044 -10.87521 -11.08525 -11.06538
2014 9 -10.9091 -10.90126 -10.89652 -10.89656 -10.88794 -10.91332 -10.90949 -10.89212 -10.84452 -10.89319 -10.90532 -10.90245 -10.83448 -10.89146 -11.017 -11.16647 -11.09624 -11.23418 -11.12139 -11.21843 -11.13963
2014 10 -10.99908 -10.99301 -10.98522 -10.9857 -10.97135 -10.99812 -10.98571 -11.00461 -10.98257 -11.02068 -10.97287 -10.99984 -10.9132 -10.98569 -11.3456 -11.25375 -11.15212 -11.23885 -11.14864 -11.32422 -11.23744
2014 11 -11.14805 -11.13138 -11.13348 -11.13351 -11.0928 -11.15093 -11.17468 -11.17671 -11.1928 -11.14332 -11.16987 -11.19036 -11.2094 -11.2818 -11.37477 -11.24997 -11.44079 -11.36973 -11.40538 -11.49537 -11.32146
2014 12 -11.34373 -11.30811 -11.30407 -11.25479 -11.205 -11.35611 -11.551 -11.46634 -11.38593 -11.42082 -11.44582 -11.5687 -11.59133 -11.65602 NA NA -11.67298 -11.60158 -11.64082 -11.40911 -11.46337
2015 1 -11.52151 -11.50619 -11.47857 -11.46398 -11.40371 -11.68552 -11.61991 -11.63721 -11.6314 -11.702 -11.75268 -11.70853 -11.70358 -11.81174 -11.94587 -11.35166 -11.62242 -11.67688 -11.61513 -11.61383 -11.51636
2015 2 -11.61667 -11.64093 -11.6263 -11.65238 -11.58627 -11.76433 -11.85485 -11.8283 -11.72887 -11.82462 -11.78702 -11.78163 -11.72691 -11.95987 -11.87906 -11.56532 -11.56904 -11.74049 -11.58089 -11.53994 -11.63
2015 3 -11.63769 -11.6732 -11.71973 -11.70249 NA -11.79328 -11.71299 -11.72371 -11.69253 -11.55557 -11.70149 -11.63716 -11.5057 -11.80028 -11.7746 NA -11.72937 -11.70314 -11.72743 -11.59259 -11.56006
2015 4 -11.61024 -11.61169 -11.59083 -11.5908 -11.57112 -11.59401 -11.59121 -11.5918 -11.6054 -11.63546 -11.65364 -11.62837 -11.54764 -11.6335 -11.60681 NA -11.66774 -11.68052 -11.66579 -11.61884 -11.6137
2015 5 -11.54786 -11.55066 -11.55921 -11.58413 -11.58413 -11.53662 -11.56819 -11.533 -11.53313 -11.51014 -11.57075 -11.55914 -11.5547 -11.77406 -11.84538 -11.64271 -11.60182 -11.69837 -11.60812 -11.77208 -11.6285
2015 6 -11.54986 -11.54312 -11.52696 -11.52213 -11.53074 -11.53925 -11.52068 -11.53174 -11.56295 -11.55351 -11.51589 -11.45374 -11.49298 -11.59472 -11.83379 -11.63942 -11.64044 -11.65393 -11.63745 -11.88012 -11.73233
2015 7 -11.5684 -11.58178 -11.56451 -11.56733 NA -11.52898 -11.51935 -11.5063 -11.53753 -11.5459 -11.41105 -11.48076 NA -11.70531 -11.61513 -11.56287 -11.65054 -11.69251 -11.63206 -11.92289 -11.77493
2015 8 -11.56673 -11.54798 -11.52737 -11.52735 -11.53098 -11.53064 -11.53649 -11.54005 -11.56461 -11.54175 -11.58021 -11.49057 NA -11.60856 -11.73529 NA -11.60294 -11.96021 -11.67223 -11.90509 -11.82835
2015 9 -11.61019 -11.58697 -11.58978 -11.59066 -11.59926 -11.56956 -11.53209 -11.56865 -11.57466 -11.58846 -11.57186 -11.60015 NA -11.56038 -11.83928 -11.93863 -11.77244 -11.7855 -11.80502 -12.09443 -11.91205
2015 10 -11.7515 -11.74089 -11.71534 -11.71409 -11.6709 -11.7303 -11.728 -11.74008 -11.75869 -11.70238 -11.67937 -11.67368 -11.92486 -11.79283 -11.85861 NA -11.76415 -11.76839 -11.76378 -12.05823 -12.05883
2015 11 -11.89937 -11.86948 -11.82633 -11.82587 -11.73778 -11.87888 -11.91112 -11.92547 -11.81733 -11.93657 -11.89183 -11.87249 -11.91485 -12.06527 -12.02869 -12.01836 -12.13891 -12.07357 -12.1288 -12.15512 -12.10169
2015 12 -12.11391 -12.07671 -12.04263 -12.0348 -12.02309 -12.13856 -12.15487 -12.18051 -12.10076 -12.15168 -12.15264 -12.23891 -12.51786 -12.38282 -12.41266 -12.39378 -12.30608 -12.45164 -12.30334 -12.33507 -12.23088
2016 1 -12.31358 -12.36445 -12.35854 -12.35829 NA -12.50254 -12.66494 -12.52615 -12.48678 -12.53552 -12.566 -12.62425 -12.65061 -12.52955 -12.77042 NA -12.37283 -12.4965 -12.37339 -12.40272 -12.31766
2016 2 -12.58886 -12.65812 -12.56246 -12.56433 NA -12.82853 -12.76882 -12.79431 -12.59281 -12.75121 -12.7186 -12.80384 -12.75451 -12.73124 -12.85141 -12.41733 -12.59808 -12.55685 -12.60705 -12.5045 -12.45641
2016 3 -12.57009 -12.52624 -12.53446 -12.5296 -12.50716 -12.78863 -12.64275 -12.62701 -12.68088 -12.60632 -12.6667 -12.64706 -12.50308 -12.59777 -12.77322 NA -12.53936 NA -12.49899 -12.56894 -12.55946
2016 4 -12.55221 -12.61748 -12.70364 -12.70451 NA -12.58595 -12.52829 -12.51373 -12.4763 -12.57078 -12.60236 -12.64609 -12.64494 -12.66378 -12.6622 NA -12.5864 -12.56957 -12.57882 -12.61397 -12.54485
2016 5 -12.43728 -12.4396 -12.42465 -12.43045 -12.45399 -12.42512 -12.42388 -12.40414 -12.36632 -12.40321 -12.51395 -12.46215 -12.53871 -12.42096 -12.43578 -12.53899 -12.57764 -12.59706 -12.58212 -12.66071 -12.53531
2016 6 -12.38275 -12.37002 -12.38629 NA -12.42935 -12.36436 -12.34351 -12.32049 -12.37655 -12.31226 -12.28903 -12.29704 -12.58308 -12.2847 -12.8006 -12.68351 -12.57328 -12.58409 -12.57159 -12.72874 -12.58028
2016 7 -12.3735 -12.36765 -12.3953 -12.39827 -12.38939 -12.33679 -12.34718 -12.31667 -12.31161 -12.34799 -12.38763 -12.34791 NA -12.44753 -12.60817 -12.53152 -12.51298 -12.563 -12.52528 -12.73585 -12.59737
2016 8 -12.44103 -12.43489 -12.42973 -12.42996 -12.43783 -12.41465 -12.43163 -12.42034 -12.38057 -12.44039 -12.38278 -12.41082 -12.23085 -12.43917 -12.59712 -12.52182 -12.50979 -12.53743 -12.50704 -12.73378 -12.74337
2016 9 -12.49111 -12.48574 -12.47797 -12.4779 -12.48794 -12.46898 -12.44958 -12.46152 -12.47153 -12.46034 -12.32654 -12.36406 NA -12.46198 -12.60264 -12.7641 -12.64852 -12.66236 -12.64851 -12.85289 -12.69336
2016 10 -12.55649 -12.55015 -12.5118 -12.51181 -12.51344 -12.56439 -12.5597 -12.55397 -12.55481 NA -12.55214 -12.54912 -12.61846 NaN -12.72592 -12.92413 -12.70838 -12.70041 -12.70393 -12.88801 -12.82473
2016 11 -12.71471 -12.69336 -12.68208 -12.68292 -12.63096 -12.73587 -12.7462 -12.73329 -12.7121 -12.78353 -12.74533 -12.76842 -12.68442 -12.85889 -12.96407 -12.91368 -12.9822 -12.89596 -12.89537 -13.08534 -12.87468
2016 12 -12.91489 -12.90999 -12.84865 -12.84857 NA -12.92141 -12.93115 -12.95775 -13.05435 -12.88853 -12.9275 -13.01097 -13.07878 -13.17733 -13.33654 -13.22948 -13.09351 -13.10623 -13.09334 -13.19518 -13.03925
2017 1 -13.0882 -13.10085 -13.07358 -13.18394 -13.05413 -13.44806 -13.32754 -13.27517 -13.12586 -13.10269 -13.33994 -13.34168 NA -13.40823 -13.55831 -13.28426 -13.3132 -13.29564 -13.30778 -13.25994 -13.2527
2017 2 -13.3139 -13.27211 -13.24636 -13.30584 -13.24829 NA -13.4175 -13.43357 -13.34424 -13.31822 -13.51378 -13.31788 -13.29253 -13.37003 -13.40495 -13.36807 -13.37411 -13.39636 -13.39977 -13.21879 -13.21076
2017 3 -13.32174 -13.29374 -13.29639 -13.29049 NA NA -13.32748 -13.35225 -13.32157 -13.35982 -13.5088 -13.65705 -13.27703 NA -13.44536 -13.28815 -13.34101 -13.3755 -13.37711 -13.29154 -13.26807
2017 4 -13.30631 -13.31221 -13.30835 -13.30915 NA NA -13.27659 -13.27727 -13.29104 -13.33838 -13.3445 -13.43223 -13.40648 NA -13.33665 -13.36179 -13.23482 -13.271 -13.31034 -13.2994 -13.28055
2017 5 -13.21797 -13.22142 -13.24061 -13.23946 -13.25637 NA -13.16612 -13.16913 -13.23074 -13.22058 -13.07413 -13.16349 -13.20492 -13.36521 -13.19824 -13.36944 -13.28212 -13.3095 -13.28662 -13.41323 -13.27807
2017 6 -13.21801 -13.18999 -13.1713 -13.17937 -13.20391 NA -13.17504 -13.17345 -13.23019 -13.22813 -13.26331 -13.21724 NA -13.36369 -13.3859 -13.3734 -13.34616 -13.3578 -13.33757 -13.58384 -13.36965
2017 7 -13.21291 -13.17962 -13.16809 -13.22411 -13.23435 NA -13.19271 -13.17476 -13.21654 -13.23542 -13.25778 -13.19591 -13.2388 -13.38313 -13.32269 -13.33871 -13.37536 -13.40019 -13.39221 -13.67405 -13.50098
2017 8 -13.30088 -13.30749 -13.28146 -13.29596 -13.30725 NA -13.2661 -13.25992 -13.25658 -13.27385 -13.24888 -13.28072 NA -13.37762 -13.54231 -13.5147 -13.44822 -13.36274 -13.35895 -13.7786 -13.50639
2017 9 -13.28423 -13.28955 -13.32963 -13.32963 -13.33058 NA -13.31205 -13.2813 -13.31521 -13.26765 -13.19979 -13.16767 NA -13.28316 -13.37848 -13.58594 -13.40739 -13.40994 -13.40614 -13.69055 -13.57768
2017 10 -13.4128 -13.39828 -13.39542 -13.39536 -13.37384 NA -13.38778 -13.3885 -13.43846 -13.35811 -13.30447 -13.24383 NA -13.36284 -13.78905 -13.4849 -13.59247 -13.55375 -13.52135 -13.7681 -13.6385
2017 11 -13.56421 -13.55743 -13.53655 NA -13.47548 NA -13.63334 -13.58302 -13.60817 -13.61379 -13.52187 -13.50667 NA -13.85265 -13.88994 -13.79843 -13.74999 -13.67064 -13.62754 -13.95259 -13.77002
2017 12 -13.71749 -13.70507 -13.69945 -13.69788 -13.65513 -13.86217 -13.78908 -13.78473 -13.82427 -13.77395 -13.87314 -13.8006 NA -13.95153 -14.0293 -13.95016 -13.9032 -13.93127 -13.92269 -13.91287 -13.90594
2018 1 NA NA NA NA NA NA NA -13.86665 NA NA NA NA NA NA NA NA NA NA NA -14.05022 -13.99194
2018 2 NA NA NA NA NA NA NA NA NA NA NA NA NA NA NA NA NA NA NA NA NA
2018 3 NA NA NA NA NA NA NA NA NA NA NA NA NA NA NA NA NA NA NA NA NA
2018 4 NA NA NA NA NA NA NA NA NA NA NA NA NA NA NA NA NA NA NA NA NA
2018 5 NA NA NA NA NA NA NA NA NA NA NA NA NA NA NA NA NA NA NA NA NA
2018 6 NA NA NA NA NA NA NA NA NA NA NA NA NA NA NA NA NA NA NA NA NA
2018 7 NA NA NA NA NA NA NA NA NA NA NA NA NA NA NA NA NA NA NA NA NA
2018 8 NA NA NA NA NA NA NA NA NA NA NA NA NA NA NA NA NA NA NA NA NA
2018 9 NA NA NA NA NA NA NA NA NA NA NA NA NA NA NA NA NA NA NA NA NA
2018 10 NA NA NA NA NA NA NA NA NA NA NA NA NA NA NA NA NA NA NA NA NA
2018 11 NA NA NA NA NA NA NA NA NA NA NA NA NA NA NA NA NA NA NA NA NA
2018 12 NA NA NA NA NA NA NA NA NA NA NA NA NA NA NA NA NA NA NA NA NA
2019 1 NA NA NA NA NA NA NA NA NA NA NA NA NA NA NA NA NA NA NA NA NA
2019 2 NA NA NA NA NA NA NA NA NA NA NA NA NA NA NA NA NA NA NA NA NA
2019 3 NA NA NA NA NA NA NA NA NA NA NA NA NA NA NA NA NA NA NA NA NA
2019 4 NA NA NA NA NA NA NA NA NA NA NA NA NA NA NA NA NA NA NA NA NA
2019 5 NA NA NA NA NA NA NA NA NA NA NA NA NA NA NA NA NA NA NA NA NA
2019 6 NA NA NA NA NA NA NA NA NA NA NA NA NA NA NA NA NA NA NA NA NA
2019 7 NA NA NA NA NA NA NA NA NA NA NA NA NA NA NA NA NA NA NA NA NA
2019 8 NA NA NA NA NA NA NA NA NA NA NA NA NA NA NA NA NA NA NA NA NA
2019 9 NA NA NA NA NA NA NA NA NA NA NA NA NA NA NA NA NA NA NA NA NA
2019 10 NA NA NA NA NA NA NA NA NA NA NA NA NA NA NA NA NA NA NA NA NA
2019 11 NA NA NA NA NA NA NA NA NA NA NA NA NA NA NA NA NA NA NA NA NA
2019 12 NA NA NA NA NA NA NA NA NA NA NA NA NA NA NA NA NA NA NA NA NA
2020 1 NA NA NA NA NA NA NA NA NA NA NA NA NA NA NA NA NA NA NA NA NA
2020 2 NA NA NA NA NA NA NA NA NA NA NA NA NA NA NA NA NA NA NA NA NA
2020 3 NA NA NA NA NA NA NA NA NA NA NA NA NA NA NA NA NA NA NA NA NA
2020 4 NA NA NA NA NA NA NA NA NA NA NA NA NA NA NA NA NA NA NA NA NA
2020 5 NA NA NA NA NA NA NA NA NA NA NA NA NA NA NA NA NA NA NA NA NA
2020 6 NA NA NA NA NA NA NA NA NA NA NA NA NA NA NA NA NA NA NA NA NA
2020 7 NA NA NA NA NA NA NA NA NA NA NA NA NA NA NA NA NA NA NA NA NA
2020 8 NA NA NA NA NA NA NA NA NA NA NA NA NA NA NA NA NA NA NA NA NA
2020 9 NA NA NA NA NA NA NA NA NA NA NA NA NA NA NA NA NA NA NA NA NA
2020 10 NA NA NA NA NA NA NA NA NA NA NA NA NA NA NA NA NA NA NA NA NA
2020 11 NA NA NA NA NA NA NA NA NA NA NA NA NA NA NA NA NA NA NA NA NA
2020 12 NA NA NA NA NA NA NA NA NA NA NA NA NA NA NA NA NA NA NA NA NA
