year month SPO_NOAA_insitu SPO_NOAA_flask SPO_SIO_O2_flask SPO_SIO_CDK_flask SPO_CSIRO_flask HBA_NOAA_flask SYO_NOAA_flask SYO_TU_insitu MAA_CSIRO_flask CYA_CSIRO_flask PSA_NOAA_flask PSA_SIO_O2_flask DRP_NOAA_flask MQA_CSIRO_flask CRZ_NOAA_flask BHD_NIWA_insitu CGO_NOAA_flask CGO_SIO_O2_flask CGO_CSIRO_flask AMS_LSCE_insitu CPT_SAWS_insitu
1998 1 410.1183 410.0993 410.0839 410.0817 410.0387 410.1093 NA 410.0986 410.1176 410.129 410.1332 410.1933 NA 410.1328 410.0714 NA 410.3799 410.3844 410.3894 410.3018 410.5449
1998 2 410.3081 410.2689 410.2096 410.2101 410.1853 410.2522 NA 410.3232 410.337 410.3746 410.4314 410.4199 NA 410.5113 410.3373 410.7917 410.4521 410.4321 410.4392 410.6352 411.1119
1998 3 410.5428 410.4819 410.4809 410.4818 410.4566 410.5244 NA 410.5579 410.5021 410.5618 410.6928 410.6291 NA 410.6233 410.6075 411.1527 410.856 411.0486 410.7825 410.8232 411.2388
1998 4 410.8139 410.7647 410.7253 410.7247 410.6512 410.794 NA 410.8341 410.9148 410.836 410.8772 411.0359 NA 410.9066 411.0509 411.3201 411.0759 411.1451 411.0264 411.2304 411.5367
1998 5 411.1791 411.1287 411.0986 411.1024 411.0339 411.1903 NA 411.173 411.1658 411.2633 411.3247 411.293 NA 411.3101 411.2313 NA 411.525 411.1633 411.5353 411.4287 411.691
1998 6 411.5148 411.4456 411.4574 411.4594 411.3415 411.5063 NA 411.5078 411.5462 411.5263 411.6348 411.5327 NA 411.6747 411.5606 411.8409 411.6458 411.6238 411.6805 411.6733 412.0953
1998 7 411.7909 411.8178 411.7008 411.7001 411.6183 411.8192 NA 411.8207 411.8799 411.718 411.8127 411.8349 NA 411.8158 411.8386 412.1045 411.9855 412.0308 411.9352 412.0516 412.3264
1998 8 412.1004 412.0694 412.0673 412.0575 411.9742 412.1289 NA 412.1427 412.2007 412.1312 412.1735 412.1739 NA 412.1 412.1152 412.4548 412.5619 412.7572 412.5659 412.3403 412.5717
1998 9 412.3947 412.3704 412.3101 412.3116 412.3115 412.3983 NA 412.4163 412.3986 412.3679 412.3714 412.3125 NA 412.5031 412.3826 412.5664 412.5267 412.5751 412.5773 412.6009 412.7659
1998 10 412.632 412.6232 412.6035 412.6084 NA 412.6549 NA 412.6452 412.6363 412.6229 412.6599 412.6126 NA 412.802 412.7772 NA 412.8148 412.7649 412.8138 412.8308 413.0515
1998 11 412.8575 412.8741 412.8569 412.858 412.8604 412.8554 NA 412.8738 412.843 412.8757 412.8971 412.9493 NA 412.9381 412.9574 413.0892 413.1541 413.2391 413.2023 413.0339 413.2357
1998 12 413.0383 413.0407 413.0228 413.0227 NA 413.0511 NA 413.0443 413.0705 413.041 413.0683 413.1223 NA 413.1998 413.1157 413.2722 413.2126 413.1194 413.2077 413.2473 413.4851
1999 1 413.2352 413.2123 413.2298 413.2304 413.1049 413.2377 413.2776 413.223 413.2021 413.2152 413.3239 413.2433 NA 413.2732 413.2581 413.7915 413.6213 413.8845 413.5155 413.445 413.7703
1999 2 413.4318 413.405 413.3688 413.4196 413.2934 413.4295 413.4787 413.4427 413.4188 413.4761 413.4379 413.4533 NA 413.6761 NA 413.6945 413.804 413.7507 413.7245 413.708 413.9611
1999 3 413.6716 413.5897 413.5925 413.5187 413.5187 413.7092 413.6997 413.7148 413.7305 413.6873 413.8518 413.7999 NA 413.686 413.8709 414.1109 414.0444 414.0648 414.0203 414.0516 414.3769
1999 4 413.9717 413.9563 413.9176 413.9533 413.8806 414.0438 413.8652 413.9671 413.9886 NA 414.1475 414.1194 NA 414.1384 NA 414.3695 414.3355 414.4613 414.2845 414.3486 414.6698
1999 5 414.3202 414.3085 414.2077 414.2077 414.1068 414.3202 414.2815 414.3233 414.3325 414.4 414.4022 414.4238 NA 414.3838 414.4644 414.4924 414.6429 414.5249 414.6457 414.5385 414.9245
1999 6 414.6176 414.6002 414.5845 NA NA 414.5735 414.5283 414.6232 414.5949 414.6338 414.6871 414.7146 NA 414.8734 414.7689 414.9668 414.9389 414.8444 414.8987 414.8552 415.1547
1999 7 414.879 414.8632 414.8178 414.8178 414.7562 414.8912 414.8309 414.882 414.896 414.9084 414.9963 414.9561 NA 415.0317 NA 415.0841 415.2883 NA 415.1359 415.0513 415.4123
1999 8 415.2297 415.1852 415.1393 415.1394 415.071 415.1956 415.2222 415.2435 415.1739 415.2499 415.1962 415.2018 NA 415.2662 NA 415.5337 415.6181 415.4863 415.6307 415.4166 415.6445
1999 9 415.5273 415.4971 415.4698 415.4705 415.4146 415.5362 415.504 415.5225 415.4287 415.4839 415.5635 415.5858 NA 415.6766 NA 415.778 415.8965 415.9807 415.9735 415.7127 415.8923
1999 10 415.7993 415.7657 415.7335 415.7334 415.6493 415.7835 415.7618 415.774 415.782 415.8513 415.819 415.863 NA 415.851 NA NA 416.0375 416.0476 416.0328 415.9657 416.2734
1999 11 415.9799 415.9566 415.982 415.9353 415.9375 415.9675 415.9868 415.9772 415.983 416.0097 416.0084 416.0878 NA 416.0279 NA 416.1915 416.1136 416.1153 416.0579 416.1169 416.3595
1999 12 416.1311 416.1379 416.1016 416.0977 416.1072 416.1346 416.1442 416.1244 416.1339 416.1432 416.1858 416.2467 NA 416.1142 416.2211 416.2678 416.3888 416.4157 416.3588 416.3379 416.7549
2000 1 416.2767 416.3157 416.2765 416.277 416.2204 416.2994 416.2601 416.3005 NA 416.273 416.2807 416.2537 NA 416.313 NA 416.4666 416.693 417.0121 416.7722 416.5793 416.7928
2000 2 416.4736 416.5096 416.4347 416.4921 416.3743 416.5298 416.4802 416.4834 416.6149 416.3771 416.6009 416.6705 NA 416.602 416.7546 417.0095 417.1489 417.2411 416.9819 416.8264 417.2862
2000 3 416.8398 416.8298 416.769 NA 416.6998 416.8062 416.8747 416.7625 416.7015 416.717 416.8524 416.9533 NA 416.7676 416.948 417.0626 417.0885 417.129 417.1315 417.1595 417.7203
2000 4 417.1157 417.0847 417.0237 417.0242 416.9596 417.1001 417.1536 417.1567 417.1448 417.0291 417.2142 417.2328 NA 417.512 417.2059 417.4065 417.6568 417.6784 417.6596 417.4482 417.91
2000 5 417.4458 417.4263 417.381 417.3807 417.3547 417.4962 417.4778 417.4397 417.3827 NA 417.5462 417.511 NA 417.6086 417.6651 418.0002 417.7188 417.6212 417.7268 417.7482 418.1234
2000 6 417.798 417.7664 417.725 417.7254 417.6475 417.8043 417.902 417.8157 417.7231 NA 417.8194 417.8155 NA 417.9379 417.9824 418.4396 418.145 418.0696 418.1666 418.0631 418.4043
2000 7 418.1022 418.1087 418.0349 418.0364 417.991 418.105 418.1806 418.1183 418.0606 NA 418.1239 418.2145 NA 418.1706 418.1445 418.2743 418.3692 418.4392 418.364 418.3447 418.6846
2000 8 418.4001 418.3765 418.3393 418.3394 418.3016 418.3579 418.4538 418.3998 418.2795 NA 418.4673 418.5336 NA 418.3955 418.3961 418.6889 418.6403 418.6091 418.6201 418.596 419.0452
2000 9 418.6654 418.6459 418.5967 418.597 418.5482 418.6854 418.6934 418.6517 418.6964 NA 418.6621 418.7507 NA 418.7137 418.5706 418.8512 418.8895 418.9299 418.8043 418.9029 418.9929
2000 10 418.9201 418.9254 418.889 418.8876 NA 418.9064 418.8196 418.9029 418.8606 NA 418.9311 418.9625 NA 418.9571 418.987 419.0271 419.0713 419.0041 419.112 419.0507 419.3295
2000 11 419.1136 419.0601 419.0509 419.0514 419.0012 419.099 419.0986 419.0983 419.0983 NA 419.1428 419.1197 NA 419.1342 419.1875 419.1768 419.4361 419.3375 419.3716 419.2236 419.4837
2000 12 419.2331 419.2288 419.2134 419.2128 419.1797 419.2325 419.255 419.2376 419.2212 NA 419.2993 419.3215 NA 419.3 419.2411 419.4681 419.3655 419.3441 419.3807 419.4316 419.6629
2001 1 419.45 419.3887 419.3854 419.3858 419.3177 419.4579 419.585 419.4754 419.4372 NA 419.4982 419.3988 NA 419.5868 419.7038 NA 419.9176 419.8415 419.9211 419.6925 419.9785
2001 2 419.6703 NA 419.6062 419.6052 419.5668 419.7169 419.7541 419.7222 419.7357 NA 419.7714 419.8085 NA 419.9191 419.7882 NA 420.0588 420.1314 420.1451 420.0083 420.2973
2001 3 419.9261 NA 419.9268 419.8415 419.757 419.9355 419.8373 419.932 419.99 NA 420.0383 420.0803 NA 420.2075 420.0768 420.2555 420.2795 420.3624 420.2914 420.3631 420.7266
2001 4 420.2804 NA 420.2004 420.2043 420.0875 420.2711 420.4543 420.3093 420.3062 NA 420.3572 NA NA 420.5143 420.3991 420.5894 420.4067 420.5543 420.455 420.542 420.9851
2001 5 420.6091 NA 420.5654 420.4911 420.417 420.5703 420.7081 420.6077 420.6659 NA 420.7385 NA NA 420.8335 420.7808 420.8041 420.991 420.9993 420.9474 420.9334 421.2443
2001 6 420.9163 NA 420.8793 420.8798 420.8481 420.8653 420.8907 420.9389 420.9181 NA 420.9893 NA NA 420.9542 421.0855 421.2128 421.2196 421.319 421.2176 421.1618 421.5118
2001 7 421.2073 421.2663 421.1331 421.1332 421.0049 421.1554 421.1792 421.2176 421.1437 NA 421.2421 NA NA 421.5592 421.3013 421.5248 421.5358 421.5141 421.5406 421.4025 421.6375
2001 8 421.5103 421.4712 421.4235 421.4236 421.3192 421.4959 421.4699 421.5144 421.5422 NA 421.4737 NA NA 421.5122 421.6327 421.6946 421.6402 421.7106 421.6504 421.7505 421.932
2001 9 421.8484 421.8016 421.9449 421.7929 421.6404 421.8868 421.7985 421.8234 421.8629 NA 422.1483 NA NA 421.8708 421.9484 422.1209 422.0875 422.0142 422.0911 422.0731 422.2634
2001 10 422.0651 422.0802 422.0894 422.0891 422.0914 422.0581 422.1217 422.0749 422.0878 NA 422.1358 422.2022 NA 422.0716 422.0425 422.5177 422.2929 422.2715 422.2994 422.1689 422.5476
2001 11 422.3234 422.3377 422.3067 422.3448 422.3512 422.2691 422.3038 422.2947 422.2807 NA 422.3585 422.2895 NA 422.2638 NA 422.5408 422.6261 422.6287 422.6742 422.4318 422.8094
2001 12 422.4922 422.5052 422.4294 422.4687 NA 422.4604 422.485 422.4844 422.4673 NA 422.4935 422.5818 NA 422.641 NA 422.7435 422.6426 422.6405 422.6411 422.6387 422.81
2002 1 422.6916 422.6554 422.6279 422.6275 NA 422.6233 422.7145 422.687 422.727 422.8417 422.6594 422.5671 NA 422.6766 NA 422.9068 422.8706 NA 422.87 422.9192 423.0759
2002 2 422.8659 422.8534 422.7891 422.8083 NA 422.886 422.9064 422.8856 422.8239 423.0461 422.993 422.8182 NA 422.9857 NA 423.1711 423.1355 423.2399 423.1747 423.2219 423.5169
2002 3 423.212 423.1755 423.0915 423.0915 423.173 423.1419 423.2513 423.2171 423.0898 423.0607 423.3022 423.2651 NA 423.1855 NA 423.5742 423.5142 423.3429 423.5336 423.4815 423.9926
2002 4 423.6042 423.6165 423.547 423.5467 423.4199 423.5704 423.633 423.5209 423.5538 NA 423.5843 423.7784 NA 423.6617 423.7477 423.7994 423.7046 423.7083 423.7021 423.8108 424.1987
2002 5 423.9397 423.9117 423.8593 423.8602 423.9282 423.9006 423.8946 423.9676 NA NA 423.8676 423.9121 NA 423.9952 NA 424.194 424.1309 424.2627 424.0714 424.0713 424.2497
2002 6 424.2245 424.224 424.2112 424.211 424.1652 424.2305 424.1801 424.2304 NA 424.241 424.2499 424.2799 NA 424.1789 424.4031 424.4274 424.4396 424.4416 424.4496 424.3681 424.6004
2002 7 424.5103 424.484 424.4402 424.4407 424.3863 424.4954 424.4805 424.523 NA 424.5419 424.6426 424.6497 NA 424.6397 424.6673 424.7714 424.8809 424.9221 424.6818 424.7316 424.9592
2002 8 424.8459 424.7947 424.7687 424.7677 424.6342 424.8734 424.8351 424.835 NA 424.7382 424.903 424.8667 NA 424.9836 424.9197 425.0854 424.9663 424.9269 424.972 425.0125 425.2872
2002 9 425.131 425.1239 425.0855 425.086 425.0191 425.117 425.0512 425.1065 NA 425.0636 425.2162 425.313 NA 425.3543 425.208 425.3447 425.2381 425.2206 425.2332 425.3817 425.6703
2002 10 425.4028 425.3774 425.357 425.357 425.2969 425.3813 425.3573 425.4006 NA 425.4111 425.421 425.3864 NA 425.5438 425.4561 425.4407 425.6891 425.5366 425.5795 425.5388 425.7364
2002 11 425.587 425.612 425.5556 425.623 425.5639 425.5829 425.5557 425.5748 425.5527 425.5009 425.5997 425.5819 NA 425.6172 425.6925 425.7604 425.8268 425.8009 425.8571 425.785 425.8638
2002 12 425.7489 425.7314 425.6978 425.7181 425.6976 425.7434 425.7856 425.7025 425.7708 425.791 425.8492 425.8447 NA 425.8448 NA 425.9764 425.8989 425.8702 425.8943 425.9485 426.2262
2003 1 425.9564 425.9252 425.9027 425.903 425.8903 425.9261 425.9901 425.9831 425.9358 425.9746 425.9717 425.9505 NA 426.0712 426.382 426.2163 426.2288 426.2806 426.1982 426.1575 426.3573
2003 2 426.1734 426.1229 426.0787 426.1051 NA 426.194 426.298 426.2207 426.1202 426.1702 426.2485 426.2407 NA 426.1891 426.1212 426.4268 426.6136 426.4076 426.6117 426.5286 426.8196
2003 3 426.4803 426.4656 426.4 426.3999 426.3765 426.4509 426.4664 426.5121 426.4788 426.5776 426.6475 426.5985 NA 426.469 NA 426.8469 426.8963 426.7788 426.8853 426.7521 427.0582
2003 4 426.8132 426.7008 426.7097 426.7092 426.6146 426.7484 426.7122 426.7838 426.7734 426.8076 426.9039 426.9766 NA 426.9029 NA 427.0467 426.9894 427.1149 427.0331 427.0542 427.6565
2003 5 427.0993 427.0791 427.0104 427.0103 NA 427.0725 427.1285 427.0786 427.063 427.1326 427.2129 427.2682 NA 427.2303 NA 427.7492 427.6161 427.5297 427.5754 427.3184 427.7109
2003 6 427.4246 427.4174 427.3468 427.3476 427.2853 427.493 427.4926 427.4414 427.457 427.4127 427.4937 427.475 NA 427.4661 NA 427.6635 427.5882 427.7246 427.6266 427.6586 427.9654
2003 7 427.7347 427.7255 427.6784 427.6782 427.571 427.7157 427.6906 427.7519 427.6966 427.8361 427.8078 427.7316 NA 428.0315 427.737 427.9015 428.0032 428.0661 427.9817 428.0487 428.337
2003 8 428.0981 428.0395 427.9738 427.9739 427.8731 428.1269 428.0499 428.1048 428.0623 428.1277 428.1416 428.1115 NA 428.1819 428.2403 428.3906 428.2363 428.2347 428.2278 428.2801 428.4556
2003 9 428.3868 428.4022 428.3319 428.3297 428.2366 428.3699 428.3904 428.3961 428.4378 428.3949 428.4601 428.3392 NA 428.4176 428.4392 428.6124 428.4944 428.6418 428.5523 428.6483 428.7966
2003 10 428.64 428.6216 428.6031 428.603 428.5851 428.6362 428.6303 428.6227 428.666 428.5782 428.6667 428.6941 NA 428.6477 428.6627 428.9619 428.772 428.7667 428.7818 428.8559 429.1071
2003 11 428.8686 428.8537 428.8249 428.8244 428.7658 428.8377 428.8885 428.8687 NA 428.8964 428.8561 428.9985 NA 428.9746 428.8724 429.059 429.23 429.1131 429.1373 429.0838 429.2779
2003 12 429.0536 429.0316 428.9961 428.9193 428.9255 429.0408 429.0296 429.0594 429.0416 429.0809 429.091 429.0266 NA 429.0411 429.0429 429.2848 429.1654 429.1287 429.3846 429.2924 429.3751
2004 1 429.3092 429.2467 429.2083 429.1987 429.1668 429.2826 429.2396 429.2313 429.4056 429.2244 429.3268 429.1994 NA 429.4021 429.2508 429.5768 429.3995 429.4111 429.4047 429.4803 429.7791
2004 2 429.4714 429.5041 429.396 429.3958 NA 429.4186 429.4673 429.5621 429.5255 429.4933 429.6284 429.6538 NA 429.7277 429.4697 429.7404 429.7724 429.7242 429.7888 429.7142 430.096
2004 3 429.7855 429.7858 429.7737 429.7738 429.7285 429.8144 429.7912 429.815 429.8085 429.6774 429.7991 429.932 NA 429.7705 429.8033 430.1399 430.0571 429.9887 430.0257 430.0501 430.4238
2004 4 430.1886 430.1559 430.1166 430.1167 429.9735 430.1382 430.1685 430.173 430.1939 430.1545 430.2212 430.2985 NA 430.3468 430.2677 430.5939 430.55 430.6811 430.5917 430.5301 431.1714
2004 5 430.5115 430.5177 430.4295 430.4294 430.332 430.5371 430.4554 430.5057 430.514 430.4729 430.6614 430.6533 NA 430.7097 430.536 430.965 430.856 430.8427 430.9248 430.7816 431.5454
2004 6 430.8907 430.9281 430.8116 430.8187 430.7119 430.9113 430.8835 430.9033 430.9219 430.9334 430.9461 430.9766 NA 431.0428 431.0895 431.401 431.2215 431.1408 431.187 431.13 431.5991
2004 7 431.1982 431.199 431.1426 431.1437 431.0814 431.2273 431.1791 431.2252 431.2316 431.29 431.2999 431.3172 NA 431.3983 431.2761 431.5731 431.4218 431.4845 431.4275 431.4271 431.8146
2004 8 431.514 431.4417 431.4636 431.4433 431.3835 431.5105 431.5654 431.5307 431.5315 431.5349 431.6283 431.5255 NA 431.76 431.467 431.5765 431.8928 431.9214 431.9513 431.9667 432.2021
2004 9 431.9077 431.9091 431.8779 431.8484 NA 431.8183 431.8204 431.867 431.9227 431.9024 432.0097 432.0023 NA 432.0179 431.9725 432.5879 432.2149 432.1439 432.2446 432.1087 432.3695
2004 10 432.1829 432.159 432.1173 432.1171 432.051 432.2068 432.1049 432.1654 432.1818 432.1934 432.242 432.2695 NA 432.1918 432.2062 432.1961 432.4532 432.3989 432.4887 432.3893 432.6903
2004 11 432.3718 432.3533 432.355 432.3432 432.298 432.3639 432.262 432.3783 432.3931 432.3402 432.5246 432.5136 NA 432.6552 432.4274 432.5937 432.7729 432.566 432.5542 432.6366 432.9056
2004 12 432.6129 432.5942 432.6249 432.5764 432.5492 432.5832 432.6677 432.628 432.6342 432.6189 432.6376 432.6564 NA 432.7289 432.6347 432.6725 432.8816 432.7276 432.8565 432.8011 433.0355
2005 1 432.8154 432.798 432.8127 432.8123 432.7587 432.8101 432.7933 432.822 432.8448 432.8447 432.875 432.8608 NA 432.857 433.0109 NA 433.1799 433.1056 433.1529 433.1072 433.3769
2005 2 433.0587 433.0396 433.0918 433.0548 432.9529 432.9736 433.0591 433.0796 433.0265 433.0832 433.1403 433.2237 NA 433.2857 433.2683 NA 433.3318 433.1845 433.3501 433.3018 433.7099
2005 3 433.3766 433.3397 433.3258 433.3482 433.2647 433.3739 433.4736 433.4291 433.3008 433.2886 433.3893 433.391 NA 433.3106 433.5648 433.7258 433.6489 433.6404 433.608 433.7301 434.1474
2005 4 433.7277 433.7198 433.6202 433.6208 433.5321 433.7622 433.7697 433.7181 433.6602 433.6948 433.816 433.7734 NA NA 434.0064 NA 434.0659 433.8994 434.186 434.0558 434.4882
2005 5 434.1075 434.0905 434.0328 434.0306 433.9714 434.062 434.1088 434.1165 434.158 434.109 434.2344 434.2919 NA 433.9277 434.2419 NA 434.5361 434.5881 434.5528 434.3648 434.7276
2005 6 434.4528 434.4405 434.4465 434.4454 434.4549 434.4344 434.3638 434.4713 434.458 434.5169 434.5685 434.5506 NA 434.6183 434.6428 NA 434.7466 434.8921 434.6996 434.7105 434.9344
2005 7 434.78 434.7888 434.7489 NA NA 434.7798 434.8449 434.7936 434.7966 434.8075 434.8794 434.868 NA 434.9012 435.0596 NA 435.0066 435.108 435.184 435.08 435.5096
2005 8 435.1353 435.1375 435.08 NA 434.9419 435.1468 435.2594 435.1292 435.1459 435.1202 435.2455 435.3581 NA 435.3551 435.1896 435.3613 435.227 435.2168 435.0938 435.3868 435.5783
2005 9 435.5069 435.4902 435.4365 435.4354 435.3323 435.5171 435.494 435.504 435.451 435.5469 435.6429 435.692 NA 435.5214 435.5486 NA 435.6429 435.7598 435.5762 435.7722 436.0068
2005 10 435.8062 435.8153 435.7609 435.7619 435.6136 435.7798 435.7487 435.7779 435.807 435.8217 435.7867 435.8037 NA 435.6871 436.03 NA 436.0645 435.9677 435.9083 436.0301 436.2203
2005 11 436.0427 436.0139 435.9835 435.9835 NA 436.0285 436.0439 436.0162 436.0024 436.0329 436.0829 436.1426 NA 436.0792 436.1397 NA 436.0907 436.0699 436.0709 436.2243 436.4796
2005 12 436.3073 436.254 436.2285 436.1251 436.1236 436.2505 436.329 436.333 436.2872 436.2802 436.3249 436.4296 NA 436.4971 436.2943 NA 436.5033 436.4752 436.4757 436.5755 436.6285
2006 1 436.4838 436.4631 436.4946 436.4629 436.3841 436.5071 436.4393 436.482 436.4393 436.4906 436.5342 436.4897 NA 436.4586 436.6183 437.2164 436.8674 436.8772 436.7762 436.8166 437.118
2006 2 436.694 436.6586 436.6472 436.6476 436.594 436.651 436.7341 436.6894 436.7144 436.6879 436.7929 436.7517 NA 436.838 437.0894 NA 436.9772 436.9898 436.948 437.1459 437.5538
2006 3 437.0536 437.0327 436.9143 436.9254 436.8112 437.1186 437.057 437.0624 437.0455 437.0093 437.143 437.2118 437.2716 NA 437.2797 437.5623 437.3539 437.4242 437.4068 437.4211 437.6779
2006 4 437.4477 437.4243 437.366 NA 437.2746 437.4273 437.3958 437.4312 437.4136 437.3522 437.4483 437.6624 437.3606 437.5078 437.4477 438.0492 437.5842 437.6026 437.5917 437.822 438.2102
2006 5 437.767 437.713 437.6892 437.6922 437.6142 437.8112 437.8005 437.8561 437.6982 437.8002 437.8089 437.7694 437.9289 437.9692 437.9703 438.1554 438.015 437.7964 438.2118 438.1733 438.4449
2006 6 438.1418 438.0876 438.064 438.0624 437.9352 438.2157 438.1695 438.1571 NA 438.1848 438.1996 438.2491 438.3677 438.4626 438.2956 438.5232 438.5979 438.5276 438.5975 438.54 438.9774
2006 7 438.5043 438.4741 438.408 438.4111 438.3067 438.5304 438.4821 438.5098 438.638 438.6297 438.5281 438.5609 NA 438.771 438.7014 438.8632 438.7676 438.8524 438.6563 438.8447 439.1761
2006 8 438.9082 438.8667 438.8015 438.8049 NA 438.8857 438.8537 438.9018 438.902 438.9699 438.9419 439.0051 438.8879 438.9822 439.0329 439.1513 439.2526 439.1822 439.1066 439.1038 439.5267
2006 9 439.2339 439.2093 439.1609 439.1617 NA 439.2437 439.0923 439.239 439.2829 439.3239 439.317 439.2201 439.4078 439.6591 439.2436 439.6275 439.4635 439.4092 439.5307 439.5322 439.874
2006 10 439.5983 439.559 439.5126 439.5321 439.3958 439.5514 439.5455 439.5578 439.5893 439.6363 439.6499 439.5408 439.6377 439.6089 439.6878 439.9502 439.7337 439.7238 439.6858 439.7282 440.0476
2006 11 439.8442 439.7997 439.7878 439.7738 439.7242 439.8434 439.8863 439.8478 439.7925 439.8746 439.8849 439.7954 439.8051 439.8623 439.884 440.1148 440.1158 439.9663 440.1165 440.0334 440.2972
2006 12 440.0223 440.0001 440.0071 NA 439.9893 440.0153 440.1019 440.0638 440.0649 440.0565 440.1004 440.1126 440.0524 440.1093 440.2178 440.1624 440.2768 440.3211 440.233 440.3358 440.4577
2007 1 440.2989 440.2807 440.2426 440.2255 440.1747 440.2999 440.2723 440.2845 440.3286 440.2791 440.3594 440.2298 440.2841 440.3783 440.3597 440.5746 440.595 440.4816 440.6158 440.585 440.8774
2007 2 440.4999 440.4895 440.4699 440.4695 440.4014 440.4714 440.6261 440.5506 440.6519 440.5841 440.6153 440.6693 440.6181 440.7413 440.7126 441.0037 440.9056 440.9047 440.9018 440.8192 441.2557
2007 3 440.9039 440.834 440.8514 440.7825 440.7108 440.9133 440.8351 440.8965 440.8385 440.7971 441.0192 441.2315 441.1768 441.044 441.003 441.5278 441.4023 441.8796 441.3639 441.3593 441.545
2007 4 441.2824 441.2378 441.1956 441.2375 441.15 441.233 441.2868 441.3523 441.3294 441.3117 441.3144 441.3977 441.2499 441.3136 441.554 441.7938 NA NA NA 441.6115 442.0748
2007 5 441.7111 441.651 441.5621 441.5623 441.4833 441.6888 441.725 441.7296 441.7 441.6961 441.7859 441.6378 441.6945 442.1465 441.7071 442.2043 441.9273 441.9831 441.8833 441.9713 442.3214
2007 6 442.0538 442.0177 441.9635 441.9642 441.9101 442.1873 442.1189 442.0908 442.1422 441.8908 442.1097 442.0842 442.0474 442.1358 442.2687 442.3513 442.3736 442.2188 442.3073 442.2618 442.5465
2007 7 442.4103 442.3815 442.345 442.3447 442.2261 442.4155 442.3789 442.4453 442.436 442.4479 442.4196 442.4247 NA 442.546 442.5527 442.6796 442.8592 442.6386 442.7236 442.755 443.0133
2007 8 442.8076 442.7615 442.7887 442.7121 442.6641 442.8068 442.7865 442.7882 442.8509 442.8831 442.8606 442.9168 NA 442.9831 442.9348 442.8297 443.1883 443.0513 443.0207 443.0835 443.267
2007 9 443.1203 443.082 443.0279 443.0285 NA 443.1604 443.1173 443.1331 443.0991 NA 443.3087 443.3031 443.3402 443.6223 443.5105 443.446 443.3391 443.3457 443.3994 443.4286 443.736
2007 10 443.4824 443.4295 443.3943 443.3922 443.3003 443.4748 443.4384 443.4717 NA 443.6896 443.5124 443.3917 443.5198 443.4008 443.5922 443.6627 443.7616 443.525 443.7679 443.712 444.001
2007 11 443.7439 443.7203 443.699 443.6981 NA 443.757 443.7883 443.7922 NA 443.7618 443.7414 443.8078 443.7853 443.7243 443.7826 444.003 444.0076 444.0117 444.0183 443.9826 444.1307
2007 12 444.0031 443.9849 443.9614 443.9606 443.8719 444.0061 443.991 444.0275 NA 444.1118 444.0406 444.0002 444.0418 444.039 444.1274 444.4004 444.1918 444.18 444.2199 444.2163 444.5225
2008 1 444.2436 444.1958 444.2123 444.2121 444.1819 444.2536 444.2812 444.2536 NA 444.1904 444.3126 444.2729 444.1887 444.3172 444.3718 444.6647 444.5835 444.6424 444.7626 444.9098 444.9191
2008 2 444.523 444.4789 444.3993 444.4009 NA 444.5595 444.5547 444.5101 NA 444.6067 444.7115 445.3533 444.5926 444.7549 444.6215 444.9212 444.9605 444.8718 444.9702 444.9192 445.4066
2008 3 444.9379 444.879 444.8076 444.8066 NA 444.9095 445.0016 444.939 444.7668 444.8014 445.1651 444.9355 445.1771 NA 445.2872 445.3931 445.5559 445.3936 445.6174 445.326 445.8685
2008 4 445.3844 445.2813 445.3084 445.3091 NA 445.3245 445.3756 445.3876 445.2594 445.3154 445.3996 445.4494 445.3957 NA 445.3037 445.7118 445.7731 445.75 445.7687 445.6922 446.1064
2008 5 445.7638 445.6814 445.7113 445.7107 445.6179 445.7844 445.9344 445.7651 445.7571 NA 445.8337 445.858 446.0332 NA 446.04 445.9315 446.1989 446.3329 446.2768 446.0739 446.5356
2008 6 446.1014 446.031 446.083 446.0844 NA 446.0457 446.0984 446.1042 445.9751 446.1725 446.2538 446.2734 446.247 NA 446.4499 446.4654 446.5104 446.5617 446.5507 446.3989 446.7509
2008 7 446.5018 446.4468 446.4159 446.308 446.7324 446.5299 446.509 446.5331 NA 446.5719 446.4972 446.6695 446.4298 446.7357 446.9069 446.93 446.7768 446.6724 446.7811 446.7659 447.2034
2008 8 446.8828 446.8278 446.8117 446.8772 447.0609 446.9184 446.9205 446.8991 446.9151 446.8557 446.9135 446.9275 446.8287 447.0447 446.8885 447.3238 447.141 447.0156 447.1531 447.2232 447.4095
2008 9 447.2546 447.1805 447.1489 447.1497 NA 447.229 447.2364 447.2452 447.1778 447.181 447.3509 447.4022 447.323 447.313 447.4029 447.3909 447.4201 447.331 447.3501 447.5106 447.6479
2008 10 447.5393 447.5199 447.4851 447.4854 447.5251 447.556 447.5011 447.5254 447.4989 447.4586 447.628 447.6823 447.5656 447.901 447.5826 NA 447.7682 447.719 447.7564 447.7721 448.0715
2008 11 447.8145 447.7888 447.7375 447.7383 NA 447.8322 447.8189 447.8084 447.8558 447.7898 447.854 447.8865 NA 448.3634 447.8637 NA 448.0317 448.0418 448.0504 447.9516 448.2287
2008 12 448.0395 448.0054 447.9689 447.9694 NA 448.0517 448.0295 448.0486 447.9905 448.0023 448.0366 448.0866 NA 448.0649 448.0508 448.2796 448.2937 448.1896 448.3068 NA 448.5272
2009 1 448.2929 448.2781 448.2575 448.2653 448.2682 448.2774 448.1911 448.2788 448.3273 448.1684 448.3455 448.2855 448.1468 448.5932 448.3562 448.6356 448.9265 448.4836 448.9076 NA 448.7872
2009 2 448.5444 448.5305 448.4695 448.4833 NA 448.468 448.6675 448.6138 448.6497 448.475 448.6914 448.7346 448.5746 448.7009 448.6655 448.6204 449.5802 NA 449.3653 448.9233 449.3885
2009 3 448.9596 448.918 448.8555 448.8552 NA 448.9753 448.9353 448.9558 448.9458 448.9048 448.9906 449.0774 449.1177 449.2409 448.9751 449.403 449.4005 449.255 449.4177 449.1648 449.8434
2009 4 449.3032 449.2605 449.2105 449.2077 NA 449.3832 449.3109 449.2984 449.3461 449.2066 449.382 449.4624 449.3198 449.3539 449.4724 449.5918 449.8454 449.4307 449.725 449.8735 450.1818
2009 5 449.7681 449.6988 449.6491 449.6468 449.6112 449.7766 449.8223 449.7587 449.7575 449.5423 449.8084 449.7344 NA 449.8267 449.828 450.1305 450.0834 449.9023 450.0575 450.0265 450.3339
2009 6 450.1337 450.0845 450.0253 450.0259 449.9795 450.0722 450.1079 450.1685 450.1263 450.1538 450.147 450.0677 450.266 450.2428 450.4445 450.5733 450.9686 450.6503 450.8955 450.2887 450.7464
2009 7 450.4765 450.4329 450.3705 450.3705 450.3095 450.4333 450.498 450.4887 450.4953 450.5405 450.4785 450.5291 NA 450.5732 450.6874 450.5893 450.7309 450.7543 450.7603 450.7623 451.146
2009 8 450.8521 450.8042 450.7836 450.7835 450.7529 450.7952 450.7753 450.8388 450.9554 450.8288 450.8409 450.9123 NA 450.7183 451.0596 451.4472 451.0823 451.1906 451.1767 451.1977 451.3838
2009 9 451.2016 451.1476 451.1083 451.1086 451.0371 451.1816 451.1616 451.2194 451.1737 451.1565 451.2734 451.1859 NA 451.2484 NA 451.9807 451.6091 451.7835 451.6488 451.5678 451.6474
2009 10 451.5273 451.4889 451.455 451.4544 NA 451.5057 451.4244 451.5016 451.5251 451.5512 451.5026 451.4842 451.5924 451.7024 451.595 451.7423 451.6992 451.8499 451.6895 451.723 452.0739
2009 11 451.7637 451.7155 451.6973 451.6977 NA 451.7211 451.6969 451.7567 451.7797 451.7482 451.7966 451.7744 NA 451.8535 451.979 452.1729 452.217 452.0504 452.0838 452.0322 452.1881
2009 12 451.9882 451.9682 451.9761 451.9768 451.9063 452.0062 451.9859 451.9967 452.0565 451.9717 452.028 452.04 452.1397 452.0032 452.0282 452.2331 452.2149 452.3699 452.2668 452.2379 452.4496
2010 1 452.2346 452.1872 452.165 452.1643 452.0609 452.2997 452.1641 452.241 452.1294 452.2048 452.2644 452.1686 452.1022 452.3078 452.3934 NA 452.508 452.5589 452.5073 452.4655 452.7452
2010 2 452.4908 452.4731 452.4259 452.4237 452.3614 452.4275 452.5173 452.5194 452.6042 452.485 452.5307 452.5523 452.4329 452.6043 452.6033 452.7463 453.0833 452.9843 453.0452 452.8757 453.2851
2010 3 452.901 452.8427 452.767 452.767 452.6571 452.8936 452.8844 452.8637 452.9315 452.8007 452.9534 453.0833 453.0384 453.164 452.8391 453.3151 453.1617 453.0878 453.1052 453.0682 453.7242
2010 4 453.304 453.2659 453.1804 453.1792 453.0825 453.3979 453.2941 453.2927 453.3257 453.2559 453.3283 453.3805 453.3802 453.3504 453.4247 453.4562 453.7528 NA 453.5811 453.5776 454.1634
2010 5 453.6932 453.6676 453.6148 453.6141 453.5357 453.6448 453.6448 453.6762 453.5706 453.5616 453.7538 453.6379 453.5567 453.7811 453.7305 453.988 453.6761 453.828 453.6791 454.0193 454.0755
2010 6 454.0664 454.0362 454.01 453.9971 453.8228 453.9837 454.0944 454.0332 NA 454.0252 454.1219 454.1388 453.9078 454.1317 454.2071 454.3911 454.4323 454.5517 454.3794 454.3388 454.7558
2010 7 454.4702 454.4093 454.3481 454.3485 454.2713 454.5042 454.4494 454.4668 NA 454.4687 454.5188 454.4483 NA 454.3746 454.6213 454.8547 455.0245 454.7079 455.0238 454.7899 455.1697
2010 8 454.8918 454.8565 454.7983 454.7984 454.6848 454.8928 454.8651 454.8692 NA 454.7898 454.9554 454.9685 NA 454.9957 454.9903 455.2744 455.1387 455.2238 455.1776 455.2217 455.5894
2010 9 455.2794 455.197 455.1409 455.1406 455.0532 455.2978 455.2906 455.2916 NA 455.1926 455.4284 455.1937 455.3507 455.4229 455.2957 455.7584 NA 455.4228 455.4428 455.5258 455.8444
2010 10 455.615 455.5713 455.5176 455.5189 455.4398 455.6054 455.7041 455.6016 NA 455.4852 455.6576 455.5971 455.6494 455.5904 455.7657 455.7094 455.8146 NA 455.8183 455.8637 455.9233
2010 11 455.8897 455.8803 455.8624 455.8617 NA 455.865 455.8222 455.9048 NA 455.7883 455.9715 455.9213 455.9632 456.0553 455.9821 456.1477 456.1903 455.941 456.1429 456.1558 456.3718
2010 12 456.1607 456.1203 456.0067 456.0861 456.0068 456.1315 456.1162 456.1601 NA 456.0878 456.188 456.1106 NA 456.2542 456.2388 456.3824 456.228 456.3269 456.1671 456.4242 456.6703
2011 1 456.437 456.4004 456.3482 456.3481 456.2609 456.4197 456.3938 456.4459 NA 456.4093 456.3965 456.4546 456.5182 456.4283 456.4756 456.6633 456.7397 NA 456.7114 456.628 457.175
2011 2 456.7341 456.7365 456.6971 456.6975 456.6809 456.725 456.79 456.7769 NA 456.5838 456.6838 456.8667 456.7517 456.978 456.786 NA 457.1271 457.334 457.1215 457.1255 457.7354
2011 3 457.0946 457.0738 457.0046 457.0044 456.8869 457.0824 457.1564 457.1334 NA 456.9065 457.2296 457.2933 457.2446 457.2015 457.193 457.4831 457.318 457.3438 457.1435 457.565 458.0234
2011 4 457.5654 457.5166 457.4955 457.4942 457.2639 457.5803 457.5676 457.5669 NA 457.5092 457.5314 457.4511 457.5376 NA 457.8992 458.2601 458.09 458.1588 NA 457.8857 458.2739
2011 5 458.0087 457.9879 457.9576 457.9577 457.852 457.963 457.9399 458.0002 NA 457.947 458.067 458.0604 457.8704 NA 458.2069 NA 458.2955 458.1618 458.1463 458.2144 458.6597
2011 6 458.3645 458.2854 458.2548 458.2547 NA 458.3765 458.359 458.3709 NA 458.2607 458.3988 458.3454 458.3231 NA 458.3738 458.9055 458.5257 458.6343 458.5073 458.5883 458.8927
2011 7 458.7987 458.7601 458.7091 458.708 NA 458.7924 458.814 458.8056 NA 458.6636 458.8811 458.8822 NA NA 458.9922 459.2196 458.806 458.8934 458.8248 459.0826 459.5615
2011 8 459.1831 459.1344 459.0459 459.0454 458.9609 459.1882 459.184 459.1807 459.2212 459.2767 459.2336 459.0992 458.9882 459.2937 459.2869 459.4657 459.4805 459.5746 459.483 459.4137 459.7257
2011 9 459.5655 459.5144 459.4812 459.4822 459.4341 459.6287 459.5258 459.549 459.6039 459.6674 459.6548 459.577 459.84 459.704 459.6642 459.9356 459.7484 459.7049 459.7101 459.9046 460.1129
2011 10 459.902 459.898 459.8551 459.8541 459.8498 459.8905 459.9184 459.8974 459.9137 459.9503 459.9715 459.9914 460.0694 460.0699 459.9657 460.3522 460.3179 460.7075 460.4104 460.2182 460.4334
2011 11 460.2113 460.1929 460.132 460.1179 460.0544 460.1173 460.1876 460.1871 460.2311 460.1702 460.1678 460.307 460.2727 460.4958 460.2546 460.6996 460.3965 460.4242 460.4093 460.4854 460.5256
2011 12 460.4545 460.425 460.3558 460.3846 NA 460.387 460.4767 460.4443 460.5807 460.4264 460.4418 460.4084 460.4517 460.6007 460.5013 460.7999 460.6279 460.4871 460.6339 460.5573 460.8417
2012 1 460.6575 460.6151 460.5886 460.5883 NA 460.6092 460.6925 460.6831 460.7046 460.6095 460.6546 460.8173 NA 460.8438 460.7515 460.8951 460.9581 460.6871 460.7788 460.9601 460.9992
2012 2 460.968 460.9458 460.9111 460.8897 460.8479 460.9341 461.0465 461.0021 460.9576 460.9484 461.0365 460.9244 460.9426 461.2433 461.0421 461.4259 461.4823 461.327 461.3241 461.3521 461.7468
2012 3 461.4302 461.395 461.2788 461.2797 461.148 461.3779 461.2983 461.3893 461.2644 461.3678 461.4994 461.4015 461.6099 461.6795 461.6088 461.7809 461.5793 461.6005 461.5102 461.6808 462.2722
2012 4 461.8193 461.7058 461.7136 461.7131 461.6158 461.8581 461.7598 461.8371 461.864 461.9378 461.9541 461.7994 462.0355 462.2918 462.1116 462.0423 462.4128 462.4322 462.4049 462.1647 462.5054
2012 5 462.2719 462.2318 462.1635 462.1631 NA 462.2946 462.2189 462.2784 462.3121 462.2903 462.425 462.2707 462.3153 462.4205 462.363 462.5191 462.5635 462.6257 462.5456 462.6354 462.9521
2012 6 462.6704 462.6073 462.54 462.54 462.4428 462.7259 462.5738 462.6729 462.6494 462.6381 462.7267 462.7049 462.6751 462.9808 462.7951 462.9423 463.0467 462.9623 462.9437 462.9823 463.2815
2012 7 463.0797 463.0133 462.9568 462.9568 NA 463.0436 463.0685 463.081 463.0581 462.9228 463.2041 463.1508 NA 463.1113 463.3177 463.5511 463.2524 463.396 463.2356 463.4124 463.5837
2012 8 463.477 463.4275 463.37 463.3698 463.251 463.531 463.4942 463.499 463.448 463.4341 463.605 463.5614 NA 463.8937 463.7188 464.0222 463.8635 463.8177 463.6627 463.8025 463.9323
2012 9 463.9423 463.8907 463.8435 463.8436 NA 463.9023 463.8624 463.9066 463.7708 463.8461 464.0783 464.023 464.2727 464.1389 464.1043 NA 464.2351 464.1901 464.3257 464.2807 464.4964
2012 10 464.2914 464.2598 464.238 464.2391 NA 464.2454 464.2008 464.2871 464.1978 464.3888 464.3799 464.3288 464.4755 464.3619 464.423 NA 464.4513 464.505 464.4519 464.5317 464.785
2012 11 464.5995 464.5766 464.5847 464.584 464.546 464.5788 464.5746 464.609 464.5267 464.5204 464.5424 464.5048 464.6035 464.6306 NA NA 464.8088 464.7051 464.802 464.7618 465.0517
2012 12 464.8291 464.8064 464.8147 464.814 464.6722 464.8283 464.8601 464.8434 464.8235 464.8004 464.7751 464.8015 464.7403 464.9885 464.9098 NA 464.9859 464.8571 464.9829 465.0915 465.58
2013 1 465.1202 465.1016 465.1009 465.1012 NA 465.029 465.0265 465.1261 465.0996 NA 465.235 465.307 465.0699 465.5125 465.1069 NA 465.3919 465.3421 465.3898 465.4136 465.623
2013 2 465.3884 465.3624 465.2922 465.287 NA 465.3619 465.4531 465.4106 465.3455 465.5574 465.3483 465.3409 465.6853 465.6297 465.351 466.0135 466.3891 465.7823 466.3086 465.7094 466.1022
2013 3 465.8022 465.7316 465.6572 465.651 465.5527 465.7465 465.7731 465.8081 465.69 465.7567 465.8899 465.8918 465.6787 465.9514 465.8483 466.2626 466.2053 466.4375 466.2249 466.1832 466.5797
2013 4 466.2583 466.1934 466.1272 466.1271 465.9924 466.2677 466.481 466.2494 466.1706 466.0887 466.3962 466.3478 466.2578 466.1384 466.3116 466.8085 466.6394 466.1962 466.5987 466.5355 466.9272
2013 5 466.6504 466.6129 466.5729 466.5727 466.4655 466.6769 466.6391 466.6306 466.6703 466.5075 466.707 466.6607 466.7357 466.7224 466.7735 467.0005 466.8845 466.8334 466.8662 467.0009 467.4501
2013 6 467.147 467.0625 467.0772 467.0773 466.9325 467.2067 467.2006 467.122 467.0689 467.0124 467.0689 467.023 467.061 467.162 467.2026 467.5585 467.2364 467.1464 467.172 467.5017 467.6823
2013 7 467.5122 467.4692 467.4387 467.4389 467.4258 467.493 467.4842 467.4823 467.4742 467.481 467.5521 467.5982 467.5129 467.4187 467.811 467.5552 467.7614 468.0466 468.0672 467.8386 468.0899
2013 8 467.9274 467.8901 467.8364 467.9299 467.7431 467.8939 467.8877 467.8963 467.8885 467.8895 467.8804 467.8666 NA 467.9844 467.8771 NA 468.2712 467.9586 468.3362 468.2881 468.3413
2013 9 468.3538 468.3416 468.3405 468.3406 468.1579 468.285 468.2897 468.3199 468.3262 468.4016 468.2962 468.3292 468.4895 468.4932 468.4364 NA 468.7248 468.5933 468.5844 468.6088 468.6743
2013 10 468.6261 468.5503 468.53 468.5308 468.4965 468.5846 468.586 468.6139 468.6589 468.5308 468.6687 468.7636 468.9668 468.719 468.6657 NA 468.8342 468.7571 468.8158 468.8829 469.1363
2013 11 468.875 468.8623 468.8282 468.7932 468.7926 468.8934 468.9204 468.9205 468.9793 468.7703 468.9645 468.9307 469.0214 469.0045 468.8344 469.1778 469.1295 469.2028 469.1276 469.1663 469.3352
2013 12 469.16 469.1209 469.0863 469.0863 469.0188 469.1378 469.1098 469.1569 469.089 469.164 469.1698 469.1454 469.1457 469.346 469.32 NA 469.2765 469.3965 469.2513 469.4066 469.7146
2014 1 469.4088 469.3885 469.3428 469.3426 469.2488 469.3857 469.4038 469.4768 469.3691 469.4392 469.4842 469.4311 469.2668 469.7763 469.6823 NA 469.6554 469.6157 469.681 469.7916 470.3661
2014 2 469.7204 469.6123 469.5981 469.5979 469.4704 469.709 469.7445 469.7395 469.5984 469.7816 469.8044 469.7072 469.8332 469.9676 469.9403 NA 470.435 470.4266 470.3952 470.1195 470.7418
2014 3 470.2437 470.1561 470.0847 470.0846 469.9262 470.1786 470.302 470.2431 469.9004 470.1691 470.2295 470.0984 470.3319 470.7635 470.4635 470.2331 470.7142 470.6376 470.5054 470.8012 471.0698
2014 4 470.7749 470.6947 470.7004 470.7001 470.618 470.8623 470.7536 470.7253 470.6321 470.701 470.9062 471.003 470.7747 471.1463 471.0211 471.2642 471.5938 471.0867 471.4807 471.1934 471.5671
2014 5 471.2194 471.1773 471.1607 471.1603 471.0932 471.1823 471.1861 471.1782 471.0536 471.2527 471.3142 471.2613 471.424 471.8141 471.2774 472.0292 471.8815 471.5735 471.7775 471.5206 471.8538
2014 6 471.6029 471.5819 471.5394 471.6514 471.4271 471.5495 471.54 471.602 471.4727 471.6036 471.7718 471.7443 471.8575 471.5899 471.854 471.9194 472.0461 471.84 471.9769 471.9789 472.0936
2014 7 472.0002 471.9441 471.8949 471.8941 471.7745 471.9814 472.0034 472.0036 472.012 472.1061 472.0097 472.092 NA 472.1181 472.2553 472.4392 472.3902 NA NA 472.3633 472.607
2014 8 472.4297 472.3677 472.2579 472.2577 472.1444 472.5405 472.4887 472.4033 472.3056 472.4279 472.5103 472.4597 472.5296 472.7755 472.51 472.9243 472.5284 472.3173 472.4523 472.6622 473.1097
2014 9 472.8285 472.7864 472.7821 472.7822 472.7244 472.8055 472.8181 472.7705 472.6596 472.819 472.9265 472.9709 472.8559 472.8286 472.9326 473.1377 473.0895 473.157 473.1238 473.0819 473.437
2014 10 473.1365 473.116 473.0939 473.0939 473.0998 473.1332 473.1078 473.1188 473.1064 473.1519 473.1916 473.1733 473.1627 473.1292 473.3689 473.4911 473.3683 473.5357 473.3082 473.3986 473.6953
2014 11 473.4215 473.4013 473.3981 473.398 473.3543 473.4218 473.4109 473.4169 473.4147 473.4375 473.4627 473.4759 473.6052 473.5655 473.5349 473.394 473.6078 473.6191 473.5976 473.6814 474.0266
2014 12 473.6688 473.6249 473.6523 473.5721 473.4921 473.6453 473.7013 473.6967 473.6284 473.6704 473.6694 473.7495 473.7484 473.7725 NA NA 474.0045 474.0702 474.0018 474.0611 474.2367
2015 1 473.9289 473.9153 473.8682 473.8754 473.8391 473.9129 473.9411 473.9614 473.9515 473.9095 473.9574 474.0212 473.7456 474.0483 473.8652 474.8757 474.2361 474.2301 474.2307 474.2753 474.6245
2015 2 474.2412 474.204 474.1426 474.1554 474.0761 474.2705 474.2387 474.274 474.2075 474.2687 474.3975 474.3996 474.3564 474.3525 474.4476 474.785 475.1896 474.5345 475.1477 474.6531 474.7962
2015 3 474.7372 474.6344 474.5271 474.5643 NA 474.6664 474.6777 474.7325 474.5917 474.7066 474.7351 474.751 475.0565 474.6144 475.1146 NA 474.9283 474.9841 474.9283 475.1904 475.6383
2015 4 475.1492 475.1296 475.0869 475.0872 474.9402 475.1704 475.0763 475.1392 475.0533 475.1003 475.1776 475.1544 475.266 475.0522 475.291 NA 475.5997 475.5562 475.5937 475.6457 475.9265
2015 5 475.6072 475.551 475.5 475.3672 475.3676 475.6188 475.5734 475.6402 475.698 475.6235 475.771 475.7895 475.6562 475.8931 475.9288 475.9638 475.7703 475.9882 475.8128 475.9579 476.4762
2015 6 476.0348 475.9727 475.9237 476.0116 475.8308 476.0035 476.0192 476.0132 476.0911 475.9965 476.0311 476.0215 476.1995 476.1935 476.2102 476.2723 476.3793 476.4257 476.3608 476.3811 476.7539
2015 7 476.4585 476.395 476.3613 476.529 NA 476.4581 476.5107 476.4571 476.4367 476.2244 476.5599 476.3831 NA 476.5843 476.6584 476.5637 476.656 476.7874 476.5751 476.792 477.1562
2015 8 476.8909 476.833 476.7676 476.7667 476.7167 476.8327 476.8386 476.8685 476.8294 476.9747 477.0354 476.957 NA 476.9636 477.0176 NA 476.9792 477.5489 477.0544 477.2356 477.6074
2015 9 477.2956 477.2481 477.2156 477.216 477.1128 477.2229 477.2789 477.2713 477.3325 477.2787 477.2528 477.3392 NA 477.3043 477.4229 477.7637 477.5931 477.6238 477.641 477.6509 477.9088
2015 10 477.6546 477.6069 477.5705 477.5706 477.5199 477.6633 477.5957 477.6443 477.6243 477.6848 477.6194 477.6921 477.6951 477.7318 477.6878 NA 477.5733 477.5899 477.5755 477.9134 478.3104
2015 11 477.9318 477.8998 477.8629 477.863 477.7859 477.911 477.9747 477.9821 477.8208 477.9583 477.9367 477.9309 477.9716 478.192 477.9961 478.1203 478.2248 478.1189 478.2212 478.1315 478.3784
2015 12 478.2147 478.143 478.1544 478.1537 478.1131 478.2062 478.2026 478.2124 478.1394 478.2839 478.1919 478.2478 478.3238 478.2556 478.2795 478.5477 478.4675 478.5464 478.463 478.529 478.8033
2016 1 478.4484 478.4855 478.4925 478.4931 NA 478.4574 478.5036 478.4788 478.4354 478.5663 478.5156 478.475 478.4213 478.8044 478.5 NA 478.7531 478.5415 478.7554 478.8398 479.232
2016 2 478.7625 478.7789 478.8306 478.8304 NA 478.763 478.7732 478.7926 478.7042 478.6517 478.8519 478.8445 478.8283 479.1442 478.7724 479.3785 479.0697 479.1572 479.0502 479.1485 479.4177
2016 3 479.1543 479.0989 479.0453 479.0455 478.9384 479.2972 479.1227 479.1783 479.2816 479.2273 479.2398 479.2647 479.3802 479.4515 479.2994 NA 479.7314 NA 479.776 479.6201 479.9134
2016 4 479.6313 479.5781 479.5132 479.5131 NA 479.6647 479.6382 479.6303 479.7094 479.5737 479.5862 479.6868 479.6897 480.1169 479.813 NA 479.9507 479.9403 479.9476 480.0314 480.4215
2016 5 480.1092 480.064 480.1001 479.9887 479.8953 480.1407 480.0221 480.0914 480.0677 480.1494 480.2035 480.1191 480.1858 480.1186 480.1258 480.6772 480.3926 480.3548 480.3782 480.4558 481.1401
2016 6 480.5058 480.4443 480.4739 NA 480.342 480.4815 480.5087 480.4986 480.4366 480.4449 480.5636 480.5131 480.9037 480.7888 481.0529 481.0285 480.8677 480.7395 480.8705 480.8679 481.1191
2016 7 480.9097 480.8541 480.8063 480.806 480.6799 480.9214 480.9749 480.9133 481.0294 480.9172 480.827 480.753 NA 481.0494 481.3095 481.2451 481.2716 481.0686 481.2681 481.2496 481.5701
2016 8 481.3602 481.2983 481.2374 481.2372 481.1129 481.3591 481.4011 481.3843 481.2929 481.4186 481.5188 481.5821 481.379 481.3841 481.6056 481.4397 481.519 481.5848 481.5156 481.6043 482.1282
2016 9 481.7684 481.7232 481.6584 481.6584 481.6004 481.7952 481.7602 481.753 481.6664 481.7583 481.9471 482.0762 NA 481.8697 481.8763 482.195 482.1389 482.1803 482.1298 482.1068 482.2248
2016 10 482.151 482.1229 482.0518 482.0518 481.9052 482.2047 482.188 482.1896 482.1678 NA 482.2491 482.2128 482.2466 482.4466 482.236 482.5742 482.4064 482.3073 482.398 482.3653 482.6367
2016 11 482.4182 482.3913 482.3491 482.3497 482.3139 482.475 482.405 482.43 482.3911 482.5105 482.4444 482.5958 482.4788 482.5228 482.573 482.7766 482.6554 482.6247 482.6127 482.6812 482.7786
2016 12 482.6576 482.627 482.5997 482.6004 NA 482.6793 482.6629 482.6561 482.6988 482.6049 482.6775 482.675 482.6974 482.8035 482.8629 482.9831 482.769 482.7819 482.7728 482.9632 483.1584
2017 1 482.8966 482.8728 482.8744 482.8652 482.7558 482.9316 482.939 482.93 482.9454 482.8507 482.8577 482.9703 NA 483.1078 482.9981 483.3482 483.1248 483.2089 483.1243 483.2612 483.4574
2017 2 483.2135 483.1717 483.057 483.1899 482.9944 NA 483.2525 483.2247 483.2424 483.223 483.2475 483.3143 483.2816 483.0928 483.9101 483.9797 483.6617 483.5993 483.6078 483.6413 484.0121
2017 3 483.6456 483.5836 483.5375 483.5078 NA NA 483.638 483.6637 483.5751 483.7458 483.5888 483.5478 483.9634 NA 483.7942 484.4484 484.2462 483.9395 483.943 484.1233 484.5137
2017 4 484.127 484.0668 483.9828 483.9826 NA NA 484.1639 484.0998 484.0662 484.1694 484.3449 484.1738 484.2087 NA 484.3361 485.1726 484.9019 484.3678 484.3279 484.626 485.0068
2017 5 484.6244 484.5715 484.5294 484.5315 484.3479 NA 484.7553 484.6398 484.5489 484.6787 484.6346 484.735 484.7175 484.7135 484.6063 485.0704 485.0025 485.1443 484.8033 484.9617 485.5206
2017 6 485.0204 484.9835 484.9817 484.9627 484.904 NA 484.9373 485.0269 485.0705 484.9914 485.0207 485.0073 NA 485.2319 485.0983 485.4004 485.4797 485.4159 485.3763 485.2935 485.6793
2017 7 485.4324 485.3295 485.3065 485.2165 485.2166 NA 485.4216 485.4532 485.3954 485.3836 485.3263 485.5529 485.4464 485.5906 485.6349 485.7209 485.7858 485.6637 485.6392 485.825 486.3069
2017 8 485.8984 485.8705 485.8716 485.8563 485.8006 NA 485.9819 485.8795 485.9736 485.9011 485.9047 485.9816 NA 485.8834 486.0257 486.3097 486.3062 486.1045 486.1022 486.2627 486.3708
2017 9 486.2505 486.2112 486.1292 486.129 486.0203 NA 486.3584 486.2686 486.274 486.29 486.249 486.2995 NA 486.3251 486.421 486.6469 486.5604 486.4901 486.4913 486.5464 486.8961
2017 10 486.6813 486.6408 486.5956 486.5958 486.5266 NA 486.7191 486.651 486.7336 486.5871 486.7367 486.7307 NA 486.7004 486.9076 486.8613 486.9869 486.872 486.8339 486.8782 487.1026
2017 11 486.9917 486.9642 486.9156 NA 486.8364 NA 487.0792 487.0213 487.056 486.9968 486.9153 486.9426 NA 487.2234 487.114 487.3066 487.5698 487.346 487.2508 487.229 487.4115
2017 12 487.2207 487.192 487.1819 487.1736 487.1025 487.3629 487.2652 487.2562 487.3447 487.2816 487.2882 487.3078 NA 487.4192 487.4108 487.5856 487.6657 487.3512 487.4353 487.528 487.8272
2018 1 487.5488 487.5345 487.5374 487.5015 487.4819 487.5031 487.5251 487.5405 487.5763 487.6682 487.5821 487.433 487.3874 487.6643 487.6812 487.6449 487.9073 487.9822 487.895 487.8047 488.2343
2018 2 487.8683 487.8519 487.8087 NA 487.6555 487.7341 488.0347 487.9515 487.9178 487.9865 487.9414 487.9675 487.8542 487.9638 488.2776 488.0665 488.4335 488.5676 488.3631 NA 488.6582
2018 3 488.2792 488.1912 488.1037 NA 487.9661 NA 488.235 488.2717 488.3508 488.1682 488.3283 488.2648 488.3611 488.4203 488.3476 488.7582 488.5871 488.4587 488.5167 NA 488.998
2018 4 488.7344 488.699 488.6221 NA 488.5861 NA 488.7678 488.7315 488.7676 488.7576 488.8679 488.8582 488.7278 489.0384 488.8117 488.9712 489.3399 489.1765 489.2187 NA 489.4679
2018 5 489.2166 489.1545 489.1299 NA 488.9737 NA 489.1974 489.1972 489.1074 489.077 489.204 489.1242 489.2209 489.3729 489.2014 489.6015 489.7227 489.9209 NA NA 489.8989
2018 6 489.5827 489.5746 489.5047 NA 489.4414 NA 489.7103 489.6521 489.5761 489.5359 489.6058 489.8053 489.9668 489.8619 489.8798 489.8781 490.068 489.9389 489.9356 NA 490.387
2018 7 490.0701 489.986 489.9611 NA 489.8722 NA 490.1253 490.0551 489.8874 490.1299 490.0828 490.001 NA 490.2207 490.2717 490.5493 490.3016 490.1082 490.2584 NA 490.9488
2018 8 490.5055 490.4282 490.4182 NA NA NA 490.5252 490.5262 490.4582 490.5902 490.5167 NA NA 490.5004 490.6248 NA 490.9457 490.8247 490.7954 NA 490.954
2018 9 490.9143 490.8614 490.775 NA 490.6802 NA 490.973 490.927 490.9077 490.9408 490.9551 NA NA 490.9764 491.1063 491.188 491.1598 491.1178 491.2052 NA 491.3843
2018 10 491.2981 491.2453 491.1926 NA 491.1345 NA 491.2909 491.2604 491.2452 491.2494 491.3989 NA 491.3961 491.3469 491.4148 491.6665 491.722 491.4986 491.5438 NA 491.9264
2018 11 491.578 491.5808 491.3972 NA 491.3975 NA 491.5027 491.5537 491.5482 491.7015 491.646 NA 491.7389 491.5014 491.5912 491.9508 491.984 491.7155 491.9119 NA 492.066
2018 12 491.8653 491.7815 NA NA 491.6738 NA 491.8506 491.8493 491.8037 NA 491.9805 NA 491.8488 492.0399 NA 492.434 492.4447 492.0695 492.2807 NA 492.389
2019 1 492.0806 492.046 NA NA NA 491.9982 492.0897 NA NA NA 492.1258 NA 491.9857 NA NA NA 492.8201 NA NA NA NA
2019 2 492.474 492.4124 NA NA NA NA NA NA NA NA 492.4801 NA 492.4634 NA 492.6143 NA 493.1638 NA NA NA NA
2019 3 492.8832 492.828 NA NA NA NA NA NA NA NA 492.954 NA 492.9352 NA 493.0101 NA 493.313 NA NA NA NA
2019 4 493.3099 493.2689 NA NA NA NA NA NA NA NA 493.3864 NA 493.28 NA 493.6017 NA 493.5377 NA NA NA NA
2019 5 493.7758 493.6919 NA NA NA NA NA NA NA NA 493.7831 NA 493.9351 NA 494.1526 NA 494.4299 NA NA NA NA
2019 6 494.1863 494.1086 NA NA NA NA NA NA NA NA 494.2798 NA NA NA 494.2686 NA 494.7215 NA NA NA NA
2019 7 494.6802 494.6307 NA NA NA NA NA NA NA NA 494.7905 NA NA NA 494.9272 NA 494.962 NA NA NA NA
2019 8 495.0701 495.0028 NA NA NA NA NA NA NA NA 495.1824 NA NA NA 495.1541 NA NA NA NA NA NA
2019 9 495.4554 495.4202 NA NA NA NA NA NA NA NA 495.5179 NA NA NA 495.4929 NA 495.7278 NA NA NA NA
2019 10 495.8335 495.7597 NA NA NA NA NA NA NA NA 495.861 NA 495.9433 NA 495.7947 NA 496.2569 NA NA NA NA
2019 11 496.1407 496.1307 NA NA NA NA NA NA NA NA 496.1774 NA 496.2264 NA NA NA 496.4564 NA NA NA NA
2019 12 496.3946 496.3663 NA NA NA NA NA NA NA NA 496.4263 NA 496.4408 NA NA NA 496.741 NA NA NA NA
2020 1 496.6722 496.6421 NA NA NA NA NA NA NA NA NA NA 496.7316 NA NA NA 497.4934 NA NA NA NA
2020 2 497.0293 496.8188 NA NA NA 496.8539 NA NA NA NA NA NA 497.0133 NA NA NA 497.6358 NA NA NA NA
2020 3 497.4601 NA NA NA NA NA NA NA NA NA NA NA NA NA NA NA 498.1933 NA NA NA NA
2020 4 497.9433 NA NA NA NA NA NA NA NA NA NA NA NA NA NA NA 498.8929 NA NA NA NA
2020 5 498.3943 NA NA NA NA NA NA NA NA NA NA NA NA NA NA NA NA NA NA NA NA
2020 6 NA NA NA NA NA NA NA NA NA NA NA NA NA NA NA NA NA NA NA NA NA
2020 7 NA NA NA NA NA NA NA NA NA NA NA NA NA NA NA NA NA NA NA NA NA
2020 8 NA NA NA NA NA NA NA NA NA NA NA NA NA NA NA NA NA NA NA NA NA
2020 9 NA NA NA NA NA NA NA NA NA NA NA NA NA NA NA NA NA NA NA NA NA
2020 10 NA NA NA NA NA NA NA NA NA NA NA NA NA NA NA NA NA NA NA NA NA
2020 11 NA NA NA NA NA NA NA NA NA NA NA NA NA NA NA NA NA NA NA NA NA
2020 12 NA NA NA NA NA NA NA NA NA NA NA NA NA NA NA NA NA NA NA NA NA
