year month SPO_NOAA_insitu SPO_NOAA_flask SPO_SIO_O2_flask SPO_SIO_CDK_flask SPO_CSIRO_flask HBA_NOAA_flask SYO_NOAA_flask SYO_TU_insitu MAA_CSIRO_flask CYA_CSIRO_flask PSA_NOAA_flask PSA_SIO_O2_flask DRP_NOAA_flask MQA_CSIRO_flask CRZ_NOAA_flask BHD_NIWA_insitu CGO_NOAA_flask CGO_SIO_O2_flask CGO_CSIRO_flask AMS_LSCE_insitu CPT_SAWS_insitu
1998 1 NA NA NA NA NA NA NA NA NA NA NA NA NA NA NA NA NA NA NA NA NA
1998 2 NA NA NA NA NA NA NA NA NA NA NA NA NA NA NA NA NA NA NA NA NA
1998 3 NA NA NA NA NA NA NA NA NA NA NA NA NA NA NA NA NA NA NA NA NA
1998 4 NA NA NA NA NA NA NA NA NA NA NA NA NA NA NA NA NA NA NA NA NA
1998 5 NA NA NA NA NA NA NA NA NA NA NA NA NA NA NA NA NA NA NA NA NA
1998 6 NA NA NA NA NA NA NA NA NA NA NA NA NA NA NA NA NA NA NA NA NA
1998 7 NA NA NA NA NA NA NA NA NA NA NA NA NA NA NA NA NA NA NA NA NA
1998 8 NA NA NA NA NA NA NA NA NA NA NA NA NA NA NA NA NA NA NA NA NA
1998 9 NA NA NA NA NA NA NA NA NA NA NA NA NA NA NA NA NA NA NA NA NA
1998 10 NA NA NA NA NA NA NA NA NA NA NA NA NA NA NA NA NA NA NA NA NA
1998 11 NA NA NA NA NA NA NA NA NA NA NA NA NA NA NA NA NA NA NA NA NA
1998 12 NA NA NA NA NA NA NA NA NA NA NA NA NA NA NA NA NA NA NA NA NA
1999 1 NA NA NA NA NA NA NA NA NA NA NA NA NA NA NA NA NA NA NA NA NA
1999 2 NA NA NA NA NA NA NA NA NA NA NA NA NA NA NA NA NA NA NA NA NA
1999 3 NA NA NA NA NA NA NA NA NA NA NA NA NA NA NA NA NA NA NA NA NA
1999 4 NA NA NA NA NA NA NA NA NA NA NA NA NA NA NA NA NA NA NA NA NA
1999 5 NA NA NA NA NA NA NA NA NA NA NA NA NA NA NA NA NA NA NA NA NA
1999 6 NA NA NA NA NA NA NA NA NA NA NA NA NA NA NA NA NA NA NA NA NA
1999 7 NA NA NA NA NA NA NA NA NA NA NA NA NA NA NA NA NA NA NA NA NA
1999 8 NA NA NA NA NA NA NA NA NA NA NA NA NA NA NA NA NA NA NA NA NA
1999 9 NA NA NA NA NA NA NA NA NA NA NA NA NA NA NA NA NA NA NA NA NA
1999 10 NA NA NA NA NA NA NA NA NA NA NA NA NA NA NA NA NA NA NA NA NA
1999 11 NA NA NA NA NA NA NA NA NA NA NA NA NA NA NA NA NA NA NA NA NA
1999 12 NA NA NA NA NA NA NA NA NA NA NA NA NA NA NA NA NA NA NA NA NA
2000 1 -0.09331164 -0.1188911 -0.05838222 -0.06261187 -0.001998143 -0.2211983 -0.07019803 -0.1692344 NA -0.1000929 -0.3105736 -0.3999291 NA -0.1709345 NA -0.2490899 -0.2615883 -0.2077163 -0.2495297 -0.2172495 -0.3060008
2000 2 -0.3633791 -0.3651417 -0.3391615 -0.3629818 -0.3141361 -0.2955269 -0.3795257 -0.3950945 -0.3764763 -0.2488378 -0.4844404 -0.6007379 NA -0.5140155 -0.4354178 -0.2876507 -0.3896333 -0.3856815 -0.4420968 -0.4671528 -0.4878507
2000 3 -0.4778887 -0.4113858 -0.4086554 NA -0.3017425 -0.4490607 -0.4435305 -0.4727882 -0.486184 -0.511626 -0.52679 -0.4998969 NA -0.533363 -0.5644529 -0.7616884 -0.5166576 -0.4928463 -0.4926338 -0.3975126 -0.524148
2000 4 -0.4396892 -0.4317691 -0.4106221 -0.410711 -0.3838248 -0.4258301 -0.4302199 -0.4321337 -0.3920028 -0.4187341 -0.4705584 -0.4895693 NA -0.7610402 -0.4882178 -0.6547343 -0.6108446 -0.6123954 -0.6030424 -0.8537179 -0.8833043
2000 5 -0.6134118 -0.6061128 -0.5321102 -0.5326201 -0.5015463 -0.6929016 -0.6733149 -0.5945477 -0.5717667 NA -0.4441513 -0.6036925 NA -0.7065624 -0.7823046 -0.7893838 -0.8183905 -0.6846663 -0.8364022 -1.07253 -1.178681
2000 6 -0.7833708 -0.7862094 -0.7397687 -0.7402978 -0.7254413 -0.7773328 -0.8258462 -0.7967686 -0.7361829 NA -0.6647877 -0.6284081 NA -0.9000271 -1.001822 -1.488776 -1.047499 -1.060599 -1.059621 -1.319286 -1.223599
2000 7 -0.9252481 -0.9337389 -0.9054682 -0.9083631 -0.8909063 -0.9129948 -1.025472 -0.9348614 -0.8299263 NA -0.8922995 -0.8351808 NA -1.038492 -1.129683 -1.305485 -1.148671 -1.242934 -1.116983 -1.524602 -1.503763
2000 8 -1.259801 -1.243646 -1.196258 -1.195136 -1.100593 -1.195356 -1.397791 -1.293723 -1.186202 NA -1.095907 -1.134523 NA -1.320788 -1.202986 -1.534662 -1.392015 -1.397981 -1.401203 -1.832331 -1.964613
2000 9 -1.459444 -1.465035 -1.449557 -1.450206 -1.406294 -1.487098 -1.507089 -1.484463 -1.476392 NA -1.502863 -1.616295 NA -1.489766 -1.345004 -1.515572 -1.912549 -1.805677 -1.808188 -2.233948 -2.116477
2000 10 -1.65568 -1.634972 -1.610519 -1.602794 NA -1.659534 -1.744389 -1.687923 -1.775943 NA -1.593548 -1.519514 NA -1.984958 -1.867788 -1.868873 -1.909778 -1.835227 -1.996148 -2.207932 -2.385036
2000 11 -1.717468 -1.719679 -1.700498 -1.704658 -1.698071 -1.726944 -1.711706 -1.730431 -1.761037 NA -1.948665 -1.743184 NA -1.984101 -1.865316 -1.828082 -1.836323 -1.919019 -1.882131 -2.237745 -2.280928
2000 12 -1.638468 -1.651018 -1.703268 -1.7038 -1.734344 -1.750387 -1.709778 -1.710794 -1.724824 NA -1.903864 -1.890449 NA -1.642316 -1.723059 -1.843872 -1.69746 -1.630611 -1.660274 -2.009448 -2.156262
2001 1 -1.665314 -1.657126 -1.672879 -1.673663 -1.638283 -1.805459 -1.790398 -1.764456 -1.691526 NA -2.012096 -1.875987 NA -1.747085 -2.101468 NA -1.634883 -1.6103 -1.61686 -1.766263 -2.045949
2001 2 -1.767079 NA -1.777247 -1.776441 -1.722081 -1.84026 -2.027436 -1.860785 -1.809494 NA -2.118602 -2.365074 NA -1.948123 -2.181207 NA -1.828022 -1.885327 -1.855214 -1.605839 -2.073525
2001 3 -1.867417 NA -1.891986 -1.852614 -1.812548 -1.902035 -2.007814 -1.910071 -1.8084 NA -1.975207 -1.919851 NA -1.803996 -2.313447 -1.985104 -1.824664 -1.744657 -1.854822 -1.431391 -2.077713
2001 4 -1.749322 NA -1.769723 -1.765704 -1.831936 -1.789091 -1.777204 -1.747457 -1.754455 NA -1.765574 NA NA -1.880333 -1.850025 -1.981503 -1.778132 -1.783788 -1.7677 -1.736257 -2.054662
2001 5 -1.817219 NA -1.797666 -1.763442 -1.729218 -1.8093 -1.850693 -1.80727 -1.817061 NA -1.732253 NA NA -1.953054 -2.076243 -1.915431 -1.936257 -1.946646 -1.916106 -2.073675 -2.223785
2001 6 -1.99916 NA -1.959278 -1.958706 -1.880597 -1.961924 -1.980901 -1.998235 -2.023447 NA -1.989964 NA NA -2.001093 -2.244971 -2.141436 -2.057665 -2.059406 -2.076747 -2.360495 -2.402412
2001 7 -2.108955 -2.127245 -2.124359 -2.124576 -2.113427 -2.069797 -2.110384 -2.109493 -2.07349 NA -2.090836 NA NA -2.189789 -2.300907 -2.2501 -2.105914 -2.115259 -2.104088 -2.326863 -2.58217
2001 8 -2.159864 -2.150388 -2.160412 -2.160408 -2.151223 -2.166942 -2.178748 -2.156469 -2.17951 NA -2.132568 NA NA -2.224546 -2.346777 -2.333693 -2.220233 -2.325433 -2.21079 -2.471134 -2.777549
2001 9 -2.257573 -2.283466 -2.337681 -2.28074 -2.224549 -2.213811 -2.222329 -2.199331 -2.18483 NA -2.307105 NA NA -2.26994 -2.372116 -2.472244 -2.219259 -2.207318 -2.220174 -2.491405 -2.711295
2001 10 -2.172451 -2.165333 -2.17283 -2.173345 -2.161996 -2.133074 -2.298762 -2.231149 -2.158103 NA -1.852781 -1.967364 NA -2.346354 -2.272163 -2.276845 -2.332256 -2.387958 -2.336557 -2.449065 -2.934137
2001 11 -2.19523 -2.235932 -2.225114 -2.218805 -2.254503 -2.098898 -2.206327 -2.20197 -2.221101 NA -2.164926 -2.126793 NA -2.286887 NA -2.25569 -2.356034 -2.356873 -2.358175 -2.49419 -2.640422
2001 12 -2.279855 -2.309692 -2.245861 -2.262322 NA -2.157361 -2.256924 -2.253235 -2.252626 NA -2.233481 -2.223174 NA -2.282951 NA -2.057965 -2.402321 -2.320689 -2.398674 -2.434657 -2.587525
2002 1 -2.315031 -2.266617 -2.257825 -2.257858 NA -2.367602 -2.33975 -2.384674 -2.337126 -2.442598 -2.604161 -2.539441 NA -2.492526 NA -2.145899 -2.189763 NA -2.190544 -2.205555 -2.545544
2002 2 -2.5004 -2.488787 -2.414978 -2.475186 NA -2.653245 -2.573968 -2.632722 -2.848226 -2.604028 -2.763318 -2.603776 NA -2.666407 NA -2.5698 -2.580195 -2.427666 -2.522775 -2.368896 -2.631643
2002 3 -2.479321 -2.466427 -2.442214 -2.441978 -2.49361 -2.479148 -2.534736 -2.518702 -2.544392 -2.64894 -2.658811 -2.597596 NA -2.549907 NA -2.643579 -2.444242 -2.464191 -2.435644 -2.499301 -2.510609
2002 4 -2.472447 -2.491577 -2.456799 -2.456835 -2.411281 -2.529375 -2.462741 -2.433701 -2.494588 NA -2.403901 -2.275185 NA -2.721902 -2.658949 -2.57677 -2.577529 -2.578877 -2.580711 -2.52521 -2.679777
2002 5 -2.543871 -2.53111 -2.51018 -2.509162 -2.556773 -2.568657 -2.527959 -2.553027 NA NA -2.608266 -2.596221 NA -2.633944 NA -2.674549 -2.576068 -2.550963 -2.627571 -2.731307 -2.916721
2002 6 -2.611656 -2.619812 -2.640283 -2.64046 -2.620467 -2.604198 -2.603305 -2.585365 NA -2.614917 -2.721564 -2.653116 NA -2.457704 -2.851603 -2.728643 -2.686929 -2.687761 -2.684488 -2.821645 -3.042767
2002 7 -2.648622 -2.626217 -2.614537 -2.614564 -2.618462 -2.654219 -2.61438 -2.629305 NA -2.633804 -2.66124 -2.699854 NA -2.727151 -2.795983 -2.851755 -2.652711 -2.661985 -2.676129 -2.798556 -3.042282
2002 8 -2.727233 -2.716894 -2.749418 -2.747291 -2.699136 -2.6934 -2.659881 -2.67257 NA -2.700743 -2.592238 -2.689581 NA -2.66315 -2.80497 -2.804142 -2.716702 -2.641459 -2.718525 -2.854311 -2.909541
2002 9 -2.701052 -2.700168 -2.695925 -2.696034 -2.669103 -2.721721 -2.698296 -2.691315 NA -2.686253 -2.666826 -2.83827 NA -2.737098 -2.754374 -2.889357 -2.781941 -2.748346 -2.777814 -3.00224 -3.313791
2002 10 -2.841142 -2.814108 -2.825146 -2.825895 -2.800802 -2.808385 -2.826384 -2.853947 NA -2.877718 -2.836492 -2.887384 NA -3.038533 -3.070387 -2.928408 -3.050464 -3.0408 -2.975246 -3.221327 -3.346627
2002 11 -2.936002 -2.925282 -2.935762 -2.926805 -2.903999 -2.931613 -2.926481 -2.948613 -2.952703 -2.896322 -2.933418 -2.961384 NA -3.194263 -3.119107 -3.031289 -3.074136 -3.056569 -3.060456 -3.112585 -3.27296
2002 12 -2.975646 -2.972851 -2.946083 -2.978992 -2.945718 -2.971773 -2.974307 -3.012056 -3.061389 -3.064272 -3.301976 -3.337338 NA -3.226965 NA -2.9287 -3.030223 -2.947125 -3.033063 -2.955488 -3.175207
2003 1 -2.900164 -2.882374 -2.890953 -2.891034 -2.926168 -2.982712 -2.919153 -2.966734 -2.994762 -3.042035 -3.271944 -3.311559 NA -3.073232 -3.120425 -2.82284 -2.849449 -2.841406 -2.862456 -2.877849 -3.106505
2003 2 -3.016974 -2.942447 -2.88655 -2.902585 NA -3.312971 -3.031706 -3.045085 -2.988385 -2.977214 -3.2662 -3.199 NA -2.926792 -3.122503 -3.010509 -3.016118 -2.930433 -3.005043 -2.931598 -3.090767
2003 3 -3.130131 -3.164518 -3.209154 -3.207932 -3.287236 -3.159372 -3.418905 -3.187645 -3.077104 -3.216617 -3.384859 -3.287038 NA -3.267943 NA -3.028334 -3.058234 -3.115704 -3.129421 -2.967331 -3.098578
2003 4 -3.123372 -3.16662 -3.167595 -3.167595 -3.16818 -3.161812 -3.145427 -3.139138 -3.051099 -3.082984 -3.1089 -2.994608 NA -3.061523 NA -3.013867 -3.040429 -3.071313 -3.041779 -2.902967 -3.082685
2003 5 -3.075458 -3.052759 -3.056001 -3.056605 NA -3.070642 -3.100426 -3.080746 -3.103002 -3.032221 -2.937314 -2.982711 NA -3.280916 NA -3.287452 -3.095635 -3.16857 -3.167424 -3.022739 -3.293634
2003 6 -3.216049 -3.197737 -3.170784 -3.172015 -3.156422 -3.23014 -3.232869 -3.203755 -3.193558 -3.218822 -3.242058 -3.227599 NA -3.273211 NA -3.517043 -3.308499 -3.372896 -3.335795 -3.429399 -3.533105
2003 7 -3.433946 -3.445279 -3.409468 -3.409227 -3.298245 -3.434441 -3.387834 -3.443335 -3.356561 -3.451504 -3.572136 -3.513042 NA -3.589251 -3.491697 -3.625798 -3.436828 -3.424427 -3.447442 -3.597077 -3.771927
2003 8 -3.545249 -3.54568 -3.521041 -3.522018 -3.525095 -3.496563 -3.534268 -3.528492 -3.564556 -3.514922 -3.366871 -3.362106 NA -3.535699 -3.716604 -3.794515 -3.549825 -3.549877 -3.565367 -3.682165 -3.887885
2003 9 -3.660699 -3.676605 -3.615621 -3.615814 -3.528875 -3.62368 -3.645828 -3.666449 -3.72074 -3.70137 -3.704475 -3.625858 NA -3.652401 -3.808512 -3.898447 -3.66646 -3.823269 -3.728756 -4.009811 -4.113257
2003 10 -3.807667 -3.790648 -3.764982 -3.76601 -3.722274 -3.847675 -3.832218 -3.822878 -3.925776 -3.811831 -3.859342 -4.042374 NA -3.919831 -3.985186 -3.844773 -3.95495 -3.953867 -3.938172 -4.205831 -4.638934
2003 11 -4.015896 -4.014145 -4.043951 -4.038707 -4.048127 -4.030711 -4.019886 -4.028868 NA -4.020324 -4.07009 -4.071621 NA -4.156445 -4.166602 -4.115578 -4.079769 -4.057797 -4.119938 -4.225387 -4.280431
2003 12 -3.98838 -4.012088 -4.046198 -4.041259 -4.071754 -4.035616 -4.016074 -4.00501 -3.977713 -4.007981 -4.26711 -4.065503 NA -4.087019 -4.042675 -3.989685 -3.990183 -3.995804 -3.908529 -3.992068 -4.285682
2004 1 -4.011068 -4.010682 -4.012357 -3.994705 -3.995736 -4.142136 -4.109491 -4.08657 -4.22804 -4.093778 -4.631928 -4.457794 NA -4.052174 -4.127537 -3.866033 -4.095161 -4.038043 -4.153709 -3.914905 -4.147526
2004 2 -4.226093 -4.223851 -4.166305 -4.167948 NA -4.419141 -4.270339 -4.337589 -4.248451 -4.078719 -4.254903 -4.221281 NA -4.104755 -4.4611 -4.075929 -4.080275 -4.152343 -4.062123 -4.061848 -4.188066
2004 3 -4.103134 -4.10191 -4.057405 -4.05646 -4.032167 -4.281196 -4.194896 -4.216566 -4.119565 -4.076525 -4.264823 -3.928017 NA -3.987009 -4.457107 -4.038483 -4.037292 -4.02067 -4.061799 -4.08205 -4.419511
2004 4 -4.062045 -4.061517 -4.039382 -4.036513 -4.031124 -4.112252 -4.126138 -4.098761 -4.040762 -4.112277 -4.051938 -4.171206 NA -4.244796 -4.259849 -4.210191 -4.154253 -4.069684 -4.153305 -4.029554 -4.630174
2004 5 -4.156663 -4.162418 -4.152536 -4.15193 -4.092064 -4.238463 -4.20024 -4.170835 -4.174603 -4.143228 -4.124127 -4.060093 NA -4.405879 -4.339477 -4.388479 -4.231456 -4.23622 -4.272006 -4.272898 -4.569504
2004 6 -4.367909 -4.37746 -4.325138 -4.306134 -4.217497 -4.393019 -4.300839 -4.376929 -4.377875 -4.376171 -4.309189 -4.307843 NA -4.603211 -4.574082 -4.626576 -4.422189 -4.370615 -4.39337 -4.533859 -4.710587
2004 7 -4.456078 -4.449872 -4.434902 -4.435711 -4.425305 -4.436022 -4.468529 -4.481025 -4.499668 -4.514834 -4.432097 -4.443134 NA -4.475413 -4.516963 -4.415851 -4.494827 -4.518435 -4.496516 -4.512196 -4.853029
2004 8 -4.576569 -4.538751 -4.532544 -4.519511 -4.500911 -4.543143 -4.58784 -4.586774 -4.607421 -4.60138 -4.597049 -4.576749 NA -5.172689 -4.539816 -4.650511 -4.777819 -4.893232 -4.80745 -5.82191 -5.293792
2004 9 -4.84009 -4.845353 -4.799372 -4.827045 NA -4.82626 -4.849877 -4.836672 -4.89949 -4.810525 -4.73566 -4.779493 NA -5.236371 -5.312606 -5.081449 -5.420145 -5.662824 -5.443556 -5.779576 -5.533178
2004 10 -5.022272 -5.009099 -4.944731 -4.944545 -4.836819 -5.056376 -4.998714 -5.02875 -5.018295 -5.045051 -5.028739 -5.083622 NA -5.170613 -5.245383 -5.074345 -5.18107 -5.172262 -5.195644 -5.35358 -5.312603
2004 11 -5.183513 -5.165112 -5.17342 -5.147666 -5.117011 -5.178717 -5.112638 -5.193933 -5.236747 -5.145956 -5.299187 -5.282042 NA -5.443495 -5.238125 -5.381184 -5.273299 -5.314853 -5.3481 -5.474683 -5.186772
2004 12 -5.183207 -5.202033 -5.191385 -5.216835 -5.168165 -5.223964 -5.157073 -5.261563 -5.234803 -5.241732 -5.41956 -5.311868 NA -5.198222 -5.363594 -5.47534 -5.201494 -5.303548 -5.198322 -5.219894 -5.115965
2005 1 -5.161161 -5.190559 -5.165159 -5.14195 -5.164942 -5.504223 -5.319977 -5.319187 -5.335106 -5.481822 -5.81193 -5.745869 NA -5.314824 -5.371018 NA -5.150531 -5.159985 -5.125146 -5.021614 -5.082208
2005 2 -5.475093 -5.536433 -5.646517 -5.330236 -5.662995 -5.480176 -5.568364 -5.596035 -5.382686 -5.499352 -5.876379 -5.68309 NA -5.425379 -5.453663 NA -5.400168 -5.418443 -5.35637 -5.312934 -5.344404
2005 3 -5.397594 -5.426408 -5.345364 -5.34736 -5.501223 -5.53747 -5.51632 -5.464471 -5.480145 -5.333463 -5.621016 -5.599656 NA -5.566576 -5.426983 -5.394078 -5.408818 -5.4144 -5.389393 -5.385331 -5.299791
2005 4 -5.4521 -5.447763 -5.420877 -5.417004 -5.369775 -5.53722 -5.466677 -5.435656 -5.468563 -5.456127 -5.371527 -5.437144 NA NA -5.613659 NA -5.451436 -5.518992 -5.429825 -5.694934 -5.60821
2005 5 -5.459577 -5.484202 -5.487684 -5.48375 -5.520905 -5.46812 -5.426179 -5.44419 -5.409472 -5.451145 -5.430224 -5.255378 NA -5.61375 -5.481411 NA -5.333938 -5.362972 -5.37646 -5.520281 -5.530115
2005 6 -5.446747 -5.444855 -5.442944 -5.442348 -5.452528 -5.457281 -5.409529 -5.420305 -5.424014 -5.446977 -5.456127 -5.408057 NA -5.622589 -5.526408 NA -5.316781 -5.411334 -5.284031 -5.45675 -5.685771
2005 7 -5.572224 -5.576374 -5.604784 NA NA -5.583791 -5.60547 -5.579163 -5.592276 -5.616206 -5.574194 -5.627232 NA -5.756824 -5.800903 NA -5.593194 -5.64121 -5.672325 -5.751601 -6.07269
2005 8 -5.741241 -5.711996 -5.66879 NA -5.584589 -5.744861 -5.808236 -5.725519 -5.785787 -5.77649 -5.800217 -5.806958 NA -5.707189 -5.827119 -5.790811 -5.700651 -5.715394 -5.648468 -5.894048 -6.243991
2005 9 -5.993453 -5.987504 -5.961098 -5.960245 -5.924338 -5.967396 -5.946077 -5.983221 -5.978709 -6.047804 -6.019782 -6.07487 NA -6.023237 -6.078569 NA -6.037531 -6.115164 -6.024609 -6.299744 -6.613247
2005 10 -6.174263 -6.193897 -6.124358 -6.124133 -6.058162 -6.14182 -6.199968 -6.186789 -6.192775 -6.1305 -6.02028 -6.098312 NA -6.252557 -6.740461 NA -6.324621 -6.393564 -6.347749 -6.516244 -6.769861
2005 11 -6.278095 -6.281958 -6.298703 -6.298515 NA -6.267046 -6.32117 -6.278874 -6.297644 -6.286444 -6.274827 -6.611555 NA -6.382225 -6.351931 NA -6.25464 -6.26697 -6.266849 -6.413319 -6.353662
2005 12 -6.271988 -6.271832 -6.259188 -6.255599 -6.256499 -6.356616 -6.268451 -6.308497 -6.275889 -6.265707 -6.377792 -6.76375 NA -6.104782 -6.337368 NA -5.924106 -6.394676 -6.141801 -5.853869 -6.227118
2006 1 -6.250177 -6.216939 -6.22151 -6.223259 -6.280423 -6.90985 -6.136158 -6.287689 -6.237689 -6.354442 -7.018531 -6.822951 NA -6.260417 -6.239917 -6.565807 -6.130693 -6.123436 -6.147559 -6.130433 -6.114027
2006 2 -6.460415 -6.476489 -6.434495 -6.434404 -6.46685 -6.561498 -6.569792 -6.487156 -6.480276 -6.505513 -6.769209 -6.7801 NA -6.471415 -6.419881 NA -6.394139 -6.234583 -6.311746 -6.170545 -6.187675
2006 3 -6.375743 -6.376144 -6.397292 -6.391751 -6.425894 -6.51568 -6.422343 -6.444506 -6.39092 -6.479606 -6.583551 -6.550203 -6.345624 NA -6.489522 -6.278997 -6.314484 -6.377787 -6.314082 -6.192131 -6.45465
2006 4 -6.429068 -6.468195 -6.414575 NA -6.471106 -6.466929 -6.432276 -6.422781 -6.466839 -6.492962 -6.44789 -6.282319 -6.433184 -6.512356 -6.4518 -7.192475 -6.523725 -6.381684 -6.534842 -6.278692 -6.593091
2006 5 -6.605681 -6.544787 -6.507373 -6.499481 -6.424884 -6.60998 -6.626623 -6.643849 -6.557416 -6.608698 -6.524679 -6.544284 -6.658954 -6.849593 -6.808986 -6.84542 -6.595382 -6.591798 -6.609827 -6.797152 -6.903339
2006 6 -6.794961 -6.780379 -6.750401 -6.751145 -6.68025 -6.807384 -6.802737 -6.810826 NA -6.805128 -6.867321 -6.890996 -6.914696 -7.042675 -6.94708 -7.068476 -6.930322 -6.915173 -6.931403 -7.104154 -7.200139
2006 7 -7.00651 -6.989599 -6.924331 -6.939604 -6.883642 -6.988997 -6.929131 -6.995772 -7.081805 -7.092806 -6.958697 -6.95627 NA -7.270468 -7.197155 -7.290858 -7.080688 -7.123629 -7.025768 -7.228723 -7.48445
2006 8 -7.208624 -7.181527 -7.127748 -7.143792 NA -7.174112 -7.184351 -7.188361 -7.177804 -7.222978 -7.229617 -7.123505 -7.135399 -7.270878 -7.240496 -7.435597 -7.321989 -7.307053 -7.269309 -7.350902 -7.542466
2006 9 -7.294289 -7.289822 -7.264857 -7.269395 NA -7.289875 -7.264268 -7.290879 -7.286204 -7.260824 -7.274877 -7.20882 -7.290761 -7.147351 -7.330218 -7.335729 -7.311042 -7.340395 -7.31518 -7.505298 -7.658773
2006 10 -7.412284 -7.383548 -7.374372 -7.378948 -7.349615 -7.386445 -7.391544 -7.396875 -7.384108 -7.446051 -7.365447 -7.379873 -7.37823 -7.449324 -7.696292 -7.667471 -7.527352 -7.465155 -7.517003 -7.585797 -7.757684
2006 11 -7.605085 -7.570719 -7.562927 -7.533376 -7.498128 -7.580606 -7.654576 -7.616419 -7.536585 -7.612844 -7.744957 -7.642735 -7.606385 -7.886621 -7.687344 -7.692714 -7.653047 -7.71834 -7.694296 -7.798696 -7.966247
2006 12 -7.697619 -7.682861 -7.678237 NA -7.682119 -7.732948 -7.714023 -7.719293 -7.695036 -7.718718 -7.911842 -7.761106 -7.913057 -7.979596 -7.651674 -7.818823 -7.662296 -7.621008 -7.692848 -7.563394 -7.878083
2007 1 -7.74745 -7.797477 -7.81257 -7.813801 -7.768276 -7.914384 -7.837435 -7.852871 -7.87345 -7.907969 -8.081572 -7.958038 -8.086555 -8.042989 -8.018416 -7.894107 -7.680813 -7.80201 -7.712246 -7.593689 -7.972293
2007 2 -7.819994 -7.802755 -7.740189 -7.742091 -7.720661 -8.116629 -8.167875 -7.936534 -8.119244 -7.846397 -8.198741 -8.363171 -8.100066 -7.94378 -8.16906 -7.890078 -7.911541 -7.910427 -7.908398 -7.738249 -7.928847
2007 3 -7.953684 -7.948316 -7.966481 -7.943431 -7.921117 -7.955286 -8.062394 -8.011754 -7.95751 -7.91049 -8.054392 -7.847468 -7.852903 -8.167945 -8.122506 -7.850716 -7.942659 -7.791845 -7.93242 -8.054149 -7.893481
2007 4 -7.873081 -7.864843 -7.874898 -7.893495 -7.891306 -7.856303 -7.844087 -7.85819 -7.848707 -7.870939 -7.867345 -7.891078 -7.864114 -7.933643 -8.050484 -8.072109 NA NA NA -8.157115 -8.102715
2007 5 -7.994102 -7.969626 -7.931214 -7.930294 -7.936012 -7.985938 -7.976134 -7.981588 -7.951074 -7.976523 -7.980195 -8.02867 -7.889677 -8.395975 -8.00207 -7.843348 -8.119843 -8.106761 -8.125094 -8.452511 -8.203639
2007 6 -8.151007 -8.145159 -8.116266 -8.117332 -8.024474 -8.178323 -8.129691 -8.150665 -8.171024 -8.062967 -8.127361 -8.079227 -8.070379 -8.249709 -8.538018 -8.246106 -8.305768 -8.34193 -8.311244 -8.475959 -8.480798
2007 7 -8.341916 -8.327443 -8.305172 -8.305353 -8.202323 -8.319231 -8.31665 -8.347307 -8.35355 -8.337639 -8.333624 -8.271057 NA -8.444301 -8.662804 -8.511068 -8.380935 -8.355507 -8.378275 -8.586265 -9.032937
2007 8 -8.502894 -8.495457 -8.490338 -8.485349 -8.428921 -8.491124 -8.491063 -8.497592 -8.509849 -8.593803 -8.401156 -8.408291 NA -8.425272 -8.681557 -8.600441 -8.553056 -8.462277 -8.466398 -8.761209 -9.11962
2007 9 -8.677983 -8.674448 -8.631297 -8.630543 NA -8.67227 -8.730674 -8.689763 -8.687706 NA -8.534538 -8.685458 -8.640898 -8.676539 -9.347508 -8.754753 -8.712744 -8.667043 -8.804555 -8.969924 -9.312877
2007 10 -8.876937 -8.821738 -8.750333 -8.749226 -8.680719 -8.856765 -8.785233 -8.898821 NA -9.036618 -8.901057 -8.710809 -9.033746 -8.823377 -9.075081 -9.159978 -8.988725 -8.910773 -8.9508 -9.198329 -9.414546
2007 11 -9.089359 -9.091059 -9.087938 -9.089178 NA -9.085168 -9.122285 -9.146134 NA -9.128968 -8.966887 -9.05522 -8.987117 -9.168785 -9.226487 -9.212538 -9.218803 -9.218124 -9.183652 -9.257318 -9.670707
2007 12 -9.184433 -9.186422 -9.175243 -9.175175 -9.126729 -9.202404 -9.222936 -9.243561 NA -9.437075 -9.640463 -9.525601 -9.568123 -9.565676 -9.618496 -8.886749 -9.499727 -9.50979 -9.457704 -9.395956 -9.647697
2008 1 -9.299326 -9.24432 -9.252349 -9.251906 -9.215478 -9.415946 -9.432666 -9.429945 NA -9.378772 -9.785197 -10.5352 -9.385808 -9.627095 -9.706265 -9.165235 -9.617883 -9.73465 -9.543191 -9.124189 -9.65598
2008 2 -9.318094 -9.316432 -9.353225 -9.318317 NA -9.387671 -9.366182 -9.389568 NA -9.261175 -9.69123 -9.580564 -9.954425 -9.440763 -9.357351 -9.297829 -9.222278 -9.362881 -9.174358 -9.111319 -9.226206
2008 3 -9.277553 -9.288078 -9.263828 -9.263166 NA -9.411287 -9.259983 -9.329637 -9.38003 -9.380856 -9.448328 -9.386008 -9.318988 NA -9.493402 -9.50956 -9.440466 -9.547481 -9.270362 -9.215659 -9.319208
2008 4 -9.319037 -9.312625 -9.296157 -9.292575 NA -9.43815 -9.340155 -9.381545 -9.509416 -9.394669 -9.35937 -9.411267 -9.40924 NA -9.434877 -9.511094 -9.395715 -9.452297 -9.392198 -9.316576 -9.5394
2008 5 -9.425601 -9.377362 -9.383431 -9.382024 -9.329894 -9.438692 -9.497555 -9.41823 -9.428741 NA -9.441242 -9.41061 -9.523476 NA -9.758925 -9.729899 -9.627387 -9.832102 -9.710398 -9.52162 -9.476507
2008 6 -9.612572 -9.584878 -9.647413 -9.647954 NA -9.592795 -9.584696 -9.576162 -9.528551 -9.61309 -9.668709 -9.679372 -9.675357 NA -9.639548 -9.982768 -9.689503 -9.617353 -9.652754 -9.749802 -9.707083
2008 7 -9.718544 -9.706306 -9.70607 -9.695143 -9.803209 -9.710237 -9.701628 -9.717034 NA -9.714018 -9.680109 -9.689412 -9.618851 -9.720427 -9.720329 -10.0347 -9.728288 -9.703196 -9.742315 -9.859122 -9.951161
2008 8 -9.935462 -9.886139 -9.855633 -9.899489 -10.0245 -9.934985 -9.968456 -9.91512 -10.0514 -9.881664 -9.939237 -10.08784 -9.888249 -10.0528 -9.991379 -10.11906 -9.992254 -10.00447 -10.04972 -10.29307 -10.4266
2008 9 -10.14216 -10.09398 -10.06296 -10.06288 NA -10.16316 -10.16059 -10.14883 -10.12525 -10.04746 -10.1707 -10.28338 -10.15767 -10.18252 -10.30681 -10.61208 -10.22378 -10.18261 -10.19597 -10.49088 -10.66219
2008 10 -10.22644 -10.24025 -10.2148 -10.21252 -10.17706 -10.22473 -10.21929 -10.23604 -10.21117 -10.18692 -10.07724 -10.19416 -10.21612 -10.18751 -10.30064 NA -10.40858 -10.51056 -10.39764 -10.63063 -10.73005
2008 11 -10.32081 -10.29988 -10.31643 -10.31641 NA -10.25776 -10.31675 -10.33487 -10.42138 -10.31812 -10.55912 -10.4109 NA -10.31547 -10.41318 NA -10.36985 -10.33485 -10.37698 -10.61391 -10.78749
2008 12 -10.43742 -10.43658 -10.45241 -10.45306 NA -10.51323 -10.35599 -10.44892 -10.59443 -10.40999 -10.55247 -10.59242 NA -10.45274 -10.43986 -10.23436 -10.61451 -10.49468 -10.58679 NA -10.63766
2009 1 -10.44004 -10.36135 -10.40852 -10.39109 -10.41065 -10.57402 -10.325 -10.44837 -10.48585 -10.38276 -11.02744 -10.77332 -10.33239 -10.78533 -10.45667 -10.17078 -10.39988 -10.50632 -10.40246 NA -10.38069
2009 2 -10.64661 -10.67048 -10.68648 -10.62284 NA -10.72346 -10.82426 -10.70808 -10.65493 -10.65376 -10.85899 -10.78763 -10.67542 -10.68948 -10.82339 -10.67586 -10.37392 NA -10.42675 -10.61243 -10.77521
2009 3 -10.71045 -10.71723 -10.63495 -10.63417 NA -10.85396 -10.73286 -10.77353 -10.85113 -10.81082 -10.87422 -10.83662 -10.79584 -11.17866 -10.99119 -10.9901 -10.58169 -10.57616 -10.57969 -10.62526 -10.90838
2009 4 -10.76885 -10.75017 -10.73797 -10.73601 NA -10.8761 -10.75827 -10.7518 -10.87614 -10.67984 -10.79245 -10.59324 -10.82809 -10.97505 -11.16695 -11.04803 -10.8095 -10.91483 -10.83993 -11.07902 -11.27576
2009 5 -11.10056 -11.06286 -11.08071 -11.08139 -11.15429 -11.11938 -11.06744 -11.05704 -11.07425 -10.93037 -10.95114 -11.01843 NA -11.08145 -11.30053 -11.4477 -11.06995 -11.11338 -11.07256 -11.18175 -11.49201
2009 6 -11.33972 -11.33642 -11.34657 -11.34683 -11.28503 -11.3875 -11.30203 -11.35689 -11.28091 -11.37346 -11.31692 -11.26139 -11.37414 -11.34229 -11.49147 -11.52629 -11.37541 -11.39487 -11.3763 -11.36293 -11.7321
2009 7 -11.5405 -11.51473 -11.45425 -11.45409 -11.40473 -11.51855 -11.5225 -11.56962 -11.61981 -11.48119 -11.4837 -11.44411 NA -11.63351 -11.73836 -11.74289 -11.52943 -11.43197 -11.54221 -11.76743 -12.09467
2009 8 -11.78537 -11.76254 -11.70993 -11.71062 -11.64728 -11.74072 -11.75878 -11.77132 -11.79853 -11.73299 -11.7437 -11.8044 NA -11.79422 -11.92204 -12.22404 -11.81463 -11.77836 -11.83581 -11.65726 -12.17846
2009 9 -11.94966 -11.91891 -11.90083 -11.89925 -11.83884 -11.9687 -11.89945 -11.97526 -11.94658 -11.96727 -11.99579 -11.95596 NA -12.025 NA -11.96389 -11.93217 -12.02798 -11.9344 -12.10404 -12.59255
2009 10 -11.98229 -11.98808 -11.9988 -11.99825 NA -11.96042 -11.99301 -12.00247 -11.99935 -11.9997 -11.95865 -11.88305 -11.90223 -11.90022 -11.94461 -12.10563 -12.06587 -11.95863 -12.06482 -12.04653 -12.23126
2009 11 -11.98288 -11.95761 -11.98471 -11.98324 NA -12.01632 -11.98387 -11.99536 -12.04096 -12.02928 -12.15751 -12.1165 NA -12.21415 -12.08654 -12.10027 -11.91517 -12.07177 -12.07997 -11.96927 -11.71208
2009 12 -12.01237 -11.99815 -11.98949 -11.98917 -11.98422 -12.06061 -12.03903 -12.06731 -12.08931 NaN -12.26356 -12.31965 -11.90734 -12.0486 -12.22477 -11.97496 -11.97716 -12.04622 -11.92384 -11.92285 -12.27468
2010 1 -12.12763 -12.06969 -12.03981 -12.03542 -12.08672 -12.53378 -12.16798 -12.17031 -12.06191 -12.1065 -12.4088 -12.38752 -12.14467 -12.34803 -12.53363 NA -12.20066 -12.26981 -12.20417 -11.89005 -12.55331
2010 2 -12.41933 -12.36293 -12.40621 -12.40949 -12.10341 -12.53237 -12.63324 -12.50689 -12.26183 -12.47318 -12.86431 -12.68307 -12.77927 -12.59843 -12.41878 -12.15565 -12.01339 -12.08028 -12.01281 -12.17053 -12.30878
2010 3 -12.45568 -12.45197 -12.4062 -12.40668 -12.37685 -12.55472 -12.57838 -12.55505 -12.51837 -12.3694 -12.7391 -12.57026 -12.6032 -12.51473 -12.88283 -12.54169 -12.38922 -12.34615 -12.30993 -12.09906 -12.45404
2010 4 -12.63484 -12.56063 -12.59837 -12.59502 -12.57879 -12.74648 -12.64596 -12.58879 -12.5959 -12.61455 -12.68078 -12.15262 -12.55271 -12.70358 -12.77385 -12.53341 -12.35618 NA -12.49289 -12.43469 -12.61176
2010 5 -12.68122 -12.64342 -12.68136 -12.68018 -12.63195 -12.72094 -12.62814 -12.62539 -12.57279 -12.67976 -12.46341 -12.44078 -12.7016 -12.7394 -12.80485 -12.65497 -12.80102 -12.55444 -12.66095 -12.62561 -12.96113
2010 6 -12.69638 -12.67671 -12.63832 -12.65009 -12.65036 -12.71585 -12.72663 -12.68152 NA -12.6177 -12.74794 -12.66982 -12.76364 -12.64565 -12.87501 -12.79169 -12.64831 -12.73273 -12.72424 -12.81799 -12.91569
2010 7 -12.82955 -12.81149 -12.79083 -12.79153 -12.77961 -12.84902 -12.83276 -12.80954 NA -12.81915 -12.86576 -12.98928 NA -12.8502 -12.87118 -13.17029 -12.95655 -12.84167 -12.95654 -13.03007 -12.9561
2010 8 -12.81211 -12.8161 -12.81658 -12.81545 -12.80844 -12.80643 -12.77652 -12.79465 NA -12.75149 -12.75518 -12.70704 NA -12.92586 -12.87799 -13.0954 -12.91183 -12.85099 -12.90618 -12.97648 -13.07454
2010 9 -13.0876 -13.00773 -12.92758 -12.92879 -12.85678 -13.10145 -13.1206 -13.09039 NA -13.02533 -13.13352 -13.05264 -13.12044 -13.07157 -13.12401 -13.76327 NA -13.1409 -13.11519 -13.44219 -13.50387
2010 10 -13.29774 -13.275 -13.2527 -13.25395 -13.24603 -13.2203 -13.36582 -13.31003 NA -13.30175 -13.2052 -13.04197 -13.23987 -13.45706 -13.39453 -14.1466 -13.59823 NA -13.58229 -13.63019 -13.63577
2010 11 -13.47163 -13.49866 -13.51236 -13.50572 NA -13.42409 -13.47907 -13.44507 NA -13.50739 -13.44492 -13.16228 -13.52534 -13.75052 -13.69102 -13.6218 -13.73066 -13.77228 -13.77954 -13.59674 -13.65294
2010 12 -13.57998 -13.5692 -13.40001 -13.56326 -13.40002 -13.5455 -13.76452 -13.68272 NA -13.70935 -14.06224 -14.1421 NA -13.81814 -13.54556 -13.78314 -13.76796 -13.79126 -13.77996 -13.45533 -13.56327
2011 1 -13.60669 -13.61213 -13.59969 -13.59949 -13.54774 -13.65391 -14.00978 -13.79377 NA -13.67918 -14.29152 -14.48879 -13.21989 -13.84355 -13.73139 -13.55388 -13.52643 NA -13.52186 -13.53673 -13.74679
2011 2 -13.68292 -13.50319 -13.47713 -13.47712 -13.43703 -13.72172 -13.83771 -13.7134 NA -13.58516 -13.7113 -14.44623 -13.62578 -14.44852 -13.81224 NA -13.61668 -13.58254 -13.61866 -13.49459 -13.5808
2011 3 -13.95452 -13.96206 -13.98356 -13.97311 -13.99796 -13.94865 -14.07503 -14.10941 NA -13.88248 -14.36939 -14.40748 -14.09875 -13.8965 -14.00099 -14.17296 -14.22644 -14.18284 -14.23687 -13.58424 -13.87202
2011 4 -14.17679 -14.153 -14.17556 -14.16951 -14.0837 -14.25902 -14.27377 -14.21531 NA -14.12121 -14.30131 -14.35414 -14.31244 NA -14.17025 -14.25292 -13.95352 -14.0425 NA -14.07446 -14.22927
2011 5 -14.16549 -14.15576 -14.11981 -14.1194 -14.14546 -14.16831 -14.07428 -14.15803 NA -14.14443 -14.15121 -14.34215 -14.12017 NA -14.12549 NA -14.2667 -14.24831 -13.99197 -14.29074 -14.19962
2011 6 -14.35989 -14.30814 -14.32962 -14.33007 NA -14.38711 -14.42817 -14.38796 NA -14.29089 -14.40213 -14.34855 -14.35369 NA -14.46505 -14.62721 -14.45485 -14.52289 -14.45403 -14.58051 -14.51094
2011 7 -14.57923 -14.56524 -14.56704 -14.56458 NA -14.59079 -14.56818 -14.57452 NA -14.5264 -14.66946 -14.5376 NA NA -14.7196 -14.73279 -14.54918 -14.60751 -14.54457 -14.77642 -14.73321
2011 8 -14.71865 -14.679 -14.64796 -14.64795 -14.61062 -14.75208 -14.68634 -14.6973 -14.71264 -14.68956 -14.7615 -14.68829 -14.619 -14.86265 -14.80623 -15.00124 -14.83899 -14.8591 -14.8411 -14.87845 -15.03714
2011 9 -14.89288 -14.86696 -14.85557 -14.85587 -14.83035 -14.92007 -14.86932 -14.89253 -14.91511 -14.94926 -14.98204 -14.88916 -14.98146 -15.01395 -15.00142 -14.84659 -14.93082 -14.93389 -14.91954 -15.20251 -15.25726
2011 10 -15.00492 -15.00571 -15.02052 -15.0197 -15.01856 -15.01189 -14.97133 -14.98953 -14.9899 -15.05369 -14.98301 -15.04786 -14.90843 -15.20938 -15.11437 -15.0253 -15.03313 -15.19785 -15.05501 -15.39852 -15.37507
2011 11 -15.02199 -15.03751 -15.02121 -15.04024 -15.00933 -15.04393 -15.02229 -15.04422 -15.11047 -15.05083 -15.06162 -14.95726 -14.98509 -14.84433 -15.0714 -15.03106 -15.13837 -15.2046 -15.17184 -15.18719 -15.31016
2011 12 -15.09589 -15.08807 -15.07763 -15.21665 NA -15.15624 -15.34352 -15.21518 -15.09173 -15.35635 -15.67739 -15.87277 -15.7582 -15.54702 -15.36471 -15.15216 -15.28041 -15.51192 -15.27431 -15.14895 -14.81061
2012 1 -15.21316 -15.22246 -15.20227 -15.20297 NA -15.42915 -15.34817 -15.43753 -15.5187 -15.18718 -16.23289 -16.70481 NA -15.20878 -15.39499 -15.16546 -15.06448 -15.26887 -15.15685 -15.12688 -14.60456
2012 2 -15.56282 -15.63021 -15.57437 -15.7664 -15.2549 -15.62215 -15.84676 -15.62821 -15.49863 -15.46493 -15.59289 -15.65158 -15.57977 -15.36839 -15.86648 -15.38383 -14.93779 -15.20447 -15.15798 -15.03706 -15.23528
2012 3 -15.49631 -15.51534 -15.48283 -15.48467 -15.32582 -15.59283 -15.62677 -15.65772 -15.60191 -15.6292 -15.7303 -15.89656 -15.33574 -16.12023 -15.52233 -15.50413 -15.45072 -15.43542 -15.56165 -15.17792 -15.37347
2012 4 -15.4415 -15.46264 -15.48145 -15.48153 -15.55297 -15.43018 -15.39136 -15.43802 -15.47237 -15.46668 -15.40025 -15.58653 -15.60912 -16.13436 -15.58657 -15.40324 -15.22592 -15.22842 -15.22582 -15.16323 -15.59796
2012 5 -15.57338 -15.554 -15.4976 -15.49708 NA -15.53966 -15.49887 -15.5641 -15.57601 -15.64062 -15.42412 -15.299 -15.52361 -16.16938 -15.79142 -15.37576 -15.80052 -15.61801 -15.78587 -15.56055 -15.74227
2012 6 -15.84878 -15.83954 -15.794 -15.79427 -15.67253 -15.90031 -15.82345 -15.8235 -15.78573 -15.79177 -15.83641 -15.71699 -15.8889 -16.18184 -15.98077 -16.02251 -15.81781 -15.8364 -15.84452 -15.823 -16.1223
2012 7 -15.94761 -15.9482 -15.93711 -15.93908 NA -15.92431 -15.93368 -15.93692 -15.95996 -15.87889 -15.91857 -16.0703 NA -16.00837 -15.87203 -16.24993 -15.86746 -15.92941 -15.88765 -15.88721 -16.26291
2012 8 -16.01478 -16.01748 -16.00127 -16.00123 -16.01794 -16.03561 -15.98739 -16.00835 -16.02244 -15.97739 -15.87979 -16.03758 NA -15.96163 -16.00767 -16.30844 -16.0113 -16.01448 -16.02691 -16.11982 -16.3083
2012 9 -16.16312 -16.12748 -16.09122 -16.09072 NA -16.13584 -16.11202 -16.16218 -16.07935 -16.08869 -16.32505 -16.27731 -16.45988 -16.24985 -16.22971 NA -16.20408 -16.26469 -16.23784 -16.42512 -16.70584
2012 10 -16.39755 -16.39602 -16.3849 -16.38499 NA -16.39477 -16.41665 -16.40522 -16.34052 -16.4094 -16.59018 -16.48428 -16.70438 -16.59729 -16.67284 NA -16.42879 -16.4097 -16.42772 -16.55258 -16.63211
2012 11 -16.47642 -16.50271 -16.50441 -16.50373 -16.54779 -16.45972 -16.50582 -16.50701 -16.46296 -16.47907 -16.53043 -16.58802 -16.53747 -16.74144 NA NA -16.50903 -16.6553 -16.52087 -16.48519 -16.46794
2012 12 -16.37875 -16.39966 -16.40367 -16.40484 -16.40528 -16.36325 -16.59231 -16.48838 -16.51321 -16.55634 -16.79504 -16.64215 -16.66714 -16.35468 -16.38563 NA -16.40616 -16.79454 -16.41003 -16.39376 -16.37952
2013 1 -16.30998 -16.36058 -16.39062 -16.39328 NA -16.43005 -16.41819 -16.46276 -16.46187 NA -17.00937 -16.557 -16.89428 -17.06665 -16.53437 NA -16.26306 -16.20621 -16.24884 -16.19418 -16.1785
2013 2 -16.44931 -16.41064 -16.41344 -16.42336 NA -16.54449 -16.47101 -16.43617 -16.37591 -16.34046 -16.87984 -16.94202 -16.4498 -16.36642 -16.53649 -16.25741 -16.19658 -16.22556 -16.19722 -16.27278 -16.2871
2013 3 -16.65599 -16.6218 -16.63392 -16.61171 -16.64099 -16.61162 -16.64828 -16.72255 -16.59713 -16.61501 -17.02372 -16.92891 -16.68735 -17.09913 -16.8901 -16.62062 -16.179 -15.92491 -16.17207 -16.2566 -16.47968
2013 4 -16.73003 -16.73426 -16.75252 -16.75252 -16.77511 -16.76204 -16.70887 -16.76676 -16.74255 -16.81017 -16.73267 -16.66321 -16.77986 -17.0251 -16.86361 -16.82953 -16.59869 -16.77463 -16.64276 -16.50268 -16.64797
2013 5 -16.83029 -16.79846 -16.79279 -16.79201 -16.7011 -16.87344 -16.80554 -16.80672 -16.83187 -16.76719 -16.77878 -16.83084 -16.73478 -16.99134 -16.87459 -16.93659 -16.92508 -16.91462 -16.9321 -16.79342 -16.83813
2013 6 -17.06013 -17.04234 -17.05631 -17.05628 -17.08806 -17.0909 -17.05045 -17.0315 -17.0173 -17.08643 -17.1055 -17.01801 -17.09382 -17.24494 -17.14362 -17.21996 -16.98073 -17.03108 -16.98001 -17.13512 -17.28569
2013 7 -17.25499 -17.21427 -17.20141 -17.20151 -17.12462 -17.26392 -17.29288 -17.27901 -17.30001 -17.18954 -17.38389 -17.3666 -17.22212 -17.12442 -17.39491 -17.54669 -17.32117 -17.45465 -17.46089 -17.30013 -17.50237
2013 8 -17.4603 -17.46316 -17.42077 -17.45758 -17.38441 -17.46165 -17.45536 -17.43608 -17.47028 -17.43946 -17.43263 -17.4928 NA -17.35744 -17.47118 NA -17.41787 -17.39789 -17.43637 -17.53122 -17.64144
2013 9 -17.59414 -17.56421 -17.55469 -17.55448 -17.49026 -17.54954 -17.559 -17.58844 -17.59319 -17.59171 -17.58674 -17.56807 -17.71033 -17.57508 -17.68203 NA -17.60423 -17.6473 -17.62667 -17.7577 -17.81156
2013 10 -17.7312 -17.70811 -17.68646 -17.68565 -17.66426 -17.72887 -17.7328 -17.7387 -17.75972 -17.72025 -17.73523 -17.69512 -17.87434 -17.88642 -17.80828 NA -17.78216 -17.74676 -17.78105 -17.84269 -17.91076
2013 11 -17.81477 -17.84056 -17.81833 -17.81384 -17.81368 -17.84318 -17.85478 -17.856 -17.89428 -17.80261 -17.86478 -17.91069 -17.9374 -17.95067 -17.85972 -17.99983 -17.98116 -17.82663 -17.97209 -17.82199 -17.90452
2013 12 -17.83468 -17.85881 -17.81574 -17.81552 -17.80894 -17.82965 -17.84859 -17.91802 -18.02443 -18.04827 -18.34419 -18.18796 -18.15447 -18.2659 -18.04453 NA -17.84696 -17.65806 -17.85273 -17.7837 -17.77576
2014 1 -17.96799 -17.93862 -17.88258 -17.88228 -17.84824 -18.12953 -18.12842 -18.09872 -18.31583 -18.26114 -19.5844 -19.49932 -18.64193 -18.4895 -17.96513 NA -18.0734 -18.16277 -18.05322 -18.04364 -17.92178
2014 2 -18.33735 -18.24433 -18.33179 -18.32949 -18.17031 -18.54445 -18.19945 -18.31624 -18.26798 -18.45541 -19.03486 -18.80801 -18.68301 -18.67135 -18.58445 NA -18.27119 -18.18062 -18.2898 -18.15605 -18.03505
2014 3 -18.45256 -18.37326 -18.35696 -18.35471 -18.2133 -18.74399 -18.48686 -18.48245 -18.35062 -18.47494 -18.69597 -18.55609 -18.71338 -18.69627 -18.46608 -18.01918 -18.38882 -18.42517 -18.39313 -18.19484 -18.24287
2014 4 -18.48226 -18.51178 -18.52111 -18.52509 -18.57336 -18.44886 -18.49831 -18.48661 -18.40352 -18.41488 -18.3313 -18.39661 -18.46058 -18.65832 -18.46104 -18.56676 -18.14934 -18.39 -18.20501 -18.14365 -18.45909
2014 5 -18.54324 -18.51386 -18.50528 -18.45934 -18.55117 -18.61222 -18.6395 -18.59327 -18.55941 -18.55272 -18.50145 -18.49178 -18.57906 -18.92062 -18.69968 -18.86413 -18.45267 -18.61498 -18.47048 -18.55756 -18.63827
2014 6 -18.76682 -18.78702 -18.72178 -18.81959 -18.62663 -18.67624 -18.72756 -18.76462 -18.71539 -18.79399 -18.91069 -18.86452 -19.11867 -19.14471 -19.0812 -19.19935 -18.90669 -18.86489 -18.89969 -19.0416 -19.03357
2014 7 -19.0429 -19.01776 -19.01364 -19.01412 -18.89488 -19.08293 -19.03723 -19.01827 -19.02425 -19.13359 -19.03791 -19.33841 NA -19.03993 -19.23824 -19.32564 -18.92898 NA NA -19.12999 -19.18547
2014 8 -19.22324 -19.19484 -19.14658 -19.14652 -19.11505 -19.24817 -19.24577 -19.22136 -19.1574 -19.22932 -19.31638 -19.36029 -19.27439 -19.30219 -19.36042 -19.44937 -19.14808 -19.09371 -19.13109 -19.28438 -19.37513
2014 9 -19.31542 -19.32696 -19.3154 -19.31541 -19.34961 -19.31162 -19.32399 -19.31088 -19.29629 -19.33473 -19.34518 -19.43979 -19.42761 -19.28768 -19.2786 -19.69475 -19.25649 -19.25327 -19.25693 -19.34681 -19.35431
2014 10 -19.37174 -19.3705 -19.38871 -19.38884 -19.40184 -19.38517 -19.37276 -19.37914 -19.37885 -19.36873 -19.42871 -19.52297 -19.42592 -19.3443 -19.33942 -19.20643 -19.35627 -19.39761 -19.37625 -19.41298 -19.4452
2014 11 -19.34253 -19.33665 -19.32937 -19.32959 -19.35145 -19.34554 -19.38174 -19.37369 -19.40935 -19.29859 -19.38496 -19.27371 -19.72799 -19.62074 -19.45358 -19.45119 -19.57492 -19.56598 -19.62087 -19.38207 -19.2082
2014 12 -19.4364 -19.40501 -19.43931 -19.40282 -19.36782 -19.49453 -19.74824 -19.5518 -19.59574 -19.56216 -19.87799 -20.09134 -19.83813 -19.38475 NA NA -19.0926 -19.13075 -19.15683 -18.93361 -19.02701
2015 1 -19.43135 -19.41928 -19.44077 -19.41457 -19.32843 -19.65024 -19.50267 -19.53823 -19.51996 -19.7379 -20.26552 -20.27583 -20.25978 -19.77113 -20.02255 -19.67005 -19.15604 -19.31609 -19.16571 -19.23492 -19.31002
2015 2 -19.50599 -19.51393 -19.46791 -19.48642 -19.44944 -19.64658 -19.6878 -19.66555 -19.50934 -19.68404 -20.00403 -19.94218 -20.15449 -19.62647 -19.62805 -19.31338 -19.21813 -19.80905 -19.24277 -19.285 -19.4834
2015 3 -19.63968 -19.65751 -19.72089 -19.6883 NA -20.03813 -19.78296 -19.87042 -19.7212 -19.48087 -19.85236 -19.71835 -19.85915 -19.69661 -19.56685 NA -19.48461 -19.52884 -19.48548 -19.18382 -19.51118
2015 4 -19.70408 -19.71493 -19.70207 -19.70201 -19.59208 -19.66712 -19.65598 -19.72119 -19.74273 -19.8038 -19.85019 -19.72168 -19.68819 -19.82755 -19.59921 NA -19.58314 -19.685 -19.59097 -19.43533 -19.7946
2015 5 -19.80279 -19.76592 -19.78162 -19.72082 -19.72082 -19.83525 -19.79318 -19.81597 -19.73738 -19.82154 -19.7672 -19.72695 -19.75672 -19.80388 -20.31217 -19.80833 -19.81373 -19.75832 -19.81382 -19.89777 -20.09561
2015 6 -20.03976 -20.01643 -20.01186 -20.1652 -19.85936 -19.99328 -20.05308 -20.00184 -20.07979 -19.93818 -20.02033 -20.1225 -20.20027 -20.10298 -20.21168 -20.43484 -20.08753 -20.07601 -20.08585 -20.24162 -20.247
2015 7 -20.30472 -20.26174 -20.24172 -20.3129 NA -20.2994 -20.29772 -20.29112 -20.26734 -20.21266 -20.41009 -20.27789 NA -20.44125 -20.43302 -20.49368 -20.38156 -20.4957 -20.34623 -20.58699 -20.59979
2015 8 -20.4457 -20.45037 -20.45054 -20.44927 -20.45513 -20.41122 -20.43555 -20.40764 -20.42673 -20.4076 -20.45504 -20.37477 NA -20.4302 -20.38681 NA -20.45482 -20.64643 -20.48839 -20.54051 -20.62253
2015 9 -20.46427 -20.42731 -20.39082 -20.39325 -20.38601 -20.40527 -20.40024 -20.43909 -20.46587 -20.43572 -20.39663 -20.45182 NA -20.51658 -20.57932 -20.99876 -20.61677 -20.59706 -20.60977 -20.65244 -20.74471
2015 10 -20.71833 -20.70197 -20.68895 -20.68791 -20.67976 -20.69775 -20.71302 -20.70582 -20.73362 -20.71481 -20.64406 -20.57259 -21.03231 -20.907 -20.78252 NA -20.81927 -20.81942 -20.8189 -20.88474 -20.85316
2015 11 -20.73242 -20.73756 -20.7355 -20.73551 -20.75211 -20.75601 -20.73674 -20.72755 -20.73291 -20.83525 -20.80914 -20.78467 -20.62815 -20.75096 -20.73032 -20.70132 -20.6675 -20.64427 -20.6813 -20.81177 -20.78908
2015 12 -20.74076 -20.7201 -20.70587 -20.72673 -20.75983 -20.73662 -20.75408 -20.79077 -20.81772 -20.76005 -20.92742 -21.26601 -20.98624 -20.81556 -20.68692 -20.45336 -20.68076 -20.61046 -20.68188 -20.68092 -20.62946
2016 1 -20.7661 -20.79419 -20.79508 -20.79485 NA -20.99956 -21.04198 -20.9719 -20.88753 -21.03416 -21.29886 -21.1378 -21.42463 -21.07102 -21.27172 NA -20.84557 -21.21508 -20.84599 -20.85458 -20.8207
2016 2 -20.98262 -21.07295 -20.97353 -20.97647 NA -21.28503 -21.19294 -21.05772 -20.96526 -20.98059 -21.32346 -21.41072 -21.4381 -20.84957 -21.10346 -20.45492 -20.72583 -20.73824 -20.79823 -20.70388 -20.71852
2016 3 -20.89665 -20.83324 -20.8825 -20.88023 -20.79733 -21.17579 -20.97581 -20.98772 -21.082 -20.9818 -21.06636 -20.90219 -20.96051 -20.92791 -20.98545 NA -20.76653 NA -20.6851 -20.70572 -20.88399
2016 4 -20.9939 -21.04043 -21.09659 -21.09728 NA -21.057 -20.98504 -20.97937 -21.00404 -21.00394 -20.90735 -20.81055 -21.11995 -21.07525 -21.00657 NA -20.80707 -20.79074 -20.79904 -20.74215 -21.04129
2016 5 -21.03388 -21.02025 -21.04647 -21.04214 -21.01036 -21.05307 -21.0336 -21.04155 -21.04227 -21.05097 -21.00077 -21.01671 -21.05036 -21.13781 -21.15834 -21.0148 -21.07576 -21.09938 -21.08772 -21.12486 -21.10762
2016 6 -21.07585 -21.05849 -21.05047 NA -21.04381 -21.10911 -21.03752 -21.07636 -21.07264 -21.0028 -21.26842 -21.20653 -21.35121 -21.14939 -21.22024 -21.30794 -21.2227 -21.14074 -21.2202 -21.27956 -21.30984
2016 7 -21.32852 -21.30386 -21.2978 -21.29709 -21.19574 -21.38831 -21.36382 -21.35428 -21.4037 -21.34498 -21.38393 -21.22541 NA -21.49826 -21.39958 -21.59599 -21.3948 -21.33472 -21.39973 -21.51307 -21.64395
2016 8 -21.67676 -21.63212 -21.55483 -21.55463 -21.50087 -21.67051 -21.75652 -21.69528 -21.68016 -21.71623 -21.69452 -21.66216 -21.68266 -21.57799 -21.86187 -21.70334 -21.69117 -21.74792 -21.69071 -21.89386 -22.13907
2016 9 -21.96432 -21.93204 -21.90782 -21.90777 -21.81734 -21.98672 -22.01139 -21.97915 -21.95802 -21.94569 -21.77319 -21.81575 NA -22.04251 -22.26245 -22.25287 -22.00275 -21.96924 -22.00172 -22.15341 -22.2539
2016 10 -22.13619 -22.09577 -22.0452 -22.04521 -22.05243 -22.14969 -22.14999 -22.16191 -22.14152 NA -22.20971 -22.25137 -22.174 NaN -22.23376 -22.45422 -22.2069 -22.20185 -22.20706 -22.37597 -22.47645
2016 11 -22.30535 -22.30904 -22.32595 -22.32724 -22.35564 -22.33886 -22.33362 -22.34238 -22.34008 -22.46572 -22.39199 -22.43747 -22.46278 -22.55175 -22.51006 -22.23806 -22.3931 -22.38762 -22.38764 -22.37648 -22.41625
2016 12 -22.41653 -22.43297 -22.40664 -22.40634 NA -22.44701 -22.47198 -22.4799 -22.69274 -22.40749 -23.09662 -23.35782 -23.74519 -22.73189 -22.62076 -22.37866 -22.54856 -22.54801 -22.54288 -22.24813 -22.45684
2017 1 -22.53813 -22.56873 -22.53759 -22.6713 -22.56337 -22.7335 -22.68152 -22.70034 -22.56911 -22.58297 -23.07862 -23.14167 NA -22.72877 -22.90161 -22.43575 -22.63623 -22.58972 -22.6359 -22.41642 -22.54315
2017 2 -22.7231 -22.65508 -22.56857 -22.72226 -22.50441 NA -23.04122 -22.97376 -22.84362 -22.91736 -23.49385 -23.53895 -23.54775 -22.78348 -22.95598 -22.77204 -22.80626 -22.82662 -22.82363 -22.54103 -22.64023
2017 3 -23.0337 -22.94271 -22.97427 -22.91673 NA NA -23.10365 -23.09823 -23.05042 -23.15256 -23.41615 -23.2832 -23.19168 NA -23.4955 -22.70207 -22.97555 -23.3056 -23.30581 -22.69978 -22.94763
2017 4 -23.22221 -23.27345 -23.23017 -23.23308 NA NA -23.16358 -23.23872 -23.15485 -23.19363 -23.09533 -23.2352 -23.14156 NA -23.41404 -22.80276 -22.95411 -23.21794 -23.19423 -22.95401 -23.13954
2017 5 -23.32913 -23.34138 -23.32973 -23.32983 -23.10845 NA -23.34823 -23.33418 -23.24213 -23.36305 -23.64138 -23.18061 -23.42404 -23.59523 -23.6034 -23.65444 -23.32752 -23.37734 -23.33365 -23.43058 -23.58383
2017 6 -23.52233 -23.48462 -23.44485 -23.42237 -23.37319 NA -23.47692 -23.50469 -23.50595 -23.4437 -23.5371 -23.45831 NA -23.79392 -23.59036 -23.73396 -23.54662 -23.60871 -23.59059 -23.83564 -23.74467
2017 7 -23.69233 -23.6706 -23.68425 -23.63425 -23.63221 NA -23.67255 -23.69117 -23.67163 -23.63969 -23.70128 -23.64836 -23.65438 -23.95792 -23.73759 -23.74779 -23.6873 -23.66595 -23.6435 -23.82917 -24.01389
2017 8 -23.89629 -23.87373 -23.8643 -23.86089 -23.81593 NA -23.94378 -23.9003 -23.92616 -23.92912 -23.9548 -24.19609 NA -23.93588 -24.06227 -24.04825 -23.92093 -23.91343 -23.91129 -24.17489 -24.25518
2017 9 -24.05468 -24.02874 -24.01463 -24.01463 -23.96983 NA -24.09762 -24.0641 -24.05773 -24.11841 -23.98974 -23.95387 NA -24.08067 -24.07984 -24.25857 -24.08015 -24.12003 -24.1208 -24.34064 -24.55992
2017 10 -24.13983 -24.16294 -24.16629 -24.1664 -24.14233 NA -24.16275 -24.15678 -24.17744 -24.12983 -24.0077 -24.07596 NA -24.16718 -24.56778 -24.28362 -24.25655 -24.19383 -24.36792 -24.43309 -24.60732
2017 11 -24.32497 -24.30409 -24.27358 NA -24.16842 NA -24.42624 -24.34281 -24.46246 -24.45501 -24.42265 -24.40284 NA -24.37728 -24.72797 -24.33161 -24.2393 -24.24117 -24.24717 -24.37236 -24.63777
2017 12 -24.42181 -24.41966 -24.42106 -24.4245 -24.42518 -24.55452 -24.46186 -24.53298 -24.43875 -24.59556 -25.29397 -24.88549 NA -24.6427 -24.62657 -24.43682 -24.29566 -24.43866 -24.38604 -24.35292 -24.60872
2018 1 -24.34182 -24.34253 -24.3054 -24.3141 -24.31572 -24.55514 -24.47016 -24.42577 -24.37726 -24.83568 -24.93656 -24.6952 -24.50195 -24.40429 -24.56325 -24.666 -24.33019 -24.29817 -24.33072 -24.32161 -24.46407
2018 2 -24.49538 -24.51962 -24.47142 NA -24.37965 -24.52978 -24.65172 -24.53894 -24.45918 -24.60333 -24.8967 -24.94887 -24.76656 -24.53905 -25.03241 -24.48623 -24.42924 -24.25163 -24.51154 NA -24.63485
2018 3 -24.65829 -24.59587 -24.57258 NA -24.43991 NA -24.67766 -24.63512 -24.66624 -24.63083 -24.8671 -24.99652 -24.93319 -25.03119 -24.86768 -24.84138 -24.66983 -24.65997 -24.68989 NA -24.72422
2018 4 -24.69881 -24.69609 -24.66486 NA -24.65323 NA -24.69681 -24.70317 -24.71541 -24.68415 -24.75823 -24.67276 -24.70449 -25.06714 -24.89393 -24.87544 -24.92081 -24.95375 -25.00037 NA -24.95917
2018 5 -24.87688 -24.84127 -24.80942 NA -24.77706 NA -24.90111 -24.88653 -24.89057 -24.89423 -24.74486 -24.93777 -24.97876 -25.12088 -25.21405 -25.13306 -25.05472 -24.92114 NA NA -25.06949
2018 6 -25.1705 -25.14923 -25.09951 NA -25.01222 NA -25.16973 -25.18707 -25.16802 -25.17953 -25.19205 -25.19706 -25.26042 -25.37801 -25.61305 -25.39095 -25.26027 -25.44119 -25.31625 NA -25.53656
2018 7 -25.42961 -25.42112 -25.43627 NA -25.43647 NA -25.43384 -25.41634 -25.34894 -25.41752 -25.42614 -25.42092 NA -25.56469 -25.53282 -25.61207 -25.51073 -25.49233 -25.52356 NA -25.73448
2018 8 -25.61169 -25.57085 -25.57189 NA NA NA -25.53439 -25.60629 -25.56957 -25.68085 -25.56447 NA NA -25.61668 -25.81412 NA -25.86654 -25.98515 -25.97055 NA -26.02021
2018 9 -25.72566 -25.72396 -25.70579 NA -25.75169 NA -25.70062 -25.72441 -25.72067 -25.71727 -25.69672 NA NA -25.77701 -25.77717 -25.98586 -25.88426 -25.82949 -25.90215 NA -26.05621
2018 10 -25.83303 -25.80381 -25.76157 NA -25.73492 NA -25.83267 -25.80923 -25.80436 -25.79934 -25.70162 NA -25.8714 -25.76877 -26.02107 -26.04985 -25.83078 -25.62437 -25.61473 NA -26.12106
2018 11 -25.88355 -25.8855 -25.88321 NA -25.88238 NA -25.91441 -25.89191 -25.88446 -25.94207 -25.9918 NA -26.09736 -26.02717 -26.03006 -25.9215 -25.93416 -25.95727 -25.96441 NA -26.15944
2018 12 -25.85021 -25.85112 NA NA -25.88329 NA -25.8882 -25.93609 -25.94884 NA -26.50384 NA -26.30499 -25.93915 NA -26.00165 -25.89334 -25.83361 -25.93047 NA -25.91091
2019 1 -26.07344 -26.01395 NA NA NA NA -26.32738 NA NA NA -26.35956 NA -26.49218 NA NA NA -26.08268 NA NA NA NA
2019 2 -26.13773 NA NA NA NA NA NA NA NA NA -26.41581 NA -26.31166 NA NA NA -26.06783 NA NA NA NA
2019 3 -26.33104 NA NA NA NA NA NA NA NA NA -26.55219 NA -26.38474 NA NA NA -26.56189 NA NA NA NA
2019 4 NA NA NA NA NA NA NA NA NA NA NA NA NA NA NA NA NA NA NA NA NA
2019 5 NA NA NA NA NA NA NA NA NA NA NA NA NA NA NA NA NA NA NA NA NA
2019 6 NA NA NA NA NA NA NA NA NA NA NA NA NA NA NA NA NA NA NA NA NA
2019 7 NA NA NA NA NA NA NA NA NA NA NA NA NA NA NA NA NA NA NA NA NA
2019 8 NA NA NA NA NA NA NA NA NA NA NA NA NA NA NA NA NA NA NA NA NA
2019 9 NA NA NA NA NA NA NA NA NA NA NA NA NA NA NA NA NA NA NA NA NA
2019 10 NA NA NA NA NA NA NA NA NA NA NA NA NA NA NA NA NA NA NA NA NA
2019 11 NA NA NA NA NA NA NA NA NA NA NA NA NA NA NA NA NA NA NA NA NA
2019 12 NA NA NA NA NA NA NA NA NA NA NA NA NA NA NA NA NA NA NA NA NA
2020 1 NA NA NA NA NA NA NA NA NA NA NA NA NA NA NA NA NA NA NA NA NA
2020 2 NA NA NA NA NA NA NA NA NA NA NA NA NA NA NA NA NA NA NA NA NA
2020 3 NA NA NA NA NA NA NA NA NA NA NA NA NA NA NA NA NA NA NA NA NA
2020 4 NA NA NA NA NA NA NA NA NA NA NA NA NA NA NA NA NA NA NA NA NA
2020 5 NA NA NA NA NA NA NA NA NA NA NA NA NA NA NA NA NA NA NA NA NA
2020 6 NA NA NA NA NA NA NA NA NA NA NA NA NA NA NA NA NA NA NA NA NA
2020 7 NA NA NA NA NA NA NA NA NA NA NA NA NA NA NA NA NA NA NA NA NA
2020 8 NA NA NA NA NA NA NA NA NA NA NA NA NA NA NA NA NA NA NA NA NA
2020 9 NA NA NA NA NA NA NA NA NA NA NA NA NA NA NA NA NA NA NA NA NA
2020 10 NA NA NA NA NA NA NA NA NA NA NA NA NA NA NA NA NA NA NA NA NA
2020 11 NA NA NA NA NA NA NA NA NA NA NA NA NA NA NA NA NA NA NA NA NA
2020 12 NA NA NA NA NA NA NA NA NA NA NA NA NA NA NA NA NA NA NA NA NA
