year month SPO_NOAA_insitu SPO_NOAA_flask SPO_SIO_O2_flask SPO_SIO_CDK_flask SPO_CSIRO_flask HBA_NOAA_flask SYO_NOAA_flask SYO_TU_insitu MAA_CSIRO_flask CYA_CSIRO_flask PSA_NOAA_flask PSA_SIO_O2_flask DRP_NOAA_flask MQA_CSIRO_flask CRZ_NOAA_flask BHD_NIWA_insitu CGO_NOAA_flask CGO_SIO_O2_flask CGO_CSIRO_flask AMS_LSCE_insitu CPT_SAWS_insitu
1998 1 285.125 285.199 285.2487 285.2258 285.2626 284.8044 NA 285.1753 284.9973 284.7993 284.7236 285.2882 NA 284.51 284.5154 NA 285.101 285.1791 285.1172 285.2117 285.4436
1998 2 285.0718 285.0616 284.9963 284.9908 284.9506 284.7928 NA 285.0227 285.0515 284.7963 284.8626 284.9432 NA 285.053 284.6759 285.3761 285.0526 284.9903 284.9988 285.4853 285.6899
1998 3 285.0809 284.9669 284.96 284.9655 285.0199 284.937 NA 285.0893 285.131 285.0791 285.1161 285.0757 NA 284.9835 285.1063 285.3398 285.1799 285.2345 285.2016 285.274 285.4994
1998 4 285.2231 285.2347 285.2162 285.2171 285.1623 285.1301 NA 285.2599 285.3162 285.2258 285.2262 285.5 NA 285.1314 285.3186 285.152 285.2659 285.3094 285.2683 285.2489 285.5258
1998 5 285.3205 285.333 285.3326 285.3325 285.3515 285.3339 NA 285.3781 285.4395 285.4327 285.4126 285.3979 NA 285.3521 285.2982 NA 285.2518 285.3229 285.2588 285.1259 285.385
1998 6 285.2854 285.2583 285.267 285.2645 285.2755 285.2891 NA 285.333 285.3977 285.3467 285.2669 285.3077 NA 285.1636 285.2882 285.0857 285.2188 285.2525 285.1897 285.0233 285.3385
1998 7 285.1479 285.1226 285.1842 285.185 285.2636 285.1019 NA 285.1926 285.2135 285.2523 285.1755 285.1387 NA 285.102 285.1853 284.9146 285.0642 285.0084 285.066 284.953 285.0981
1998 8 284.9713 285.012 284.9973 285.0071 285.0625 284.9472 NA 284.9828 284.9868 285.0014 284.9208 284.9231 NA 284.9406 284.8126 284.7958 284.7743 284.6894 284.7749 284.7291 284.9358
1998 9 284.7769 284.7751 284.8208 284.821 284.8212 284.7865 NA 284.7795 284.8564 284.8625 284.7702 284.8085 NA 284.7794 284.8097 284.7492 284.7092 284.6824 284.6751 284.5858 284.7256
1998 10 284.6308 284.6403 284.6545 284.6493 NA 284.5964 NA 284.6187 284.6556 284.6918 284.446 284.5256 NA 284.3112 284.4169 NA 284.4356 284.4793 284.4573 284.4758 284.5953
1998 11 284.4042 284.3799 284.4284 284.4276 284.4244 284.4022 NA 284.3685 284.3414 284.2683 284.228 284.2742 NA 284.2731 283.8569 284.2653 284.4072 284.4859 284.4315 284.3012 284.5192
1998 12 284.2981 284.2777 284.2752 284.275 NA 284.0681 NA 284.2581 284.0981 283.9582 283.9889 284.204 NA 283.8662 283.9912 284.0394 284.1365 284.0858 284.1264 284.5618 284.4814
1999 1 284.1517 284.0785 284.1463 284.143 284.1474 283.81 283.8808 284.0851 284.0186 283.9099 284.035 283.7401 NA 283.6736 283.6472 284.4994 284.3733 284.5867 284.245 284.3905 284.5631
1999 2 283.9632 283.993 283.7126 283.9775 284.0289 283.8217 283.9433 284.0415 283.9045 283.9838 283.8922 283.7092 NA 283.9023 NA 284.2039 284.3039 284.2752 284.2321 284.4347 284.4609
1999 3 284.0316 284.0181 283.9944 284.0908 284.0912 284.0013 284.0274 284.033 284.0467 284.0461 284.1366 284.1511 NA 284.0548 284.0997 284.2028 284.2149 284.1734 284.1962 284.4337 284.5749
1999 4 284.1854 284.184 284.1846 284.2272 284.1413 284.0829 284.1365 284.2018 284.2271 NA 284.3293 284.2884 NA 284.1972 NA 284.2219 284.2135 284.1538 284.2346 284.3366 284.534
1999 5 284.297 284.282 284.2635 284.2638 284.246 284.2879 284.2959 284.3112 284.4323 284.3521 284.3763 284.3494 NA 284.3657 284.2963 284.2066 284.2764 284.2741 284.277 284.1629 284.4675
1999 6 284.3226 284.3168 284.2996 NA NA 284.3279 284.3759 284.3593 284.3828 284.3435 284.2597 284.1411 NA 284.0333 284.3906 284.1771 284.2235 284.1556 284.1462 284.0583 284.3901
1999 7 284.1847 284.1995 284.2231 284.2232 284.298 284.1471 284.2597 284.2466 284.2971 284.2139 284.1097 284.1316 NA 284.069 NA 284.0746 284.0202 NA 284.0394 283.9607 284.2119
1999 8 283.9952 284.0079 284.0225 284.0223 284.0656 283.99 284.0024 283.9959 284.1413 284.0482 284.1558 284.0335 NA 283.9738 NA 283.8777 283.8469 283.9187 283.8588 283.8464 283.9759
1999 9 283.837 283.8496 283.8441 283.844 283.8286 283.8041 283.9123 283.8722 283.9569 283.9431 283.9073 283.8623 NA 283.794 NA 283.6193 283.6949 283.6784 283.6718 283.6514 283.8488
1999 10 283.7281 283.7499 283.7772 283.7773 283.8143 283.7404 283.7703 283.7551 283.7786 283.717 283.8143 283.8069 NA 283.7718 NA NA 283.599 283.6549 283.6083 283.5373 283.8706
1999 11 283.6253 283.6383 283.633 283.6238 283.6148 283.6206 283.5667 283.5899 283.552 283.4016 283.4926 283.6254 NA 283.5672 NA 283.4401 283.5373 283.5325 283.561 283.5212 283.7336
1999 12 283.4511 283.4394 283.4509 283.5356 283.5297 283.3065 283.3422 283.4202 283.1939 283.0888 283.111 283.4143 NA 283.3167 282.9947 283.3172 283.4411 283.4562 283.4259 283.5228 283.781
2000 1 283.1987 283.2058 283.2528 283.245 283.3022 282.9635 283.239 283.1715 NA 283.1599 282.9234 282.8692 NA 283.0357 NA 283.1609 283.3357 283.7635 283.4419 283.5116 283.6013
2000 2 283.0419 283.0006 283.0242 283.0204 283.0281 282.6399 283.1836 283.1146 283.0053 283.1932 282.7724 283.1541 NA 282.8739 283.0687 283.6228 283.3938 283.5201 283.3717 283.4107 283.6572
2000 3 283.1249 283.1815 283.1643 NA 283.1851 283.0157 283.2565 283.1604 283.0877 283.0658 283.0306 283.0965 NA 283.1108 283.0942 283.123 283.2474 283.2791 283.286 283.4649 283.6857
2000 4 283.2897 283.279 283.2803 283.2848 283.2461 283.2217 283.3091 283.315 283.2347 283.2503 283.3906 283.3633 NA 283.3136 283.2374 283.2506 283.3859 283.3945 283.3862 283.427 283.6284
2000 5 283.3493 283.3444 283.359 283.3592 283.3353 283.2973 283.3848 283.385 283.3872 NA 283.3353 283.3427 NA 283.3346 283.3795 283.3831 283.3364 283.3324 283.3283 283.2192 283.5672
2000 6 283.3493 283.3593 283.3719 283.3712 283.3883 283.3264 283.3701 283.3834 283.4179 NA 283.3338 283.2831 NA 283.2308 283.403 283.0923 283.1823 283.2163 283.1103 283.2061 283.508
2000 7 283.2016 283.1926 283.2379 283.2373 283.291 283.1754 283.2294 283.2588 283.3831 NA 283.2051 283.1322 NA 283.2025 283.2925 282.9711 283.1143 283.0641 283.1269 282.9751 283.3212
2000 8 283.0542 283.0507 283.0467 283.0467 282.985 283.0894 283.0702 283.1113 283.2537 NA 282.9973 283.0144 NA 283.0672 283.1559 282.9428 282.9756 282.9434 282.9416 282.9101 283.1528
2000 9 282.9418 282.9613 282.9682 282.9681 282.9546 282.9037 282.9923 283.0045 283.062 NA 282.9033 282.7737 NA 283.0266 283.1135 282.7878 282.8315 282.8158 282.8697 282.7157 282.9068
2000 10 282.7766 282.7683 282.798 282.7992 NA 282.7955 282.832 282.7882 282.8703 NA 282.7653 282.7663 NA 282.7848 282.5561 282.6814 282.7214 282.674 282.7204 282.7141 282.9022
2000 11 282.6608 282.6597 282.7027 282.702 282.7082 282.6187 282.6221 282.625 282.6099 NA 282.498 282.4402 NA 282.4122 282.1491 282.5146 282.4313 282.2917 282.3869 282.5196 282.7096
2000 12 282.5816 282.6074 282.5412 282.5589 282.5677 282.4108 282.5148 282.5703 282.5094 NA 282.0425 282.2766 NA 281.9599 281.9706 282.2471 282.4145 282.3852 282.4156 282.2284 282.6888
2001 1 282.3485 282.4239 282.4397 282.4386 282.484 282.0505 282.2365 282.3434 282.2862 NA 281.8627 281.9099 NA 282.0489 282.1159 NA 282.4012 282.4036 282.4225 282.3608 282.6517
2001 2 282.1272 NA 282.1841 282.1834 282.2534 281.999 282.1783 282.2187 282.0688 NA 281.8015 281.7968 NA 281.9736 282.0079 NA 282.4478 282.5514 282.5757 282.5244 282.673
2001 3 282.1522 NA 282.1906 282.1195 282.0482 282.0161 282.1068 282.1889 282.2707 NA 282.0938 282.1157 NA 282.2858 282.2356 282.3744 282.3719 282.4117 282.3715 282.6843 282.8426
2001 4 282.4314 NA 282.3765 282.3876 282.2879 282.3186 282.4208 282.4248 282.4643 NA 282.456 NA NA 282.417 282.4331 282.4905 282.4667 282.471 282.49 282.4637 282.7729
2001 5 282.5493 NA 282.5711 282.5495 282.528 282.5044 282.6428 282.5989 282.6444 NA 282.5898 NA NA 282.4926 282.5609 282.5992 282.5243 282.5265 282.515 282.4465 282.7666
2001 6 282.5868 NA 282.5826 282.5832 282.5295 282.6436 282.6178 282.6457 282.6914 NA 282.5606 NA NA 282.695 282.6642 282.5361 282.4992 282.3475 282.4753 282.2536 282.6887
2001 7 282.5376 282.5746 282.5447 282.5449 282.5721 282.5233 282.5925 282.5641 282.6406 NA 282.4401 NA NA 282.4653 282.5925 282.4097 282.3475 282.392 282.3264 282.2909 282.4856
2001 8 282.4301 282.4222 282.4585 282.4588 282.5251 282.4497 282.4837 282.4439 282.4988 NA 282.5718 NA NA 282.4727 282.4136 282.3102 282.3367 282.2693 282.3353 282.1554 282.2598
2001 9 282.2807 282.305 282.2465 282.3127 282.3795 282.2639 282.3384 282.3075 282.3665 NA 282.197 NA NA 282.3061 282.1876 282.1038 282.1832 282.2252 282.181 282.0561 282.2106
2001 10 282.2378 282.2066 282.1925 282.1919 282.1749 282.2719 282.2083 282.2163 282.2546 NA 282.2305 282.2861 NA 282.2407 282.1951 281.8565 282.0108 282.007 282.0042 282.0737 282.2434
2001 11 282.091 282.0737 282.1119 282.0264 282.0679 282.0998 282.0579 282.0592 282.0033 NA 282.1209 282.1653 NA 282.0486 NA 281.9671 281.7241 281.7174 281.684 281.9774 282.0948
2001 12 281.821 281.7862 281.8778 281.8237 NA 281.7493 281.6519 281.7198 281.6053 NA 281.6002 281.8639 NA 281.1934 NA 281.8387 281.6839 281.7123 281.6871 281.8383 282.0328
2002 1 281.6799 281.6674 281.7213 281.7193 NA 281.6013 281.6833 281.6543 281.7164 281.5403 281.407 281.4495 NA 281.4122 NA 281.5861 281.4741 NA 281.4737 281.8804 281.9864
2002 2 281.5174 281.5335 281.4618 281.4846 NA 281.2799 281.5523 281.582 281.5753 281.6344 281.624 281.4062 NA 281.52 NA 281.7586 281.6872 281.7899 281.7174 281.8992 282.0689
2002 3 281.674 281.6291 281.5621 281.5618 281.6434 281.448 281.7217 281.7048 281.6496 281.5525 281.5179 281.5918 NA 281.6818 NA 281.8969 281.6667 281.6543 281.6766 281.8103 282.2023
2002 4 281.8431 281.8488 281.8527 281.8517 281.8699 281.7009 281.834 281.8175 281.8573 NA 281.8525 282.0263 NA 281.8184 281.8979 281.796 281.8147 281.8168 281.8141 281.767 282.1491
2002 5 281.9441 281.9224 281.8928 281.8927 281.9242 281.9122 281.9449 281.9706 NA NA 281.8903 281.8607 NA 281.9705 NA 281.7914 281.8672 281.8362 281.8421 281.7052 281.9836
2002 6 281.9588 281.9782 282.0021 282.002 282.0233 281.962 281.9833 282.013 NA 281.9591 281.8745 281.8614 NA 282.0548 281.8263 281.5673 281.7093 281.743 281.6646 281.5878 281.8861
2002 7 281.821 281.8455 281.8746 281.8757 281.9059 281.7615 281.8741 281.8461 NA 281.8697 281.6751 281.7008 NA 281.7167 281.7253 281.5723 281.6691 281.7163 281.699 281.4924 281.7638
2002 8 281.5681 281.6076 281.6255 281.6278 281.6657 281.533 281.607 281.6125 NA 281.7496 281.7925 281.5459 NA 281.539 281.565 281.4628 281.5137 281.5648 281.5098 281.406 281.633
2002 9 281.4319 281.4472 281.4403 281.4396 281.4413 281.3613 281.5126 281.5024 NA 281.5474 281.3785 281.2245 NA 281.3457 281.3597 281.3965 281.355 281.3447 281.3691 281.2774 281.5218
2002 10 281.3038 281.3153 281.3029 281.303 281.3241 281.3071 281.3086 281.3073 NA 281.3474 281.3198 281.3315 NA 281.1684 281.0567 281.2718 281.0809 281.0947 281.1367 281.1171 281.3784
2002 11 281.1288 281.1101 281.2083 281.1271 281.21 281.0531 281.1509 281.1421 281.1388 281.2055 280.8586 280.9677 NA 280.8182 280.7071 280.7925 280.8983 280.9381 280.8633 280.955 281.2215
2002 12 280.7913 280.8524 280.9266 280.8672 280.9263 280.7903 280.8447 280.9341 280.6598 280.8 280.5791 280.5064 NA 280.5018 NA 280.7174 280.7173 280.7138 280.7268 280.9629 281.2353
2003 1 280.7858 280.7497 280.6928 280.6909 280.6475 280.5541 280.9038 280.835 280.6261 280.5332 280.4528 280.3266 NA 280.2494 280.556 280.833 280.6648 280.7547 280.7121 280.8017 281.079
2003 2 280.5993 280.6146 280.6931 280.6504 NA 280.2068 280.5797 280.6181 280.5146 280.6049 280.5119 280.3359 NA 280.5733 280.3111 280.5807 280.6983 280.6291 280.7462 280.9212 281.1983
2003 3 280.6551 280.659 280.5833 280.5778 280.5986 280.5753 280.6394 280.6837 280.7379 280.661 280.688 280.6446 NA 280.5298 NA 280.7215 280.7754 280.8081 280.8365 280.8161 281.0968
2003 4 280.753 280.681 280.685 280.6838 280.6984 280.7008 280.7391 280.7822 280.8049 280.7943 280.7901 280.9726 NA 280.8129 NA 280.7406 280.7881 280.7909 280.7685 280.7886 281.2154
2003 5 280.9111 280.9257 280.8945 280.8942 NA 280.8678 280.9743 280.961 280.9382 280.9425 280.9593 280.9876 NA 280.7308 NA 280.7932 280.7927 280.7872 280.7875 280.7515 281.0714
2003 6 280.9124 280.9226 280.9345 280.9335 280.9428 280.8878 280.9602 280.9615 280.9751 280.8997 280.8497 280.8336 NA 280.8863 NA 280.7292 280.8256 280.6726 280.8051 280.467 280.9641
2003 7 280.7571 280.7554 280.7753 280.7752 280.8253 280.7577 280.7792 280.8036 280.8235 280.7666 280.6506 280.6902 NA 280.4107 280.8034 280.5935 280.5733 280.5479 280.5951 280.3553 280.7541
2003 8 280.5051 280.535 280.5715 280.572 280.6218 280.5228 280.5977 280.5693 280.6045 280.5567 280.5484 280.4968 NA 280.5133 280.5276 280.3111 280.4671 280.471 280.4767 280.3353 280.4831
2003 9 280.4169 280.4164 280.4362 280.4399 280.4782 280.4017 280.4548 280.4443 280.4632 280.4831 280.3467 280.5098 NA 280.4468 280.3418 280.1285 280.3676 280.2713 280.3291 280.2231 280.3778
2003 10 280.253 280.2489 280.2455 280.2446 280.2018 280.2331 280.2894 280.2861 280.2313 280.3251 280.2228 280.2138 NA 280.2366 280.0862 280.0172 280.1269 280.1275 280.1503 280.0815 280.2688
2003 11 280.0864 280.1085 280.1504 280.151 280.144 280.0676 280.0905 280.058 NA 280.0455 280.0301 279.764 NA 279.7138 279.8042 280.0391 279.9695 279.9418 279.9916 280.0823 280.1848
2003 12 279.944 279.9443 279.9079 280.0741 280.0257 279.8164 279.958 279.9011 279.8449 279.8238 279.7184 279.7893 NA 279.373 279.4094 279.6128 279.6307 279.5479 279.6811 280.0305 279.9569
2004 1 279.6829 279.7057 279.7892 279.877 279.8475 279.4207 279.6445 279.8475 278.9702 279.4183 279.3996 279.5227 NA 279.3903 278.9461 279.5969 279.483 279.5396 279.419 279.8561 280.011
2004 2 279.4248 279.3942 279.4802 279.4797 NA 279.1335 279.3225 279.4643 279.3708 279.4101 279.7142 279.7756 NA 279.4976 279.2275 279.6143 279.5443 279.412 279.5304 279.7802 280.0439
2004 3 279.6002 279.6121 279.6357 279.6368 279.7043 279.4475 279.7155 279.6399 279.6496 279.5629 279.4088 279.9688 NA 279.4625 279.6628 279.654 279.6883 279.5794 279.6993 279.7426 279.9644
2004 4 279.7903 279.7536 279.6932 279.6926 279.6636 279.6178 279.8117 279.7773 279.8277 279.7724 279.7469 279.6439 NA 279.7222 279.7654 279.6849 279.832 279.9221 279.8093 279.8128 280.1472
2004 5 279.8633 279.8667 279.8483 279.8482 279.8174 279.8618 279.8885 279.9059 279.9054 279.8544 279.7662 279.6967 NA 279.9631 279.9412 279.6619 279.8265 279.8271 279.8027 279.6715 280.0665
2004 6 279.8264 279.8319 279.845 279.8259 279.8283 279.8593 279.9022 279.8595 279.8545 279.9151 279.7296 279.6798 NA 279.7157 279.8806 279.5033 279.7275 279.7589 279.7385 279.5196 279.8784
2004 7 279.679 279.6685 279.672 279.6725 279.6961 279.7031 279.7221 279.7516 279.7542 279.7661 279.6517 279.6106 NA 279.569 279.78 279.5082 279.662 279.5792 279.6313 279.4436 279.6703
2004 8 279.6169 279.6638 279.6607 279.6625 279.6636 279.6247 279.6179 279.6478 279.6925 279.6823 279.5757 279.6314 NA 279.3086 279.7228 279.5978 279.3492 279.3674 279.2833 279.2609 279.5213
2004 9 279.4078 279.4088 279.4275 279.4354 NA 279.4575 279.478 279.441 279.4365 279.4826 279.4864 279.4522 NA 279.3174 279.2586 279.0747 279.202 279.1 279.2347 279.1768 279.361
2004 10 279.2457 279.2597 279.3143 279.3116 279.369 279.1989 279.3006 279.2427 279.2596 279.283 279.3066 279.2571 NA 279.2257 279.0594 279.177 279.0727 279.0758 279.0435 279.0551 279.3182
2004 11 279.0773 279.0901 279.0862 279.1102 279.1181 279.0487 279.1475 279.0443 278.9381 279.1362 278.9073 278.8469 NA 278.888 278.8126 278.8282 278.9755 278.9709 278.9031 278.9647 279.1804
2004 12 278.8349 278.8583 278.8461 278.8237 278.8981 278.7288 278.9152 278.7833 278.7813 278.7674 278.6747 278.3616 NA 278.0565 278.2786 278.3117 278.5984 278.486 278.529 278.734 279.0845
2005 1 278.7163 278.6916 278.6434 278.7799 278.8188 278.2779 278.5584 278.6102 278.3231 278.1342 278.256 278.3278 NA 278.136 278.3036 NA 278.5904 278.5278 278.5693 278.8672 279.0396
2005 2 278.3991 278.3372 278.3428 278.4888 278.08 278.2475 278.3501 278.3389 278.2661 278.3266 278.2475 278.4514 NA 278.2179 278.4228 NA 278.4399 278.4244 278.4606 278.6561 278.9691
2005 3 278.4969 278.5018 278.4346 278.4457 278.5478 278.263 278.473 278.4463 278.3696 278.4172 278.2999 278.3523 NA 278.3751 278.4939 278.5375 278.6463 278.6775 278.6046 278.7358 278.9984
2005 4 278.6066 278.5939 278.578 278.5777 278.5387 278.611 278.6341 278.6381 278.6097 278.5972 278.64 278.5468 NA NA 278.6935 NA 278.6272 278.6114 278.6308 278.6096 278.8982
2005 5 278.8037 278.801 278.7789 278.7676 278.732 278.7598 278.8083 278.8374 278.9485 278.8019 278.8002 278.8354 NA 278.6951 278.8284 NA 278.7868 278.8133 278.8068 278.4922 278.9103
2005 6 278.8268 278.8299 278.8281 278.8305 278.8468 278.8569 278.7775 278.8486 278.8998 278.8877 278.8657 278.8703 NA 278.8041 278.8994 NA 278.7592 278.73 278.7753 278.4641 278.773
2005 7 278.7408 278.7301 278.7729 NA NA 278.7078 278.7355 278.7534 278.7554 278.8426 278.7083 278.7058 NA 278.6422 278.7421 NA 278.5822 278.4675 278.4189 278.2397 278.6809
2005 8 278.5003 278.4887 278.5246 NA 278.6068 278.4894 278.4778 278.5579 278.5843 278.5914 278.504 278.4038 NA 278.2908 278.534 278.2165 278.5097 278.5184 278.5418 278.2076 278.4332
2005 9 278.326 278.3433 278.3559 278.3534 278.3526 278.2996 278.3222 278.3307 278.4128 278.3415 278.2943 278.1963 NA 278.362 278.251 NA 278.2599 278.186 278.304 278.0634 278.3045
2005 10 278.1682 278.158 278.1731 278.1728 278.2438 278.143 278.1694 278.1632 278.1744 278.1105 278.1034 278.1664 NA 278.2555 277.7262 NA 278.0982 278.0138 278.049 277.9188 278.1781
2005 11 277.9734 277.9901 278.0213 278.0228 NA 277.9506 277.8543 277.938 277.9822 277.8585 277.8265 277.4903 NA 277.7472 277.5999 NA 277.8874 277.9252 277.9254 277.8426 278.1192
2005 12 277.8485 277.8554 277.8843 277.9312 277.9296 277.5312 277.8305 277.7593 277.6542 277.8235 277.382 277.651 NA 277.2891 277.1816 NA 277.7177 277.6349 277.6921 277.981 277.9319
2006 1 277.5445 277.6273 277.5807 277.7433 277.8275 276.9404 277.6607 277.564 277.5027 277.4005 277.1168 276.9498 NA 277.235 277.1551 278.0279 277.7593 277.7759 277.7367 277.7861 278.0162
2006 2 277.2658 277.2301 277.1431 277.1412 277.1779 277.0519 277.2862 277.3484 277.2945 277.2757 276.9891 277.0118 NA 277.0955 277.49 NA 277.4755 277.5061 277.4843 277.9393 278.0483
2006 3 277.3709 277.3914 277.3753 277.4031 277.3609 277.111 277.367 277.3812 277.3663 277.4019 277.4133 277.5071 277.3912 NA 277.4303 277.4492 277.4668 277.5159 277.53 277.719 277.8014
2006 4 277.5362 277.4955 277.4858 NA 277.3988 277.4258 277.5665 277.5631 277.5616 277.5333 277.4534 277.733 277.4328 277.4943 277.5174 277.5003 277.6015 277.5694 277.5946 277.6677 277.9485
2006 5 277.6282 277.6086 277.6237 277.6043 277.6423 277.5831 277.6842 277.6834 277.6814 277.6644 277.634 277.5921 277.4877 277.5497 277.7052 277.5314 277.6883 277.6812 277.6805 277.5808 277.875
2006 6 277.667 277.6886 277.6844 277.6936 277.6717 277.617 277.6546 277.6947 NA 277.678 277.6617 277.6615 277.5527 277.5332 277.7778 277.5402 277.5766 277.6076 277.5727 277.467 277.7963
2006 7 277.5314 277.5433 277.5559 277.5488 277.5569 277.4985 277.7446 277.6699 277.7269 277.6775 277.5848 277.6375 NA 277.3402 277.535 277.4331 277.4348 277.3914 277.4868 277.3496 277.6378
2006 8 277.4131 277.4334 277.4725 277.4698 NA 277.4193 277.4678 277.4507 277.4741 277.4261 277.4392 277.4665 277.5085 277.3737 277.42 277.2644 277.1102 277.0537 277.1286 277.1901 277.3869
2006 9 277.2198 277.2131 277.1997 277.1896 NA 277.1961 277.3243 277.2593 277.2808 277.2145 277.1156 277.3097 277.087 277.1821 277.1419 277.1232 277.1097 277.1384 277.0879 277.0341 277.2769
2006 10 277.02 277.054 277.0995 277.0843 277.1871 277.026 277.0677 277.0683 277.0353 276.9704 276.9445 276.83 276.8921 277.006 276.7106 276.8206 276.9379 276.9267 276.9513 276.922 277.1496
2006 11 276.8471 276.8441 276.8819 276.8961 276.886 276.838 276.8448 276.8264 276.8307 276.7874 276.6979 276.9087 276.7327 276.7317 276.6712 276.4016 276.7184 276.7647 276.681 276.8168 277.0726
2006 12 276.694 276.7688 276.7809 NA 276.7895 276.5625 276.6583 276.6961 276.63 276.5874 276.3826 276.5431 276.2854 276.4254 276.3295 276.4894 276.6712 276.68 276.6037 276.8339 276.8937
2007 1 276.4466 276.3701 276.3294 276.3314 276.3825 276.1457 276.4979 276.4761 276.5099 276.2556 276.1834 275.9909 276.1864 276.2504 276.1309 276.4678 276.6052 276.3773 276.4632 276.8617 277.003
2007 2 276.3245 276.3259 276.3954 276.3958 276.5634 276.0201 276.4003 276.4045 276.2958 276.3757 276.1679 276.2793 276.2226 276.3066 276.3569 276.6969 276.684 276.6831 276.6798 276.7012 276.9915
2007 3 276.494 276.4381 276.5386 276.3402 276.1401 276.4623 276.3986 276.4442 276.4003 276.4376 276.4607 276.7277 276.8358 276.5382 276.555 276.6939 276.6793 276.8886 276.6778 276.7424 276.9107
2007 4 276.6591 276.6564 276.6401 276.6389 276.629 276.562 276.6966 276.7368 276.7206 276.6785 276.6554 276.6731 276.7112 276.8113 276.6989 276.733 NA NA NA 276.6858 277.0118
2007 5 276.7691 276.757 276.7667 276.7663 276.7113 276.7123 276.7881 276.7891 276.8751 276.7866 276.7861 276.7885 276.7787 276.6752 276.8222 276.567 276.8178 276.8075 276.8234 276.5785 276.9208
2007 6 276.727 276.7558 276.7568 276.7571 276.7917 276.7709 276.7804 276.7816 276.8027 276.7689 276.7296 276.7386 276.6775 276.7083 276.8357 276.6833 276.6541 276.6947 276.6746 276.5294 276.756
2007 7 276.6024 276.5775 276.5753 276.5763 276.6785 276.5934 276.662 276.6463 276.6692 276.6638 276.5809 276.5549 NA 276.5611 276.6296 276.4922 276.3626 276.5221 276.4696 276.3314 276.616
2007 8 276.4496 276.4861 276.4625 276.5266 276.567 276.4027 276.5092 276.5152 276.5481 276.4921 276.4444 276.4041 NA 276.2917 276.5707 276.4478 276.3484 276.4327 276.4361 276.1205 276.4378
2007 9 276.285 276.3083 276.3306 276.3312 NA 276.2436 276.2968 276.3212 276.3608 NA 276.3198 276.4261 276.2578 276.2028 276.0368 276.14 276.1869 276.2141 276.1222 276.0748 276.3441
2007 10 276.1437 276.1621 276.1792 276.1798 276.1935 276.1714 276.204 276.1394 NA 276.1062 276.1319 276.2543 276.1406 276.3147 276.025 275.9943 276.0227 275.9968 276.0393 275.9372 276.2328
2007 11 275.942 275.9656 275.9807 275.9801 NA 275.9598 275.9947 275.9769 NA 275.7618 275.9806 275.8698 275.7086 275.8653 275.6317 275.6444 275.7766 275.7743 275.7742 275.8745 276.0638
2007 12 275.7765 275.7807 275.8262 275.8255 275.8822 275.5968 275.6764 275.6395 NA 275.2816 275.5254 275.582 275.4262 275.437 275.3494 275.7315 275.7238 275.734 275.7253 275.8682 276.0968
2008 1 275.5443 275.5861 275.5928 275.591 275.667 275.2764 275.441 275.5764 NA 275.3471 275.4276 275.3195 275.3179 275.3317 275.3726 275.7235 275.7549 275.7446 275.7699 276.424 276.0894
2008 2 275.4297 275.412 275.3898 275.3942 NA 275.1833 275.4596 275.4361 NA 275.3877 275.4573 276.492 275.4084 275.7251 275.3385 275.7626 275.7725 275.6929 275.7649 275.9762 276.1143
2008 3 275.5897 275.5607 275.506 275.5076 NA 275.3225 275.6857 275.585 275.5116 275.4303 275.7585 275.4876 275.7958 NA 275.8347 275.7419 275.8157 275.7543 275.888 275.8193 276.1348
2008 4 275.7662 275.7302 275.7475 275.7495 NA 275.6556 275.7676 275.7799 275.7388 275.7512 275.7166 275.7368 275.7172 NA 275.7806 275.7782 275.8031 275.8317 275.8042 275.8337 276.0451
2008 5 275.7875 275.8122 275.798 275.7976 275.8469 275.7169 275.874 275.8694 275.893 NA 275.7745 275.7466 275.7891 NA 275.8874 275.6057 275.7475 275.7979 275.7614 275.6636 276.0615
2008 6 275.7802 275.7894 275.8174 275.8154 NA 275.7178 275.854 275.8506 275.8749 275.8524 275.6434 275.5894 275.676 NA 275.7886 275.5913 275.6961 275.684 275.6769 275.5762 275.8531
2008 7 275.6478 275.6451 275.6583 275.6902 275.5756 275.5944 275.7462 275.7422 NA 275.7598 275.7451 275.673 275.7155 275.5492 275.7261 275.4423 275.583 275.6344 275.581 275.4701 275.717
2008 8 275.5312 275.5444 275.571 275.5428 275.3845 275.4659 275.5726 275.5919 275.6256 275.6493 275.5153 275.5267 275.6185 275.5567 275.6244 275.3162 275.4347 275.485 275.4621 275.2836 275.4459
2008 9 275.3727 275.3845 275.3918 275.3919 NA 275.3717 275.4015 275.3986 275.4934 275.5044 275.4151 275.2842 275.4126 275.3937 275.2677 275.0956 275.271 275.3543 275.3144 275.1535 275.2851
2008 10 275.2417 275.232 275.274 275.2733 275.2563 275.2408 275.2457 275.2386 275.2984 275.3002 275.2652 275.1967 275.2442 275.0989 275.1448 NA 275.1228 275.0885 275.1408 275.1039 275.248
2008 11 275.0745 275.119 275.1351 275.1353 NA 275.06 275.0462 275.0229 274.9079 274.968 274.9586 274.8885 NA 275.0593 274.7151 NA 275.0077 274.867 275.0047 274.9571 275.0931
2008 12 274.7995 274.8319 274.7898 274.7907 NA 274.6798 274.6962 274.7465 274.6414 274.7342 274.5823 274.6007 NA 274.5991 274.5719 274.7568 274.8209 274.7458 274.8151 NA 275.097
2009 1 274.5712 274.5859 274.6753 274.639 274.5936 274.2574 274.6425 274.6157 274.4638 274.6767 274.3296 274.2653 274.5076 274.2985 274.2259 275.0877 275.0139 274.6831 274.9907 NA 274.876
2009 2 274.4344 274.4821 274.474 274.4325 NA 274.1259 274.2453 274.292 274.1052 274.3603 274.3658 274.4337 274.3934 274.2447 274.3151 274.2824 274.9868 NA 274.9623 274.5737 274.9818
2009 3 274.5246 274.5112 274.5015 274.5006 NA 274.3471 274.3349 274.4145 274.3832 274.3997 274.3203 274.5052 274.3197 274.182 274.3459 274.5375 274.6374 274.5346 274.6523 274.6004 275.0166
2009 4 274.5626 274.6164 274.5723 274.5732 NA 274.4675 274.5187 274.5425 274.5712 274.5311 274.4765 274.6103 274.4388 274.4261 274.5023 274.5766 274.6598 274.5644 274.6456 274.6227 275.0156
2009 5 274.6214 274.5902 274.5667 274.5659 274.502 274.546 274.6695 274.6422 274.6259 274.6413 274.5076 274.4487 NA 274.3738 274.6813 274.3266 274.5606 274.5112 274.5572 274.5734 274.7668
2009 6 274.5633 274.5737 274.5458 274.5456 274.5086 274.51 274.5547 274.5735 274.6161 274.5393 274.4893 274.4882 274.3256 274.3873 274.6073 274.4152 274.3226 274.4083 274.3294 274.3903 274.6721
2009 7 274.3997 274.4323 274.4549 274.4574 274.4596 274.4265 274.489 274.4497 274.5488 274.4326 274.2818 274.3795 NA 274.2537 274.3824 274.3602 274.2633 274.2296 274.2663 274.1788 274.4952
2009 8 274.1793 274.1883 274.1833 274.1831 274.1301 274.131 274.2818 274.2567 274.2935 274.205 274.1802 274.1916 NA 274.2451 274.0513 274.0694 274.0353 274.0008 273.9764 274.0432 274.2272
2009 9 274.0324 274.0669 274.1057 274.1058 274.1586 274.037 274.1161 274.058 274.1096 274.069 273.9703 274.0958 NA 274.047 NA 273.8539 273.8775 273.8249 273.8724 273.8991 274.0282
2009 10 273.8706 273.8921 273.9076 273.9083 NA 273.8457 273.9188 273.8792 273.901 273.8475 273.8477 273.8334 273.6868 273.7257 273.6223 273.6659 273.8421 273.7163 273.8361 273.7893 273.9602
2009 11 273.6981 273.7513 273.7806 273.781 NA 273.6038 273.7283 273.6661 273.5376 273.7364 273.4979 273.4806 NA 273.4686 273.0978 273.5431 273.7083 273.6391 273.5385 273.6503 273.8965
2009 12 273.524 273.615 273.5928 273.5924 273.7562 273.3217 273.4864 273.4026 273.0161 273.4473 273.0634 273.3359 273.2279 273.191 272.8884 273.4638 273.4928 273.4214 273.4848 273.5661 273.7525
2010 1 273.2677 273.3351 273.4954 273.4998 273.4445 272.5877 273.2703 273.1835 273.3229 273.1241 272.7468 272.8639 272.8957 272.6557 272.9958 NA 273.2626 273.237 273.2401 273.2504 273.6786
2010 2 273.1156 273.1066 273.1215 273.1098 273.2491 272.4021 272.812 272.8495 273.0712 272.8245 272.4978 272.3507 272.5142 272.9203 272.8898 273.2583 273.2055 273.2764 273.2063 273.2489 273.7938
2010 3 273.0834 273.0631 273.1216 273.1206 273.1663 272.8024 272.9046 272.9989 272.939 273.0495 272.7136 273.1678 272.8299 272.9635 272.7803 273.2415 273.0434 273.0331 273.0219 273.2118 273.6271
2010 4 273.1002 273.0769 273.0445 273.0453 273.0028 272.9441 273.0961 273.1007 273.126 273.1439 272.9483 273.0815 273.034 273.0648 272.9581 273.2027 273.2726 NA 273.0473 273.163 273.6109
2010 5 273.1793 273.209 273.1557 273.1561 273.1178 273.0808 273.1881 273.215 273.1615 273.1306 273.0755 273.046 273.0436 273.1904 273.1976 272.9832 273.2648 273.189 273.1705 273.1395 273.3546
2010 6 273.2223 273.2161 273.2676 273.266 273.251 273.2205 273.2795 273.2914 NA 273.3213 273.2106 273.0146 273.2417 273.2831 273.3414 273.1418 273.2987 273.2389 273.3036 273.0192 273.3972
2010 7 273.1894 273.2117 273.2207 273.2203 273.2197 273.1553 273.2424 273.2462 NA 273.3355 273.1916 273.1707 NA 273.3212 273.1544 273.073 273.0111 273.243 273.0119 272.9281 273.3152
2010 8 273.1343 273.1342 273.1281 273.1283 273.1186 273.084 273.1911 273.1803 NA 273.2027 273.187 273.2731 NA 273.1552 273.1272 272.9982 273.0704 273.0062 273.0749 272.9967 273.1647
2010 9 273.0382 273.0711 273.0818 273.0833 273.1044 273.0501 273.0559 273.0536 NA 273.1334 273.1345 273.1635 273.12 273.0756 273.0454 272.6536 NA 272.9863 272.9859 272.8141 273.0121
2010 10 272.9264 272.9582 272.9441 272.9442 272.9831 272.9142 272.8565 272.9034 NA 273.0043 272.8606 272.991 272.8816 272.9898 272.6929 272.6912 272.7326 NA 272.7343 272.7166 272.7962
2010 11 272.69 272.6957 272.684 272.6993 NA 272.6463 272.797 272.6268 NA 272.7121 272.5403 272.5807 272.6271 272.5246 272.3049 272.4865 272.5051 272.6316 272.5184 272.647 272.7464
2010 12 272.4255 272.4742 272.494 272.4553 272.4937 272.277 272.2604 272.3439 NA 272.4805 272.0278 272.1726 NA 272.0581 271.794 272.4512 272.2573 272.2348 272.3076 272.6636 272.6052
2011 1 272.0621 272.0471 272.1871 272.1842 272.3162 271.6744 271.8403 271.8281 NA 271.7183 271.4627 271.4332 271.8332 271.7293 271.4806 272.053 272.0888 NA 272.0226 272.218 272.6725
2011 2 271.8201 271.6921 271.6954 271.6953 271.5394 271.1719 271.8024 271.6419 NA 271.7783 271.3509 271.5571 271.5227 271.7236 271.7278 NA 272.2429 272.3129 272.2366 272.2851 272.7513
2011 3 271.8798 271.8564 271.8017 271.8003 271.7992 271.6602 271.7552 271.7954 NA 271.7585 271.7812 271.9785 271.7422 271.6091 271.8317 272.1662 271.9316 271.9203 271.8795 272.3293 272.6643
2011 4 271.9622 271.9552 271.8997 271.9025 271.7715 271.894 271.9439 271.9355 NA 272.011 271.7578 271.6513 271.756 NA 272.0405 272.1491 272.2328 272.272 NA 272.2098 272.4208
2011 5 272.1054 272.1017 272.119 272.1193 272.1118 272.0132 272.0978 272.139 NA 272.2192 271.9806 271.9088 271.9625 NA 272.2121 NA 272.0856 272.0949 272.0894 272.0666 272.3932
2011 6 272.0947 272.0887 272.1224 272.1222 NA 272.0417 272.1051 272.1374 NA 272.1977 272.0032 272.0237 272.1419 NA 272.2124 272.1181 272.11 272.1002 272.1074 271.9607 272.2076
2011 7 271.9625 271.9304 271.9316 271.9334 NA 271.9498 271.9971 272.0032 NA 272.118 271.8532 271.8519 NA NA 272.005 272.0098 271.9763 271.9376 271.987 271.7141 272.1186
2011 8 271.8031 271.8035 271.8564 271.8566 271.8928 271.7417 271.8179 271.8093 271.8556 271.7962 271.8504 271.9412 271.8996 271.6047 271.7168 271.7928 271.6521 271.6105 271.657 271.5669 271.8651
2011 9 271.651 271.6697 271.7086 271.7085 271.7387 271.5372 271.7137 271.6958 271.7315 271.6169 271.5711 271.5741 271.3414 271.5917 271.5553 271.4909 271.5993 271.6252 271.6161 271.4338 271.6844
2011 10 271.4747 271.5044 271.4982 271.4974 271.4655 271.4747 271.4038 271.4749 271.491 271.3941 271.3734 271.3136 271.3015 271.3981 271.2435 271.2632 271.4037 271.4868 271.4528 271.2685 271.5583
2011 11 271.3873 271.4312 271.443 271.388 271.3986 271.3211 271.3398 271.3196 271.2228 271.297 271.1288 271.0251 271.1051 271.2994 270.9649 271.1502 271.1566 271.149 271.1721 271.2058 271.3617
2011 12 271.1313 271.1961 271.198 271.0899 NA 271.0288 270.8383 271.0201 271.1935 270.8626 270.7143 270.8128 270.6473 270.7512 270.589 271.0894 271.105 271.0975 271.1016 270.9922 271.2602
2012 1 270.8288 270.8253 270.7993 270.7989 NA 270.4415 270.5855 270.7981 270.6187 271.0854 270.3785 270.2642 NA 270.4292 270.5064 270.9789 271.0578 270.9366 270.8794 270.9695 271.3012
2012 2 270.5923 270.5832 270.6323 270.5948 270.6262 270.2507 270.6709 270.6604 270.5121 270.25 270.4232 270.2581 270.4659 270.3649 270.0379 270.9707 270.8856 270.8435 270.8299 271.0575 271.2932
2012 3 270.7786 270.7292 270.5755 270.5758 270.5335 270.5676 270.7577 270.7661 270.7656 270.6121 270.5947 270.5372 270.7473 270.3243 270.728 270.8641 270.7475 270.79 270.7388 270.8351 271.3882
2012 4 270.8588 270.8479 270.8278 270.8265 270.776 270.8303 270.9054 270.8935 270.9749 270.9298 270.8558 270.7465 270.8213 270.5265 270.9093 270.9282 270.8985 270.965 270.9039 270.8769 271.2001
2012 5 270.9474 270.9506 270.9615 270.961 NA 270.9045 270.9817 270.9877 270.9988 270.9285 270.9512 270.9885 270.9523 270.6714 271.0276 270.8887 270.8698 270.9502 270.8787 270.8229 271.1992
2012 6 270.9719 270.9566 271.0012 271.0006 270.9732 270.9701 271.0155 271.0116 271.0656 271.0051 270.8716 270.8766 270.8781 270.8739 271.0113 270.9734 270.8722 270.9413 270.9553 270.7165 271.033
2012 7 270.8948 270.8958 270.894 270.894 NA 270.9226 270.9612 270.9579 270.9745 270.9958 270.8816 270.7774 NA 270.9622 270.9596 270.5573 270.8348 270.8166 270.8669 270.6688 270.883
2012 8 270.834 270.8414 270.8462 270.8468 270.894 270.8245 270.8457 270.85 270.9145 270.8977 270.8364 270.9084 NA 270.68 270.7047 270.5675 270.6453 270.6661 270.7351 270.6135 270.7078
2012 9 270.6567 270.6838 270.6867 270.6867 NA 270.6941 270.7355 270.7042 270.8415 270.7845 270.6953 270.6182 270.2948 270.6407 270.5415 NA 270.5935 270.5815 270.5693 270.4315 270.5802
2012 10 270.4535 270.4728 270.5054 270.5054 NA 270.4509 270.5295 270.4604 270.5176 270.4537 270.3471 270.412 270.1856 270.3465 270.1764 NA 270.3168 270.296 270.3103 270.2414 270.462
2012 11 270.2736 270.3005 270.3565 270.3521 270.2739 270.1075 270.1834 270.2225 270.3256 270.1539 270.2112 270.105 269.9772 270.0006 NA NA 270.1435 269.9845 270.1152 270.0696 270.3857
2012 12 270.1398 270.1763 270.1836 270.1838 270.1982 270.0485 269.9614 270.0103 269.82 269.9169 269.7464 269.7275 269.934 269.7961 269.266 NA 269.7924 269.7697 269.7946 269.9028 270.4428
2013 1 269.8121 269.8198 269.7094 269.707 NA 269.6866 269.9599 269.8108 269.6315 NA 269.4592 269.7765 269.5057 269.6425 269.3396 NA 269.8844 269.8468 269.8989 269.9793 270.2068
2013 2 269.609 269.6376 269.6845 269.7118 NA 269.255 269.435 269.5585 269.6747 269.2586 269.0445 269.0079 269.7749 269.4276 269.2943 269.8906 270.1368 269.9293 270.1183 269.8631 270.2132
2013 3 269.6597 269.5851 269.5487 269.5379 269.5486 269.5584 269.6104 269.6519 269.6358 269.6128 269.6876 269.8362 269.5111 269.578 269.574 269.7694 269.9284 270.0818 269.9421 269.9121 270.2147
2013 4 269.9067 269.8845 269.8205 269.8206 269.7711 269.8483 270.0548 269.8977 269.8666 269.833 269.967 269.8587 269.9649 269.8322 269.8698 269.8916 269.9349 269.8137 269.9327 269.8726 270.1577
2013 5 270.002 269.9845 269.9808 269.9803 269.9836 269.9228 270.0403 270.0262 270.0478 269.9671 270.0375 270.0745 270.0181 269.8808 270.1132 269.8648 269.9253 269.9403 269.9319 269.8056 270.2329
2013 6 269.9409 269.9734 269.9898 269.9885 270.0184 269.8745 269.9305 269.9715 269.982 269.9879 269.8938 269.9214 269.6412 269.8685 270.0614 269.7224 269.9635 270.0219 269.9831 269.6592 269.9815
2013 7 269.788 269.8275 269.8572 269.8575 269.9207 269.8029 269.8962 269.8688 269.9566 269.8901 269.8004 269.8173 269.4277 269.942 269.779 269.7787 269.7313 269.7212 269.6505 269.5271 269.8651
2013 8 269.62 269.6189 269.7078 269.6995 269.7169 269.6294 269.7093 269.689 269.7601 269.6702 269.6619 269.7477 NA 269.559 269.7365 NA 269.4683 269.617 269.455 269.4327 269.5427
2013 9 269.4804 269.503 269.5455 269.5455 269.579 269.4634 269.4852 269.4718 269.5109 269.4538 269.4111 269.5227 269.3389 269.3961 269.3046 NA 269.3613 269.2069 269.2707 269.258 269.4077
2013 10 269.2883 269.3393 269.3541 269.3535 269.434 269.2939 269.3036 269.2565 269.253 269.3517 269.1356 269.0448 269.084 269.1111 269.1237 NA 269.2128 269.1837 269.2066 269.0697 269.3652
2013 11 269.0793 269.0943 269.1653 269.2004 269.1999 268.9971 268.9481 268.9832 268.8452 269.1791 268.9515 268.8219 268.7244 268.8989 268.8185 268.9802 268.8284 268.8421 268.8308 269.0043 269.1873
2013 12 268.8278 268.9073 269.0401 269.0395 269.0972 268.7181 268.6384 268.6796 268.5138 268.6461 268.5422 268.4989 268.3419 268.464 268.3813 NA 268.6705 268.6883 268.6802 268.8457 269.26
2014 1 268.7311 268.7169 268.7225 268.722 268.8682 268.1857 268.6864 268.6486 268.4813 268.6327 268.2413 268.4704 268.2874 268.3781 268.5652 NA 268.5889 268.5147 268.6127 268.6809 269.2722
2014 2 268.4486 268.3782 268.2835 268.286 268.3709 268.0909 268.2203 268.3397 268.5281 268.3417 268.0642 267.9857 268.3786 268.2244 268.1284 NA 268.6456 268.7041 268.6479 268.6134 269.1315
2014 3 268.5585 268.557 268.4922 268.4903 268.4667 268.2216 268.3676 268.3894 268.2616 268.3967 268.1506 268.1907 268.2483 268.4676 268.6099 268.2747 268.7027 268.6719 268.6312 268.812 269.0986
2014 4 268.5465 268.5667 268.5836 268.5811 268.5529 268.5658 268.4876 268.4905 268.5622 268.5385 268.465 268.5836 268.4297 268.6024 268.5601 268.5265 268.9654 268.7234 268.9324 268.7989 268.9942
2014 5 268.7372 268.726 268.7043 268.7029 268.6559 268.6857 268.7497 268.7433 268.7085 268.7893 268.6236 268.7084 268.6239 268.6751 268.6738 268.6305 268.5774 268.641 268.597 268.5755 268.9217
2014 6 268.7044 268.7278 268.7496 268.7016 268.7946 268.7358 268.7214 268.7334 268.7598 268.6949 268.5974 268.6252 268.3124 268.6155 268.6498 268.5462 268.4799 268.491 268.4869 268.3965 268.7279
2014 7 268.5191 268.5441 268.5761 268.5759 268.6125 268.4785 268.65 268.6293 268.6216 268.4883 268.4856 268.5242 NA 268.525 268.5772 268.4309 268.5025 NA NA 268.2588 268.5584
2014 8 268.3783 268.4076 268.4951 268.4946 268.5729 268.2643 268.3356 268.4107 268.5577 268.3707 268.2963 268.2785 268.2088 268.3169 268.404 268.314 268.3646 268.4343 268.3951 268.1651 268.3946
2014 9 268.1768 268.1902 268.1974 268.1977 268.2103 268.1395 268.2249 268.2244 268.3635 268.2029 268.1044 268.0924 268.0045 268.1721 268.0666 267.9037 268.1155 268.0609 268.1077 267.98 268.253
2014 10 268.0153 268.0215 268.0397 268.0405 268.0232 267.9573 267.9666 267.9908 268.0318 268.0535 267.8806 267.8833 267.8073 267.9927 267.741 267.7384 267.9586 267.6907 267.9438 267.8657 268.0959
2014 11 267.823 267.8758 267.8291 267.8292 267.7545 267.7758 267.7064 267.734 267.7634 267.7594 267.6211 267.6746 267.5009 267.7655 267.244 267.6726 267.6166 267.6327 267.6241 267.6845 268.0265
2014 12 267.6481 267.6819 267.6797 267.692 267.7072 267.4781 267.3236 267.4803 267.4536 267.3936 267.2216 266.8226 267.2397 267.292 NA NA 267.468 267.5231 267.4632 267.9247 267.8964
2015 1 267.4124 267.3856 267.3966 267.4356 267.3941 267.0155 267.5077 267.4371 267.3437 267.2463 266.9393 267.1924 266.9044 266.9985 266.8128 268.1179 267.5863 267.4827 267.5792 267.6195 267.8965
2015 2 267.219 267.241 267.2054 267.1622 267.2222 266.9194 267.2474 267.056 267.2269 267.1364 267.0032 267.3305 267.1723 266.9621 267.3116 267.5632 267.7113 267.2984 267.6984 267.5189 267.5686
2015 3 267.3378 267.2491 267.2371 267.2386 NA 267.1081 267.3457 267.3317 267.2345 267.3958 267.2051 267.3441 267.6042 267.1305 267.3943 NA 267.4561 267.4886 267.4569 267.592 267.9298
2015 4 267.5107 267.5194 267.5314 267.5316 267.449 267.4932 267.5073 267.5184 267.5321 267.5437 267.4699 267.4665 267.6724 267.5017 267.6813 NA 267.6105 267.59 267.6075 267.6209 267.7452
2015 5 267.6426 267.6208 267.617 267.6199 267.62 267.6221 267.6515 267.6793 267.7138 267.7089 267.682 267.5936 267.6004 267.417 267.551 267.6106 267.7119 267.6412 267.7055 267.501 267.8167
2015 6 267.604 267.6258 267.6237 267.6028 267.6451 267.6354 267.6882 267.6832 267.6699 267.6642 267.5783 267.5978 267.5176 267.5389 267.5303 267.5353 267.6004 267.5935 267.602 267.3798 267.6342
2015 7 267.503 267.5219 267.5037 267.428 NA 267.4811 267.5609 267.5812 267.6514 267.5817 267.4934 267.592 NA 267.4622 267.547 267.4797 267.4215 267.3175 267.4551 267.1819 267.5044
2015 8 267.4174 267.4285 267.4335 267.4339 267.4395 267.4575 267.4672 267.4823 267.539 267.5001 267.3642 267.5312 NA 267.3606 267.3674 NA 267.317 266.8887 267.2461 267.1733 267.3726
2015 9 267.3013 267.3319 267.3413 267.3408 267.3664 267.3226 267.3263 267.3356 267.3271 267.35 267.3495 267.2472 NA 267.3904 267.163 266.9729 267.1637 267.1799 267.1415 266.9705 267.1879
2015 10 267.1425 267.1578 267.1576 267.1575 267.1935 267.1388 267.1569 267.146 267.2008 267.1401 267.1309 267.1356 267.0816 267.0273 266.9579 NA 267.1339 267.1427 267.1357 266.8814 267.1011
2015 11 266.8704 266.8955 266.9335 266.9329 267.0294 266.8342 266.7668 266.8528 267.0147 266.7908 266.6892 266.71 266.6172 266.7284 266.5784 266.769 266.8163 266.7845 266.8198 266.8022 266.9541
2015 12 266.6134 266.6171 266.6384 266.6528 266.6953 266.5573 266.574 266.52 266.5984 266.5075 266.3743 266.4266 266.0976 266.2474 265.9107 266.4693 266.5439 266.3684 266.5443 266.702 266.8945
2016 1 266.243 266.088 266.0975 266.0913 NA 266.0369 266.0037 266.1837 266.1412 266.0523 265.9793 265.7253 265.5685 266.3164 265.7033 NA 266.5196 266.4807 266.5294 266.6847 266.8952
2016 2 265.9646 265.9557 265.9426 265.9449 NA 265.6525 265.8991 265.9247 265.9094 265.7221 265.893 265.6322 265.6941 266.0508 265.8377 266.5496 266.2701 266.2906 266.231 266.3804 266.5542
2016 3 266.0528 266.0808 266.0967 266.1006 266.0975 266.0171 266.0948 266.1104 266.1557 266.1365 266.0045 266.0728 266.1847 266.2302 266.1277 NA 266.3717 NA 266.4065 266.3968 266.5939
2016 4 266.3012 266.2813 266.2511 266.2512 NA 266.2757 266.3308 266.3282 266.3818 266.3431 266.1703 266.2245 266.3153 266.0259 266.3641 NA 266.3624 266.3495 266.3567 266.344 266.6006
2016 5 266.4831 266.4825 266.4714 266.4597 266.4407 266.4674 266.4828 266.5072 266.5329 266.5602 266.4854 266.4033 266.5879 266.5428 266.5844 266.4915 266.3768 266.34 266.3705 266.3336 266.6559
2016 6 266.4438 266.4796 266.4254 NA 266.4832 266.4711 266.5494 266.5591 266.6009 266.6504 266.528 266.4777 266.1905 266.4651 266.4642 266.25 266.3568 266.3701 266.3568 266.1313 266.4567
2016 7 266.3274 266.3494 266.3761 266.3763 266.4425 266.3304 266.3896 266.4164 266.3943 266.4165 266.4529 266.4023 NA 266.3483 266.3319 266.2655 266.2309 266.2615 266.2253 266.0447 266.2626
2016 8 266.1085 266.1643 266.1916 266.1917 266.2961 266.1239 266.127 266.1547 266.2133 266.165 266.088 266.0491 266.0574 266.0861 265.9844 266.1076 266.068 266.0578 266.0693 265.8597 266.1355
2016 9 265.9325 265.9504 265.971 265.971 266.0303 265.9268 265.9426 265.9399 266.0924 266.0099 266.0311 265.9234 NA 265.9476 265.8638 265.6133 265.7481 265.6998 265.7553 265.702 265.8815
2016 10 265.7154 265.7248 265.7604 265.7604 265.9019 265.6538 265.6157 265.6749 265.7011 NA 265.6467 265.6207 265.645 265.5563 265.5937 265.4304 265.6007 265.5605 265.6046 265.5442 265.7901
2016 11 265.5285 265.5315 265.5646 265.5636 265.5595 265.4799 265.5311 265.5187 265.5522 265.243 265.3082 265.0647 265.2521 265.303 265.0171 265.2982 265.2656 265.3413 265.312 265.3052 265.575
2016 12 265.266 265.2937 265.3219 265.3219 NA 265.1193 265.0998 265.2424 264.8007 265.2036 264.8647 264.6039 264.7116 264.7656 264.7447 265.0339 264.9993 265.032 265.0033 265.2155 265.4756
2017 1 264.8923 264.9181 265.0298 264.959 265.2052 264.6757 264.7884 264.8934 264.918 264.7708 264.3775 264.3322 NA 264.4365 263.8819 265.0039 264.938 264.8999 264.9398 265.1693 265.278
2017 2 264.5538 264.6257 264.5564 264.3937 264.6764 NA 264.3866 264.5066 264.2165 264.683 264.2778 264.6422 264.3807 264.757 265.0239 264.8812 264.9953 264.9311 264.9459 265.1595 265.3981
2017 3 264.686 264.6326 264.5355 264.5111 NA NA 264.7679 264.7281 264.7467 264.7238 264.2882 264.3812 264.8453 NA 264.5812 265.068 264.8779 264.8312 264.8248 265.0916 265.3589
2017 4 264.7205 264.7033 264.6891 264.6887 NA NA 264.8134 264.7524 264.7643 264.809 264.8135 264.6321 264.7747 NA 264.8178 265.4802 265.0539 264.8769 264.7976 264.9778 265.3343
2017 5 264.8794 264.8577 264.8455 264.8463 264.8172 NA 264.8717 264.9018 264.8893 264.9507 264.8112 264.853 264.8104 264.625 264.8979 264.8613 264.93 264.8872 264.8946 264.8439 265.2612
2017 6 264.8805 264.9041 264.8939 264.9109 264.9689 NA 265.0016 264.9644 264.996 264.9477 264.8131 264.7749 NA 264.694 264.9393 264.7922 264.8456 264.7964 264.8072 264.5569 265.0177
2017 7 264.8299 264.853 264.8323 264.8734 264.8746 NA 264.8918 264.8864 264.9652 264.8899 264.8268 264.6323 264.8119 264.7027 264.838 264.6909 264.6928 264.7156 264.7455 264.5701 264.8647
2017 8 264.649 264.664 264.6712 264.6797 264.7067 NA 264.6887 264.7242 264.8363 264.6805 264.6667 264.6534 NA 264.602 264.5959 264.4406 264.5143 264.5395 264.5414 264.4305 264.5861
2017 9 264.5571 264.5783 264.6162 264.6163 264.6496 NA 264.548 264.5646 264.6255 264.6124 264.5969 264.5053 NA 264.5852 264.4452 264.2516 264.4943 264.4649 264.462 264.3266 264.524
2017 10 264.3896 264.4014 264.4306 264.4307 264.4224 NA 264.361 264.3968 264.3746 264.4747 264.4364 264.376 NA 264.2865 264.0041 264.3365 264.2844 264.2373 264.2708 264.1875 264.383
2017 11 264.1673 264.1527 264.235 NA 264.3228 NA 263.9738 264.0701 263.9132 264.0383 264.0767 264.0225 NA 263.9978 263.5828 263.9714 264.088 264.1226 264.1739 263.9704 264.2506
2017 12 263.9909 263.9952 263.9984 264.0321 264.0823 263.7087 263.97 263.8976 263.6613 263.7031 263.585 263.6718 NA 263.7247 263.495 263.8538 263.9897 263.7284 263.8697 264.065 264.1841
2018 1 263.8373 263.8615 263.92 263.9024 263.966 263.3631 263.7146 263.6866 263.5928 263.5877 263.3499 263.3335 263.5609 263.5216 263.3901 263.7779 263.813 263.8422 263.801 264.0229 264.1714
2018 2 263.5784 263.5297 263.5935 NA 263.7574 263.3601 263.5039 263.5436 263.5628 263.5185 263.4369 263.45 263.3714 263.6189 263.7131 263.8943 263.9015 264.0946 263.9407 NA 264.1401
2018 3 263.6292 263.641 263.7101 NA 263.7239 NA 263.6049 263.66 263.5904 263.578 263.4921 263.4436 263.4394 263.5907 263.5247 263.8925 263.7083 263.6757 263.6861 NA 264.107
2018 4 263.7906 263.7953 263.8112 NA 263.7357 NA 263.8447 263.8163 263.841 263.7617 263.7196 263.7832 263.694 263.7913 263.7751 263.8217 263.9249 263.9009 263.8431 NA 264.0786
2018 5 263.8557 263.8317 263.8489 NA 263.8102 NA 263.8742 263.8731 263.9136 263.8839 263.7897 263.8203 263.8746 263.8531 263.8324 263.7999 263.7934 263.7469 NA NA 264.0048
2018 6 263.8527 263.8556 263.8418 NA 263.8371 NA 263.9262 263.9128 263.9606 263.8849 263.863 263.7413 263.3574 263.7299 263.8123 263.7335 263.8105 263.7976 263.8318 NA 263.909
2018 7 263.7551 263.8125 263.8568 NA 263.865 NA 263.7683 263.826 263.9121 263.8055 263.6462 263.6955 NA 263.6651 263.7591 263.6453 263.7189 263.76 263.7221 NA 263.8537
2018 8 263.6348 263.6653 263.6614 NA NA NA 263.6949 263.6661 263.7563 263.6165 263.5282 NA NA 263.6333 263.6622 NA 263.3816 263.3117 263.3355 NA 263.543
2018 9 263.4701 263.4913 263.531 NA 263.5841 NA 263.473 263.5024 263.5719 263.5114 263.4919 NA NA 263.5001 263.3707 263.3322 263.2986 263.2747 263.2876 NA 263.3779
2018 10 263.2882 263.3127 263.3249 NA 263.339 NA 263.3056 263.3125 263.3551 263.3115 263.2752 NA 263.2461 263.3421 263.0748 262.9735 263.2068 263.2297 263.2219 NA 263.4024
2018 11 263.1415 263.1324 263.2529 NA 263.2527 NA 263.1518 263.0687 263.0345 262.7105 262.9567 NA 262.8804 263.135 262.8819 262.8393 263.0279 262.9591 262.9243 NA 263.2434
2018 12 262.901 262.9648 NA NA 262.9657 NA 262.9197 262.816 262.7109 NA 262.5818 NA 262.3447 262.5889 NA 262.8677 262.8363 262.8048 262.6598 NA 263.161
2019 1 262.6029 262.6438 NA NA NA 262.4677 262.3891 NA NA NA 262.1234 NA 262.3574 NA NA NA 262.8998 NA NA NA NA
2019 2 262.3592 262.3875 NA NA NA NA NA NA NA NA 261.7785 NA 261.9707 NA 262.2458 NA 262.6142 NA NA NA NA
2019 3 262.3012 262.3279 NA NA NA NA NA NA NA NA 261.8632 NA 261.9983 NA 262.2499 NA 262.374 NA NA NA NA
2019 4 262.4234 262.3909 NA NA NA NA NA NA NA NA 262.3353 NA 262.2657 NA 262.5091 NA 262.454 NA NA NA NA
2019 5 262.5911 262.5742 NA NA NA NA NA NA NA NA 262.6422 NA 262.6146 NA 262.662 NA 262.685 NA NA NA NA
2019 6 262.647 262.6749 NA NA NA NA NA NA NA NA 262.6983 NA NA NA 262.7465 NA 262.5931 NA NA NA NA
2019 7 262.5275 262.5363 NA NA NA NA NA NA NA NA 262.5276 NA NA NA 262.5452 NA 262.3432 NA NA NA NA
2019 8 262.3657 262.4019 NA NA NA NA NA NA NA NA 262.3656 NA NA NA 262.1521 NA NA NA NA NA NA
2019 9 262.2216 262.2505 NA NA NA NA NA NA NA NA 262.2487 NA NA NA 262.2484 NA 262.1821 NA NA NA NA
2019 10 262.1019 262.1374 NA NA NA NA NA NA NA NA 261.9348 NA 261.9449 NA 262.0243 NA 261.9162 NA NA NA NA
2019 11 261.8757 261.8804 NA NA NA NA NA NA NA NA 261.7275 NA 261.5794 NA NA NA 261.6845 NA NA NA NA
2019 12 261.7081 261.7503 NA NA NA NA NA NA NA NA 261.246 NA 261.576 NA NA NA 261.5725 NA NA NA NA
2020 1 261.3707 261.3837 NA NA NA NA NA NA NA NA NA NA 261.3806 NA NA NA 261.672 NA NA NA NA
2020 2 260.9485 261.168 NA NA NA 260.2304 NA NA NA NA NA NA 260.3546 NA NA NA 261.1564 NA NA NA NA
2020 3 260.7176 NA NA NA NA NA NA NA NA NA NA NA NA NA NA NA 261.1584 NA NA NA NA
2020 4 260.8453 NA NA NA NA NA NA NA NA NA NA NA NA NA NA NA 261.3538 NA NA NA NA
2020 5 260.8846 NA NA NA NA NA NA NA NA NA NA NA NA NA NA NA NA NA NA NA NA
2020 6 NA NA NA NA NA NA NA NA NA NA NA NA NA NA NA NA NA NA NA NA NA
2020 7 NA NA NA NA NA NA NA NA NA NA NA NA NA NA NA NA NA NA NA NA NA
2020 8 NA NA NA NA NA NA NA NA NA NA NA NA NA NA NA NA NA NA NA NA NA
2020 9 NA NA NA NA NA NA NA NA NA NA NA NA NA NA NA NA NA NA NA NA NA
2020 10 NA NA NA NA NA NA NA NA NA NA NA NA NA NA NA NA NA NA NA NA NA
2020 11 NA NA NA NA NA NA NA NA NA NA NA NA NA NA NA NA NA NA NA NA NA
2020 12 NA NA NA NA NA NA NA NA NA NA NA NA NA NA NA NA NA NA NA NA NA
