year month SPO_NOAA_insitu SPO_NOAA_flask SPO_SIO_O2_flask SPO_SIO_CDK_flask SPO_CSIRO_flask HBA_NOAA_flask SYO_NOAA_flask SYO_TU_insitu MAA_CSIRO_flask CYA_CSIRO_flask PSA_NOAA_flask PSA_SIO_O2_flask DRP_NOAA_flask MQA_CSIRO_flask CRZ_NOAA_flask BHD_NIWA_insitu CGO_NOAA_flask CGO_SIO_O2_flask CGO_CSIRO_flask AMS_LSCE_insitu CPT_SAWS_insitu
1998 1 303.4479 303.4487 303.4457 303.4469 303.4423 303.4582 NA 303.4249 303.4093 303.4206 303.434 303.5788 NA 303.4193 303.4773 NA 303.2609 303.2762 303.2503 303.3106 302.69
1998 2 303.2538 303.2918 303.352 303.3527 303.3828 303.3086 NA 303.2422 303.2128 303.2123 303.1861 303.168 NA 303.068 303.2366 302.9414 303.1728 303.1934 303.1848 303.0137 302.3212
1998 3 303.0651 303.1207 303.1219 303.1209 303.1374 303.0855 NA 303.0599 303.0827 303.0443 302.9834 303.0117 NA 303.0347 303.0329 302.9815 303.0187 302.9767 302.9931 302.9331 302.6183
1998 4 302.9142 302.9221 302.9436 302.9436 302.98 302.9254 NA 302.9093 302.8855 302.9186 302.9098 302.8586 NA 302.9249 302.8933 303.2319 302.9305 302.8918 302.9422 302.7826 302.8597
1998 5 302.9125 302.9004 302.8953 302.8977 302.8818 302.9405 NA 302.9226 302.9155 302.9525 303.1641 302.9188 NA 303.0454 302.9424 NA 303.1734 302.8896 303.1855 302.9819 303.2841
1998 6 303.1301 303.0594 303.0731 303.074 302.9659 303.1596 NA 303.1277 303.1772 303.1668 303.316 303.1265 NA 303.2923 303.1949 303.4997 303.1753 303.0988 303.186 303.332 303.3505
1998 7 303.5334 303.5547 303.3686 303.3679 303.2498 303.5989 NA 303.5725 303.6584 303.3935 303.5659 303.5673 NA 303.493 303.5852 303.8631 303.7025 303.7921 303.6441 303.8154 303.4351
1998 8 303.9013 303.887 303.8776 303.8678 303.7821 303.9443 NA 303.9539 304.013 303.9161 303.9643 303.9669 NA 303.9142 303.9062 304.2283 304.156 304.2839 304.1603 304.1343 303.5787
1998 9 304.1025 304.0903 304.0683 304.0688 304.0689 304.1217 NA 304.1259 304.1033 304.1117 304.0853 304.0573 NA 304.1757 304.1473 304.2176 304.1472 304.2176 304.1424 304.1878 303.5202
1998 10 304.1581 304.1589 304.1593 304.1632 NA 304.1695 NA 304.1567 304.1591 304.1613 304.1597 304.1782 NA 304.1563 304.1415 NA 304.1723 304.1585 304.1811 304.1634 303.3862
1998 11 304.1324 304.1315 304.137 304.1369 304.1422 304.1377 NA 304.1275 304.1343 304.1327 304.1181 304.1344 NA 304.1062 304.1081 303.9065 303.9965 303.9643 303.9888 304.1121 303.3978
1998 12 304.057 304.0578 304.0673 304.0673 NA 304.0834 NA 304.0527 304.0483 304.0806 304.078 304.0633 NA 303.9832 304.0205 303.7303 303.9315 304.0309 303.9316 303.9717 303.2424
1999 1 303.9323 303.9516 303.945 303.9448 304.0306 303.9587 303.9032 303.9365 303.941 303.9619 303.8745 303.9282 NA 303.9211 303.9342 303.4291 303.5559 303.2425 303.6857 303.7678 302.9638
1999 2 303.7146 303.7553 303.8041 303.737 303.8862 303.718 303.6165 303.6881 303.7136 303.6545 303.764 303.7314 NA 303.4094 NA 303.3848 303.2558 303.341 303.3895 303.3846 302.9212
1999 3 303.4372 303.5249 303.5257 303.5985 303.5985 303.4056 303.4153 303.401 303.3926 303.4097 303.2482 303.2853 NA 303.4029 303.2516 303.0483 303.0741 303.1322 303.0964 303.022 302.6348
1999 4 303.1139 303.1296 303.1678 303.1254 303.2109 303.061 303.2211 303.1275 303.103 NA 303.001 303.0391 NA 302.9292 NA 302.8558 302.8866 302.8344 302.9076 302.7353 302.6927
1999 5 302.8693 302.8465 302.9142 302.9142 302.9823 302.8747 302.874 302.8651 302.8663 302.8335 302.9426 302.8047 NA 302.7973 302.8355 302.7964 302.6258 302.7725 302.6203 302.7891 302.9075
1999 6 302.8179 302.8156 302.7958 NA NA 302.8169 302.8248 302.834 302.839 302.822 302.9369 302.9744 NA 302.8646 302.9338 302.9894 302.7205 302.9064 302.8566 302.8883 302.8344
1999 7 302.9738 302.9446 302.9177 302.9174 302.8721 303.0054 302.9458 302.9901 302.9772 302.9663 303.0971 303.1666 NA 303.0109 NA 303.1386 303.113 NA 303.0904 303.1494 302.9808
1999 8 303.3048 303.2739 303.2222 303.2225 303.1568 303.2628 303.2695 303.2995 303.24 303.286 303.2385 303.2367 NA 303.2748 NA 303.442 303.2931 303.3258 303.2424 303.3502 302.861
1999 9 303.4158 303.4028 303.4022 303.4028 303.357 303.42 303.4088 303.4227 303.3971 303.3932 303.3954 303.439 NA 303.4603 NA 303.441 303.4233 303.4981 303.4342 303.4276 302.5225
1999 10 303.4129 303.4115 303.4144 303.4144 303.4187 303.4221 303.4247 303.4161 303.4296 303.4041 303.4527 303.3544 NA 303.4188 NA NA 303.4078 303.4185 303.4161 303.3913 302.2623
1999 11 303.3618 303.375 303.3617 303.3939 303.3944 303.3677 303.3772 303.3705 303.3699 303.353 303.3487 303.3465 NA 303.3159 NA 303.1945 303.3142 303.3146 303.3328 303.3356 302.6447
1999 12 303.2839 303.2758 303.3031 303.287 303.279 303.2956 303.2835 303.2909 303.2943 303.2818 303.2464 303.2034 NA 303.3038 303.2419 303.1095 303.1643 303.1278 303.1758 303.189 302.4875
2000 1 303.1964 303.1664 303.1943 303.1947 303.2313 303.1792 303.2086 303.1746 NA 303.2029 303.2006 303.2179 NA 303.1768 NA 302.9475 302.8687 302.6125 302.8034 302.9418 302.4855
2000 2 302.9991 302.9662 303.0467 302.9885 303.1082 302.9702 302.9787 302.9894 302.8449 303.1021 302.8649 302.7764 NA 302.8556 302.5936 302.4228 302.1808 301.9682 302.3512 302.5382 301.8701
2000 3 302.5324 302.5543 302.6286 NA 302.7247 302.5796 302.4803 302.629 302.7098 302.6853 302.5207 302.4128 NA 302.6299 302.4154 302.2717 302.2366 302.1738 302.1633 302.1123 301.3442
2000 4 302.215 302.2454 302.3152 302.314 302.391 302.2281 302.1633 302.1664 302.1932 302.3134 302.119 302.0995 NA 301.8652 302.1127 301.9548 301.62 301.5543 301.6197 301.8514 300.969
2000 5 301.8926 301.897 301.9289 301.9293 301.9585 301.8888 301.8804 301.8975 301.9209 NA 301.8424 301.845 NA 301.7442 301.8076 301.8455 301.7324 301.774 301.7191 301.683 301.2085
2000 6 301.8546 301.8511 301.8317 301.8319 301.8182 301.869 301.907 301.8528 301.8126 NA 301.898 301.9393 NA 301.8699 302.233 302.3881 301.8662 301.8309 301.9326 302.0657 301.8212
2000 7 302.0787 302.0817 302.0307 302.0326 302.0313 302.0872 302.1542 302.1044 302.0069 NA 302.1638 302.1867 NA 302.1073 302.1127 302.2179 302.1957 302.2161 302.19 302.2823 301.7419
2000 8 302.3168 302.2848 302.2662 302.2661 302.2156 302.3015 302.3796 302.326 302.242 NA 302.3836 302.3753 NA 302.3424 302.3292 302.5566 302.3879 302.3774 302.3808 302.3787 301.5716
2000 9 302.4168 302.4127 302.3751 302.3754 302.3617 302.4179 302.4244 302.4225 302.4159 NA 302.4465 302.413 NA 302.4138 302.385 302.5587 302.4216 302.4311 302.4253 302.3907 301.7624
2000 10 302.4389 302.4354 302.4301 302.4314 NA 302.4682 302.4545 302.4598 302.4554 NA 302.4266 302.4295 NA 302.4346 302.451 302.3349 302.4159 302.4012 302.4146 302.4362 301.6722
2000 11 302.4252 302.4485 302.4508 302.4494 302.4598 302.434 302.4378 302.4343 302.4373 NA 302.4279 302.406 NA 302.4177 302.4 302.3389 302.1985 302.3487 302.373 302.4196 301.6708
2000 12 302.3836 302.3828 302.394 302.3934 302.3968 302.3984 302.3772 302.3777 302.3925 NA 302.4064 302.3688 NA 302.3915 302.4004 301.9611 302.2922 302.3371 302.2876 302.3048 301.6501
2001 1 302.2498 302.2987 302.3048 302.3045 302.3526 302.2688 302.1044 302.2198 302.2627 NA 302.2654 302.3417 NA 302.1488 301.903 NA 301.7215 301.7883 301.7345 302.0277 301.2446
2001 2 302.0031 NA 302.081 302.0826 302.1252 301.9622 301.9244 301.9484 301.934 NA 301.9286 301.9064 NA 301.6954 301.8652 NA 301.4724 301.3305 301.2863 301.6219 300.9157
2001 3 301.6627 NA 301.6396 301.7641 301.8879 301.6678 301.7885 301.6639 301.5784 NA 301.5409 301.5019 NA 301.344 301.5257 301.3364 301.3525 301.2864 301.3441 301.2265 300.9057
2001 4 301.2994 NA 301.3743 301.3696 301.4783 301.3109 301.1744 301.2848 301.2805 NA 301.2436 NA NA 301.0534 301.2129 301.1666 301.2376 301.1987 301.1944 301.0519 300.833
2001 5 301.0783 NA 301.0726 301.124 301.1752 301.0902 301.0287 301.0701 301.0271 NA 301.1238 NA NA 300.9293 301.0413 301.0336 300.9731 300.9716 300.9906 300.9191 300.5811
2001 6 301.0497 NA 301.0578 301.0569 301.0314 301.0548 301.0357 301.0705 301.0812 NA 301.0997 NA NA 301.0938 301.1669 301.1678 301.132 301.0919 301.1316 301.1345 300.9387
2001 7 301.3096 301.3873 301.2308 301.2306 301.077 301.2524 301.2524 301.3161 301.2393 NA 301.3111 NA NA 301.6202 301.3429 301.6296 301.5321 301.5305 301.5303 301.5045 301.0334
2001 8 301.5706 301.5621 301.5294 301.5296 301.4474 301.5723 301.5292 301.5832 301.5881 NA 301.5242 NA NA 301.549 301.7614 301.772 301.5828 301.6528 301.6228 301.6999 301.4354
2001 9 301.7443 301.7088 301.7628 301.6952 301.6277 301.76 301.7295 301.7499 301.7716 NA 301.9775 NA NA 301.8371 301.7177 301.9502 301.81 301.8021 301.8099 301.7555 301.0595
2001 10 301.7615 301.7776 301.7829 301.7834 301.7778 301.7707 301.7684 301.7624 301.7506 NA 301.7326 301.748 NA 301.7706 301.7535 301.7063 301.7698 301.7226 301.7703 301.7359 300.7354
2001 11 301.7304 301.721 301.7297 301.7264 301.7134 301.7585 301.7474 301.7427 301.7466 NA 301.6941 301.7149 NA 301.748 NA 301.4996 301.5429 301.5414 301.4907 301.717 300.6494
2001 12 301.6729 301.671 301.6983 301.6846 NA 301.7011 301.6781 301.68 301.6958 NA 301.661 301.6092 NA 301.4897 NA 301.3384 301.5545 301.5603 301.552 301.5814 300.91
2002 1 301.5373 301.5534 301.5791 301.5793 NA 301.5884 301.4946 301.5246 301.4893 301.3837 301.564 301.6475 NA 301.5465 NA 301.2597 301.4205 NA 301.4202 301.2985 300.8566
2002 2 301.351 301.3588 301.4322 301.4155 NA 301.3504 301.3085 301.3299 301.3912 301.1254 301.2467 301.415 NA 301.2161 NA 301.1076 301.1315 301.0284 301.0894 300.9688 300.3293
2002 3 300.9907 301.0428 301.1166 301.1167 301.0253 301.0574 300.951 300.985 301.0919 301.1297 300.9257 300.9323 NA 301.0039 NA 300.7558 300.7473 300.8896 300.7294 300.7419 300.0648
2002 4 300.6601 300.6502 300.7024 300.7025 300.806 300.6907 300.6444 300.7269 300.6673 NA 300.6649 300.5812 NA 300.6016 300.5849 300.636 300.5928 300.5912 300.5942 300.4817 300.2221
2002 5 300.5291 300.525 300.5132 300.5126 300.4838 300.5399 300.5242 300.5249 NA NA 300.5348 300.5472 NA 300.5106 NA 300.6755 300.5271 300.5195 300.5617 300.5435 300.9005
2002 6 300.6996 300.7152 300.6918 300.6915 300.5748 300.7422 300.6853 300.7164 NA 300.7129 300.6397 300.7069 NA 300.6158 300.8586 300.9317 300.8236 300.7899 300.7956 300.8346 300.7353
2002 7 300.9924 300.9676 300.9276 300.9287 300.8766 300.9844 300.9751 301.0052 NA 301.038 301.257 301.1519 NA 301.1171 301.1103 301.2347 301.147 301.1528 301.0773 301.2265 300.807
2002 8 301.313 301.2363 301.2071 301.2062 301.0774 301.3422 301.3005 301.3054 NA 301.2116 301.3444 301.4732 NA 301.4399 301.341 301.606 301.3705 301.2101 301.3768 301.4909 301.0185
2002 9 301.5042 301.5042 301.4832 301.4832 301.434 301.5267 301.4723 301.496 NA 301.4974 301.5879 301.7488 NA 301.5975 301.5103 301.6662 301.5824 301.5749 301.573 301.6031 300.4136
2002 10 301.6169 301.6149 301.6227 301.6228 301.5858 301.6007 301.6218 301.6192 NA 301.6121 301.6312 301.6386 NA 301.6088 301.6155 301.6501 301.6455 301.5977 301.623 301.6153 300.9495
2002 11 301.6204 301.623 301.6172 301.6358 301.6243 301.6291 301.6153 301.6196 301.6163 301.6175 301.61 301.6188 NA 301.6263 301.6475 301.5018 301.5702 301.5353 301.5764 301.5755 300.9183
2002 12 301.6041 301.609 301.6154 301.612 301.6155 301.612 301.6027 301.6273 301.6238 301.6097 301.5899 301.5656 NA 301.5912 NA 301.3402 301.5609 301.5928 301.5636 301.5307 300.8107
2003 1 301.5094 301.5336 301.5548 301.555 301.5666 301.5486 301.473 301.4858 301.5198 301.5127 301.5525 301.5448 NA 301.4316 301.1549 301.3131 301.3234 301.2759 301.3528 301.3831 301.0715
2003 2 301.3488 301.3962 301.4292 301.411 NA 301.35 301.2339 301.3051 301.3981 301.3437 301.3443 301.3332 NA 301.3316 301.4254 301.0643 301.0637 301.2167 301.0003 301.0948 300.7864
2003 3 301.073 301.0821 301.1348 301.1352 301.1586 301.1028 301.0973 301.0554 301.069 301.0075 301.0108 301.0844 NA 301.1056 NA 300.8454 300.8131 300.858 300.806 300.8786 300.8292
2003 4 300.8599 300.9279 300.926 300.9263 300.9743 300.8981 300.9193 300.8783 300.8732 300.864 300.8034 300.7752 NA 300.832 NA 300.861 300.8116 300.7799 300.7972 300.751 300.5835
2003 5 300.7429 300.7436 300.7631 300.763 NA 300.7462 300.7552 300.7529 300.7651 300.7395 300.7103 300.699 NA 300.7503 NA 300.7957 300.6954 300.6353 300.6946 300.7363 300.868
2003 6 300.8209 300.8184 300.7748 300.7755 300.7373 300.8663 300.8677 300.8337 300.8427 300.8099 300.9369 300.8387 NA 300.854 NA 300.9243 300.8833 300.9663 300.9076 300.9373 301.03
2003 7 301.0871 301.0693 301.0211 301.021 300.9157 301.0873 301.0439 301.1044 301.0481 301.2125 301.1647 301.0602 NA 301.3409 301.1038 301.3127 301.2543 301.3118 301.2279 301.4216 301.0109
2003 8 301.3935 301.3592 301.3187 301.3184 301.2374 301.4272 301.3714 301.4156 301.348 301.405 301.4418 301.612 NA 301.5322 301.4846 301.548 301.4674 301.4671 301.469 301.4479 301.005
2003 9 301.4778 301.4774 301.4754 301.4756 301.4451 301.4817 301.521 301.4978 301.5071 301.4835 301.4655 301.474 NA 301.5091 301.4599 301.6078 301.504 301.5019 301.5066 301.4007 300.6526
2003 10 301.4324 301.4463 301.4679 301.468 301.497 301.4398 301.4254 301.434 301.4329 301.4547 301.4299 301.3906 NA 301.4329 301.4442 301.2674 301.3907 301.3914 301.3844 301.3806 300.5199
2003 11 301.3852 301.3821 301.3946 301.3947 301.4162 301.3952 301.3948 301.3896 NA 301.3941 301.3689 301.3247 NA 301.3827 301.4036 301.2372 301.1858 301.2668 301.3029 301.3168 300.6593
2003 12 301.3215 301.3222 301.3365 301.3439 301.3489 301.3346 301.3283 301.3188 301.3306 301.3114 301.3154 301.3755 NA 301.3394 301.3553 301.02 301.3029 301.3059 301.1578 301.2586 300.8355
2004 1 301.1941 301.2356 301.2553 301.2516 301.2763 301.2316 301.23 301.2315 301.1721 301.2435 301.2034 301.272 NA 301.1438 301.263 300.9067 301.1587 301.1445 301.1695 301.0726 300.5557
2004 2 301.0974 301.0748 301.1465 301.1467 NA 301.1478 301.1207 301.0292 301.0457 301.0781 300.9965 300.9877 NA 300.872 301.1066 300.8386 300.893 300.8984 300.8869 300.8997 300.4437
2004 3 300.8222 300.8183 300.8192 300.8191 300.8729 300.8151 300.8164 300.807 300.8102 300.9218 300.8254 300.7167 NA 300.8328 300.8381 300.5459 300.6145 300.7591 300.5638 300.6215 300.3374
2004 4 300.5397 300.5611 300.5918 300.5918 300.6895 300.5697 300.5439 300.5461 300.5212 300.5468 300.5168 300.4171 NA 300.4301 300.4874 300.3742 300.2015 299.9598 300.2527 300.3086 299.297
2004 5 300.3605 300.357 300.388 300.3883 300.4315 300.357 300.3854 300.3691 300.3785 300.3841 300.3065 300.3648 NA 300.3326 300.3598 300.3931 300.2919 300.2994 300.2969 300.2738 299.2921
2004 6 300.3523 300.3577 300.3395 300.3392 300.3114 300.3687 300.346 300.3505 300.3479 300.3135 300.4759 300.4932 NA 300.3521 300.4282 300.5685 300.3298 300.2898 300.3142 300.399 300.3099
2004 7 300.5074 300.4991 300.4447 300.4455 300.4041 300.5405 300.5672 300.5466 300.5274 300.621 300.7402 300.8349 NA 300.6696 300.6227 300.8623 300.6448 300.7696 300.6931 300.7341 300.1795
2004 8 300.7026 300.6797 300.6837 300.6732 300.6406 300.7142 300.7275 300.7189 300.7224 300.7196 300.7495 300.699 NA 300.7846 300.7033 300.7538 300.7778 300.7435 300.8078 300.837 299.9711
2004 9 300.7468 300.752 300.7223 300.761 NA 300.7649 300.7643 300.7508 300.7602 300.7534 300.7275 300.7372 NA 300.8079 300.7846 300.6635 300.7016 300.7321 300.6713 300.7099 299.6931
2004 10 300.6745 300.6893 300.7022 300.703 300.7362 300.6775 300.7026 300.6984 300.7092 300.6902 300.648 300.6558 NA 300.6951 300.6836 300.6955 300.6249 300.6564 300.5752 300.6179 299.5829
2004 11 300.6465 300.6538 300.6486 300.6554 300.6576 300.6381 300.6846 300.6447 300.6398 300.6513 300.6038 300.6282 NA 300.5073 300.6355 300.5029 300.5077 300.5641 300.5567 300.5488 300.0148
2004 12 300.5464 300.5587 300.5381 300.5722 300.5919 300.5721 300.5156 300.5393 300.5372 300.5349 300.5394 300.5308 NA 300.505 300.5518 300.4738 300.4141 300.495 300.4108 300.4745 300.0085
2005 1 300.4315 300.4412 300.4384 300.4335 300.4533 300.4533 300.453 300.4278 300.4202 300.4385 300.3952 300.4216 NA 300.4246 300.2594 NA 300.2437 300.2731 300.2586 300.243 299.6466
2005 2 300.2394 300.2622 300.2283 300.2472 300.3525 300.3193 300.2433 300.225 300.2833 300.2224 300.1718 300.1134 NA 300.0442 300.0525 NA 300.0509 300.1807 300.0388 300.0401 299.3633
2005 3 299.9669 300.0011 300.0123 299.9972 300.0744 299.9833 299.9253 299.9438 300.0373 300.031 299.967 299.9484 NA 300.0235 299.8309 299.7058 299.769 299.7611 299.8073 299.7212 299.5577
2005 4 299.7282 299.7322 299.7911 299.7906 299.848 299.7102 299.7095 299.7299 299.7649 299.7371 299.6596 299.7221 NA NA 299.5172 NA 299.5729 299.6737 299.561 299.5473 299.4461
2005 5 299.5719 299.5713 299.5866 299.5845 299.5983 299.5812 299.5754 299.5749 299.5692 299.5654 299.6541 299.8366 NA 299.6041 299.6337 NA 299.6241 299.5613 299.5706 299.5667 299.7705
2005 6 299.7156 299.7013 299.6998 299.6989 299.7112 299.704 299.6901 299.7257 299.7066 299.7592 299.8072 299.985 NA 299.7936 299.8744 NA 299.895 300.0212 299.8616 299.9036 299.9674
2005 7 300.0376 300.0545 300.0083 NA NA 300.0742 300.116 300.0566 300.048 300.1079 300.1503 300.0751 NA 300.269 300.2528 NA 300.1371 300.2294 300.2365 300.2495 300.0458
2005 8 300.3238 300.3371 300.3152 NA 300.1873 300.3152 300.4035 300.312 300.3363 300.3093 300.3208 300.2907 NA 300.4044 300.3807 300.5957 300.269 300.3252 300.2266 300.3952 299.8716
2005 9 300.393 300.4051 300.3988 300.3977 300.3859 300.3959 300.384 300.3954 300.397 300.3999 300.4257 300.4031 NA 300.4131 300.3796 NA 300.3557 300.3276 300.3895 300.3878 299.4865
2005 10 300.3178 300.3081 300.315 300.3147 300.3696 300.3274 300.3501 300.3536 300.3644 300.349 300.3331 300.3179 NA 300.3586 300.3286 NA 300.2502 300.3075 300.3137 300.2634 299.4108
2005 11 300.2804 300.2816 300.2832 300.2829 NA 300.2907 300.3028 300.2975 300.3044 300.3138 300.3086 300.2817 NA 300.3165 300.2819 NA 300.2823 300.2879 300.2877 300.3184 299.6474
2005 12 300.2529 300.2651 300.2728 300.2871 300.2875 300.2788 300.2481 300.2604 300.2528 300.255 300.2258 300.2309 NA 300.1609 300.2739 NA 300.1823 300.1979 300.2127 300.2031 299.7656
2006 1 300.1886 300.1954 300.1816 300.1998 300.2234 300.2091 300.2033 300.1708 300.1963 300.167 300.1646 300.1733 NA 300.2039 300.0704 299.6207 299.8497 299.8358 299.9228 299.9151 299.3492
2006 2 300.0139 300.0491 300.0629 300.0626 300.1175 300.0695 299.9883 300.0339 299.9954 300.0251 299.9537 299.9951 NA 299.9057 299.5494 NA 299.8468 299.8162 299.8523 299.6183 299.0746
2006 3 299.6961 299.7112 299.8247 299.8135 299.9122 299.6269 299.6907 299.6857 299.7087 299.7324 299.6168 299.5667 299.4511 NA 299.4664 299.3502 299.4519 299.364 299.4017 299.3494 299.1627
2006 4 299.33 299.3461 299.3965 NA 299.4748 299.344 299.3709 299.3411 299.354 299.3992 299.3338 299.1745 299.3765 299.2552 299.3302 299.0443 299.2485 299.2217 299.2519 298.9421 298.7053
2006 5 299.0783 299.1101 299.1298 299.1312 299.1886 299.0549 299.0309 299.0371 299.1146 299.0394 299.0242 299.0735 298.9786 298.8103 298.985 298.9101 298.8342 299.0784 298.5665 298.8167 299.0913
2006 6 298.9306 298.94 298.9388 298.9406 298.9647 298.9137 298.954 298.95 NA 298.9663 298.9925 299.0655 299.1719 298.8464 299.0534 299.0018 298.7455 298.7494 298.7464 299.0112 298.7182
2006 7 299.0488 299.0328 299.0024 299.0026 298.9609 299.0833 299.0345 299.0815 299.1626 299.1568 299.0626 299.0381 NA 299.0635 299.1659 299.1956 299.1518 299.2006 299.0624 299.208 298.6736
2006 8 299.252 299.2332 299.2055 299.2114 NA 299.2597 299.2334 299.249 299.2433 299.2607 299.365 299.4531 299.3754 299.3636 299.2118 299.3373 299.2867 299.2658 299.206 299.2706 298.6197
2006 9 299.296 299.2901 299.2691 299.2706 NA 299.3017 299.2825 299.3129 299.3118 299.296 299.3535 299.3469 299.259 299.339 299.3471 299.2452 299.2933 299.3142 299.3101 299.2435 298.4343
2006 10 299.2499 299.2489 299.2677 299.2665 299.2905 299.2586 299.2758 299.2707 299.2594 299.2464 299.3092 299.5284 299.2931 299.2565 299.2904 299.1627 299.2537 299.261 299.2607 299.2287 298.3834
2006 11 299.2103 299.2335 299.2401 299.2493 299.2707 299.2453 299.1905 299.2061 299.2474 299.1984 299.2019 299.2124 299.2294 299.2092 299.1894 299 299.104 299.1552 299.077 299.1478 298.2895
2006 12 299.1512 299.1551 299.1482 NA 299.1489 299.1698 299.1095 299.1266 299.1247 299.1385 299.1391 299.1397 299.1873 299.1445 299.0425 298.9789 299.0188 298.9899 299.0515 298.9549 298.4253
2007 1 298.9602 298.9854 299.0331 299.0432 299.0798 298.9683 298.9657 298.9566 298.8968 298.9696 298.9541 299.0476 299.0336 298.8601 298.9083 298.5248 298.6642 298.7682 298.6412 298.6603 298.1207
2007 2 298.7349 298.746 298.7661 298.7664 298.8391 298.7847 298.6003 298.6854 298.5802 298.6542 298.6302 298.5596 298.6173 298.4837 298.5483 298.2074 298.3899 298.3915 298.3965 298.4361 298.1331
2007 3 298.3438 298.4026 298.3719 298.4449 298.5205 298.338 298.4087 298.3593 298.3773 298.4423 298.266 298.0731 298.1598 298.2321 298.2555 297.9743 297.9273 297.4845 297.9561 297.9773 298.1626
2007 4 298.0504 298.077 298.1009 298.0741 298.1311 298.0859 298.0582 298.0176 298.0284 298.0466 298.0374 297.9867 298.0759 298.0175 297.9001 298.0221 NA NA NA 297.8521 298.0635
2007 5 297.8812 297.8919 297.9119 297.9119 297.9433 297.8933 297.869 297.8831 297.8831 297.9037 297.9554 297.9288 298.0477 297.9298 297.9008 298.3953 297.9388 297.9932 297.9082 297.8356 298.422
2007 6 297.9658 297.9483 297.92 297.9197 297.8846 298.0804 298.0453 297.9926 298.0088 297.8984 297.9938 297.9739 298.0256 298.014 298.068 298.1713 298.0276 297.9567 297.9975 298.0761 298.0742
2007 7 298.1751 298.1509 298.1207 298.121 298.0766 298.1881 298.2115 298.2408 298.23 298.3 298.126 298.0782 NA 298.3211 298.5458 298.3032 298.1878 298.1588 298.1775 298.4947 297.8828
2007 8 298.3902 298.3661 298.3671 298.3697 298.3601 298.4005 298.4219 298.4174 298.4479 298.4523 298.4199 298.4393 NA 298.4533 298.4206 298.4784 298.3458 298.3577 298.3614 298.5183 297.9693
2007 9 298.4697 298.4703 298.4744 298.4748 NA 298.478 298.5273 298.5072 298.5276 NA 298.5374 298.4422 298.4696 298.267 298.4914 298.3874 298.4535 298.4233 298.4763 298.5582 297.6816
2007 10 298.4293 298.4432 298.4494 298.4503 298.4626 298.4235 298.4529 298.4432 NA 298.3726 298.4545 298.4516 298.3937 298.4438 298.3918 298.3549 298.3586 298.4226 298.358 298.4264 297.6208
2007 11 298.3717 298.3739 298.3755 298.3756 NA 298.3865 298.3649 298.3713 NA 298.3846 298.3659 298.3483 298.3461 298.3782 298.3998 298.2508 298.3166 298.3172 298.3127 298.3718 297.816
2007 12 298.3008 298.3056 298.3172 298.318 298.3663 298.3226 298.3214 298.3062 NA 298.2621 298.2883 298.3046 298.3238 298.2758 298.2575 297.8943 298.2633 298.2618 298.2595 298.1953 297.4234
2008 1 298.1612 298.1898 298.1869 298.187 298.1896 298.1783 298.1565 298.1614 NA 298.2065 298.1233 298.162 298.2063 298.0942 298.0603 297.6682 297.9174 297.9213 297.725 297.6065 297.0985
2008 2 297.9126 297.9548 298.0276 298.0256 NA 297.8866 297.8875 297.9287 NA 297.837 297.7281 297.3868 297.843 297.6719 297.8153 297.4166 297.4471 297.6163 297.4576 297.5029 296.889
2008 3 297.4985 297.5569 297.6337 297.6346 NA 297.5375 297.4149 297.4965 297.6785 297.6363 297.3135 297.4888 297.2914 NA 297.1294 296.9694 296.8642 297.1565 296.7374 297.086 296.6569
2008 4 297.0726 297.1685 297.1533 297.1524 NA 297.1251 297.0728 297.0578 297.1642 297.1135 297.0603 297.0299 297.0604 NA 297.1487 297.0419 296.8785 296.8326 296.8745 296.7652 296.6953
2008 5 296.811 296.8491 296.8308 296.8312 296.882 296.8212 296.7651 296.8195 296.8001 NA 296.7746 296.7882 296.7758 NA 296.7451 296.8723 296.5919 296.5587 296.5491 296.6513 297.318
2008 6 296.7704 296.7527 296.7743 296.773 NA 296.7627 296.7782 296.7667 296.7548 296.7759 296.9207 297.1657 296.8123 NA 296.8777 296.9239 296.7875 296.9326 296.86 296.862 297.3904
2008 7 296.992 296.9549 296.9271 296.8535 297.1722 297.031 297.0041 297.019 NA 297.0237 296.8581 297.07 296.882 297.0782 297.1399 297.0735 296.9956 296.9981 297.0163 297.1036 296.9418
2008 8 297.1802 297.171 297.1422 297.1345 297.2364 297.1916 297.1701 297.187 297.1759 297.1749 297.205 297.2519 297.2363 297.2128 297.1876 297.3248 297.206 297.1842 297.2581 297.2789 296.7465
2008 9 297.2433 297.2422 297.2415 297.2416 NA 297.2441 297.2449 297.2531 297.2448 297.2505 297.2814 297.2774 297.3583 297.2456 297.1991 297.3482 297.2783 297.2262 297.2595 297.1891 296.6013
2008 10 297.1857 297.1976 297.2042 297.2042 297.19 297.2024 297.2172 297.1968 297.1958 297.1997 297.1687 297.1042 297.1682 297.1065 297.1749 NA 297.0963 297.1316 297.1041 297.0834 296.1801
2008 11 297.0574 297.0735 297.1064 297.1063 NA 297.0583 297.0845 297.0863 297.0621 297.0812 297.0344 297.0086 NA 296.8135 297.0792 NA 296.9835 296.9193 296.984 296.9963 296.3077
2008 12 296.9654 296.98 296.991 296.9906 NA 296.976 296.9939 296.9623 296.9725 296.9879 296.9647 296.9338 NA 296.9499 296.9569 296.7264 296.8297 296.8949 296.816 NA 296.3524
2009 1 296.8408 296.8529 296.8576 296.8645 296.8773 296.8615 296.8921 296.8367 296.8048 296.8975 296.816 296.8411 296.9169 296.5947 296.801 296.5419 296.3327 296.7363 296.3576 NA 296.3234
2009 2 296.6484 296.6593 296.7072 296.6989 NA 296.7108 296.5313 296.5932 296.554 296.6915 296.5416 296.5576 296.6129 296.4545 296.5269 296.5541 296.1192 NA 296.1744 296.2947 295.6751
2009 3 296.2531 296.29 296.3289 296.3292 NA 296.2297 296.2747 296.2586 296.262 296.2935 296.2075 296.1611 296.123 295.9944 296.2216 295.8933 295.7918 296.0508 295.7737 296.0653 295.4234
2009 4 295.9231 295.9647 296.0093 296.013 NA 295.8564 295.9184 295.9292 295.8717 296.0306 295.8583 295.7789 295.9104 295.8738 295.7712 295.8479 295.4595 295.8559 295.5455 295.4755 295.2085
2009 5 295.6161 295.6251 295.6522 295.6536 295.6754 295.6299 295.585 295.6257 295.6296 295.7322 295.5934 295.6317 NA 295.5856 295.5819 295.4771 295.5064 295.5969 295.5097 295.5142 296.1197
2009 6 295.573 295.564 295.5575 295.5579 295.541 295.5634 295.5596 295.5932 295.5726 295.5987 295.6273 295.5943 295.7871 295.5539 295.6983 295.6021 295.2148 295.3668 295.2508 295.589 295.6438
2009 7 295.7765 295.7496 295.6864 295.6868 295.6071 295.7535 295.7459 295.8061 295.8048 295.7711 295.81 295.8242 NA 295.8116 296.0432 295.8396 295.8061 295.7944 295.8216 295.9053 295.5867
2009 8 295.9823 295.9338 295.9171 295.917 295.8618 295.9593 295.9478 296.0011 296.0727 295.9771 296.0263 296.0892 NA 295.9347 296.2729 296.0981 296.0651 296.1495 296.1223 296.1129 295.5153
2009 9 296.143 296.1337 296.1204 296.1206 296.1161 296.1417 296.1559 296.1564 296.1428 296.1196 296.1252 296.1212 NA 296.1628 NA 295.6835 296.0902 296.1566 296.0691 296.1228 295.6887
2009 10 296.1094 296.1192 296.1323 296.1326 NA 296.114 296.1442 296.1278 296.1163 296.1027 296.109 296.1118 296.0512 296.0716 296.1036 295.9204 296.0533 296.0001 296.0541 296.0639 295.4421
2009 11 296.0405 296.0588 296.0583 296.058 NA 296.0591 296.0641 296.0468 296.0434 296.0391 296.0381 296.0296 NA 296.0314 295.8992 295.8293 295.9246 296.0296 295.9752 296.013 295.3876
2009 12 295.9835 295.9926 295.9836 295.9837 295.9969 295.9803 295.98 295.9808 295.9608 295.989 295.9621 295.9357 295.8992 295.9832 295.9961 295.7418 295.8374 295.7652 295.8079 295.8563 295.2701
2010 1 295.815 295.8531 295.8582 295.8577 295.9418 295.7975 295.8826 295.8088 295.8924 295.8372 295.8164 295.9145 295.9258 295.7433 295.66 NA 295.6174 295.551 295.6063 295.5964 295.1141
2010 2 295.5558 295.5817 295.6254 295.6344 295.7 295.6349 295.5452 295.536 295.4415 295.5669 295.5396 295.5269 295.6422 295.4231 295.4604 295.1568 295.0594 295.1749 295.0937 295.2096 294.9607
2010 3 295.1789 295.2242 295.2837 295.2835 295.3809 295.1982 295.1927 295.2138 295.1579 295.2533 295.1273 295.0187 295.0904 294.9723 295.2345 294.9643 295.0302 295.0903 295.0695 295.0532 294.8586
2010 4 294.9019 294.9297 294.9808 294.9818 295.0434 294.8454 294.9075 294.9093 294.889 294.9247 294.8908 294.8218 294.8539 294.8612 294.8368 294.9226 294.5718 NA 294.7976 294.7476 294.5883
2010 5 294.7394 294.7399 294.7562 294.7562 294.7772 294.7561 294.7482 294.7441 294.7639 294.7695 294.8038 294.7593 294.8066 294.7162 294.7359 294.9193 294.7812 294.7012 294.777 294.6964 294.9134
2010 6 294.7694 294.7828 294.8117 294.8199 294.7124 294.7568 294.7687 294.7591 NA 294.7365 294.7703 294.7405 294.7935 294.7416 294.8935 295.0117 294.6728 294.7423 294.6502 294.8367 294.8687
2010 7 294.9565 294.9113 294.8922 294.8922 294.8283 294.9676 294.9447 294.9632 NA 294.998 294.9753 294.9515 NA 294.9302 295.185 295.2086 295.1647 295.128 295.1663 295.2651 295.1159
2010 8 295.2372 295.226 295.1733 295.1728 295.1277 295.2524 295.2268 295.2353 NA 295.1902 295.243 295.4666 NA 295.2953 295.2497 295.3387 295.2901 295.2577 295.2786 295.3211 294.7892
2010 9 295.2803 295.2825 295.2911 295.2912 295.3088 295.274 295.2781 295.2724 NA 295.2873 295.2075 295.3014 295.2722 295.2666 295.2935 295.2787 NA 295.2562 295.2976 295.2206 294.4471
2010 10 295.2017 295.2154 295.2476 295.2463 295.2582 295.207 295.1868 295.2185 NA 295.2163 295.2202 295.2456 295.2421 295.2087 295.2035 295.1105 295.1156 NA 295.1102 295.1406 294.5666
2010 11 295.1215 295.128 295.1303 295.1313 NA 295.1428 295.1518 295.1345 NA 295.1498 295.0848 295.1341 295.1146 295.0989 295.119 294.9619 295.1499 295.1052 295.1269 295.0912 294.5956
2010 12 295.0762 295.084 295.1014 295.0934 295.1013 295.0942 295.0984 295.0836 NA 295.1021 295.0746 295.0743 NA 295.0437 295.0643 294.8873 295.0652 295.0242 295.0826 294.9984 294.3645
2011 1 294.9521 294.9784 295.0123 295.0126 295.0461 294.976 294.9823 294.9482 NA 294.9637 294.9946 294.9847 295.1327 294.9505 294.948 294.7854 294.7505 NA 294.7846 294.8364 293.844
2011 2 294.7132 294.7207 294.7673 294.7671 294.8043 294.7226 294.6495 294.6793 NA 294.86 294.7672 294.5682 294.7339 294.4704 294.6496 NA 294.313 294.0699 294.3217 294.2346 292.9357
2011 3 294.3381 294.3646 294.4273 294.4276 294.5449 294.3449 294.3172 294.3145 NA 294.5309 294.1622 294.118 294.1335 294.1981 294.2296 293.9922 294.1809 294.155 294.3353 293.8289 293.3456
2011 4 293.8505 293.8889 293.8956 293.8967 294.1452 293.8451 293.8528 293.8489 NA 293.9122 293.8911 293.9704 293.8793 NA 293.5167 293.5227 293.159 293.3782 NA 293.5159 293.558
2011 5 293.4709 293.483 293.4856 293.4854 293.568 293.5178 293.5108 293.484 NA 293.4961 293.5431 293.4727 293.5321 NA 293.4023 NA 293.3973 293.4583 293.3588 293.378 293.7578
2011 6 293.4423 293.4214 293.4333 293.4334 NA 293.4566 293.4572 293.4487 NA 293.4201 293.4998 293.4546 293.4045 NA 293.4383 293.6457 293.426 293.46 293.4184 293.4807 293.6502
2011 7 293.6481 293.619 293.5773 293.5776 NA 293.6735 293.6926 293.6729 NA 293.5891 293.6993 293.7237 NA NA 293.7266 293.8711 293.6601 293.7415 293.6732 293.858 293.4855
2011 8 293.8996 293.8666 293.8366 293.8362 293.7687 293.9257 293.9543 293.9192 293.9498 293.9754 293.9989 293.8777 293.9324 294.0099 294.0337 294.0732 294.0563 294.1491 294.0609 294.0326 293.3506
2011 9 294.0315 294.0214 294.0131 294.0129 293.9622 294.0809 294.0359 294.0354 294.0264 294.025 294.1148 294.1302 294.0847 294.0212 294.0062 294.1316 294.0613 294.0407 294.0555 294.0013 293.3716
2011 10 294.0003 293.9918 294.017 294.0172 294.0208 294.0057 294.0184 294.0048 294.0026 294.0094 293.986 294.0464 294.0997 294.0028 293.9852 293.7457 293.8817 293.7625 293.8592 293.9465 293.174
2011 11 293.907 293.9188 293.9228 293.9335 293.9457 293.9392 293.9167 293.9157 293.9083 293.9335 293.9458 293.871 293.9015 293.8718 293.9053 293.6451 293.8546 293.8156 293.8455 293.8642 293.3023
2011 12 293.802 293.8176 293.8605 293.8673 NA 293.8668 293.8231 293.8194 293.7524 293.8384 293.8113 293.8274 293.8029 293.7436 293.7763 293.4604 293.7144 293.7956 293.7118 293.757 293.2779
2012 1 293.6784 293.7112 293.7361 293.7363 NA 293.7151 293.6513 293.6564 293.6492 293.6987 293.6816 293.5206 NA 293.5228 293.6146 293.3942 293.4112 293.6782 293.5875 293.418 293.1363
2012 2 293.3878 293.4043 293.4432 293.4667 293.5049 293.4209 293.3146 293.3525 293.3974 293.4037 293.3165 293.4217 293.4153 293.0663 293.3015 292.7937 292.8881 293.0631 293.0422 292.9971 292.5698
2012 3 292.9048 292.9349 293.049 293.0481 293.1833 292.9607 293.0352 292.9466 293.0688 292.9669 292.8214 292.9204 292.7072 292.7079 292.7783 292.5994 292.7929 292.761 292.8379 292.6853 292.1153
2012 4 292.5629 292.6461 292.6406 292.6408 292.7249 292.5381 292.6146 292.5525 292.5354 292.4779 292.5128 292.5699 292.4321 292.2662 292.3845 292.4141 292.3073 292.35 292.3097 292.3301 292.3636
2012 5 292.3394 292.3469 292.3675 292.3678 NA 292.3467 292.343 292.3328 292.2949 292.3365 292.3615 292.3601 292.3562 292.2456 292.3183 292.4651 292.3063 292.2802 292.3034 292.2348 292.5527
2012 6 292.3659 292.3497 292.3399 292.3398 292.3162 292.3671 292.3293 292.374 292.3878 292.3412 292.3398 292.331 292.3517 292.398 292.4283 292.5043 292.4146 292.3808 292.3691 292.4471 292.6134
2012 7 292.5889 292.5398 292.4984 292.4984 NA 292.5896 292.6062 292.6085 292.5942 292.4588 292.768 292.7554 NA 292.6674 292.7267 292.9544 292.644 292.7567 292.6554 292.7769 292.6078
2012 8 292.8717 292.8521 292.8086 292.8087 292.7384 292.9461 292.8584 292.8919 292.8471 292.8265 292.8839 292.8671 NA 293.0377 292.9859 293.1304 292.9408 292.9749 292.9122 292.9826 292.5617
2012 9 292.9583 292.9575 292.959 292.959 NA 292.9647 292.9685 292.9573 292.9621 292.9784 292.9164 292.8871 292.8752 292.9017 292.8956 NA 292.9454 292.963 292.9373 292.9233 292.2732
2012 10 292.9092 292.9105 292.9176 292.9175 NA 292.9236 292.9249 292.9173 292.9099 292.8972 292.9051 292.9389 293.0226 292.8854 292.8527 NA 292.9114 292.9632 292.9137 292.8854 292.1744
2012 11 292.9322 292.9446 292.9577 292.9592 293.0258 292.9493 292.9688 292.9356 292.9321 292.9071 292.8748 292.9072 292.8808 292.9098 NA NA 292.8758 292.8801 292.8712 292.8972 292.1743
2012 12 292.8559 292.8606 292.8615 292.8617 292.9026 292.8671 292.8612 292.8633 292.8771 292.8638 292.8797 292.9093 292.8919 292.7838 292.8691 NA 292.8018 292.8653 292.8035 292.7938 291.9032
2013 1 292.7177 292.7213 292.7224 292.7223 NA 292.7796 292.7781 292.7198 292.7354 NA 292.6627 292.6987 292.7722 292.4254 292.7447 NA 292.5528 292.583 292.5495 292.5139 292.1398
2013 2 292.537 292.5604 292.6017 292.6053 NA 292.5628 292.5008 292.5257 292.5689 292.4241 292.5507 292.5682 292.3 292.3779 292.575 291.7802 291.5508 292.1815 291.622 292.3094 292.1244
2013 3 292.2161 292.2677 292.3283 292.3334 292.4165 292.2509 292.2378 292.2184 292.2999 292.2507 292.1495 292.147 292.2999 292.0875 292.1784 291.7852 292.0234 291.8971 292.0147 291.9821 292.0218
2013 4 291.963 291.9878 292.024 292.0241 292.0938 291.9702 291.8883 291.975 292.0079 292.0435 291.9231 291.914 291.9639 292.0239 291.9534 291.9379 291.8066 292.0583 291.8346 291.8557 292.2932
2013 5 291.8598 291.8636 291.8677 291.8678 291.8837 291.8711 291.8525 291.8656 291.8613 291.8752 291.8886 291.8381 291.8985 291.8476 291.8557 291.9418 291.8918 291.871 291.8844 291.8418 292.1435
2013 6 292.0045 291.9309 291.917 291.9174 291.8566 292.0009 291.9749 291.9606 291.9361 291.9076 291.9483 291.881 292.3848 291.864 292.0232 292.2858 291.9582 291.9718 291.9358 292.0928 292.0041
2013 7 292.2193 292.1989 292.1901 292.1905 292.2114 292.2253 292.2209 292.2058 292.1966 292.1724 292.1991 292.1946 292.746 292.0648 292.4768 292.2807 292.2067 292.6986 292.2871 292.4752 292.2329
2013 8 292.4813 292.4533 292.4422 292.5238 292.3605 292.477 292.4691 292.4653 292.5191 292.4738 292.4533 292.4388 NA 292.5057 292.4731 NA 292.5354 292.421 292.5612 292.5286 292.056
2013 9 292.5518 292.5578 292.5561 292.5561 292.5369 292.5528 292.5518 292.5424 292.5469 292.5469 292.5073 292.5147 292.4574 292.4844 292.5387 NA 292.3091 292.5609 292.4745 292.5181 292.0186
2013 10 292.4796 292.5022 292.5143 292.5143 292.518 292.5096 292.4997 292.4943 292.4721 292.5192 292.5702 292.5162 292.5075 292.5163 292.4642 NA 292.4166 292.5277 292.4206 292.4254 291.6853
2013 11 292.4241 292.4219 292.4253 292.4234 292.4237 292.418 292.4123 292.4162 292.4221 292.456 292.3946 292.4261 292.3583 292.378 292.4477 292.2199 292.3095 292.2769 292.3126 292.3549 291.7434
2013 12 292.3045 292.3171 292.3284 292.3285 292.3583 292.3304 292.3534 292.3216 292.355 292.308 292.319 292.3425 292.3632 292.2062 292.2143 NA 292.2545 292.1882 292.2657 292.1779 291.3408
2014 1 292.1348 292.1532 292.1851 292.1853 292.2483 292.1829 292.1423 292.0747 292.1776 292.1148 292.0835 292.1338 292.3128 291.7522 291.8992 NA 291.9566 291.9767 291.9286 291.8022 290.7938
2014 2 291.8122 291.936 291.9453 291.9458 292.0987 291.8348 291.8173 291.8064 291.9506 291.7462 291.7579 291.8323 291.7665 291.5683 291.5989 NA 291.1945 291.2534 291.2419 291.4317 290.5737
2014 3 291.3114 291.3876 291.4581 291.4583 291.6047 291.3757 291.2577 291.3195 291.6209 291.3733 291.3056 291.3684 291.2419 290.7029 291.1393 291.307 290.8794 291.0385 291.0798 290.7774 290.6173
2014 4 290.8946 290.9592 290.9545 290.9546 291.0334 290.8379 290.9388 290.9396 290.9987 290.9464 290.8443 290.8178 290.9189 290.6571 290.7573 290.7064 289.9231 290.7503 290.0393 290.6445 290.4142
2014 5 290.6113 290.6322 290.6422 290.6426 290.6839 290.6399 290.6236 290.6383 290.7074 290.5768 290.6463 290.7065 291.0066 290.2226 290.6489 290.5922 290.3312 290.5284 290.3728 290.4951 290.4247
2014 6 290.5535 290.5493 290.5379 290.5528 290.5232 290.5549 290.5351 290.5604 290.5204 290.5491 290.592 290.6505 290.6328 290.5329 290.7204 290.6584 290.6155 290.5926 290.6031 290.6425 290.8478
2014 7 290.762 290.7134 290.6661 290.6657 290.6091 290.7952 290.8025 290.8151 290.8272 290.8189 290.8431 290.8281 NA 290.8545 290.9332 291.1153 290.9398 NA NA 290.9946 290.7446
2014 8 291.0465 291.0286 290.9554 290.9553 290.8933 291.1113 291.095 291.0366 290.9927 291.0596 291.0983 291.2773 291.0676 291.2886 291.0822 291.0923 291.1092 290.9626 291.0661 291.1495 290.7125
2014 9 291.1441 291.1314 291.1273 291.1273 291.1043 291.153 291.1904 291.157 291.1311 291.1374 291.2397 291.1324 291.1701 291.1342 291.1569 291.1534 291.1374 291.0894 291.1261 291.1588 290.3063
2014 10 291.0916 291.0939 291.0958 291.0956 291.0849 291.1008 291.1039 291.1029 291.0924 291.0949 291.1079 291.1476 291.0958 291.126 291.0528 290.8912 291.0505 290.9972 291.0735 291.057 290.0624
2014 11 291.0335 291.0384 291.028 291.0281 291.0419 291.0495 291.038 291.0255 291.021 291.0282 291.0154 291.0113 290.944 290.9676 290.9645 290.9584 290.9665 290.93 290.9693 290.9388 290.2736
2014 12 290.9385 290.9557 290.9462 290.9735 291.0006 290.9591 290.9263 290.9256 290.9513 290.9254 290.9381 290.8838 290.8787 290.8754 NA NA 290.7477 290.7126 290.735 290.7272 290.1802
2015 1 290.7591 290.7701 290.8117 290.7997 290.8352 290.7796 290.7268 290.7201 290.7218 290.7772 290.7651 290.7147 290.8898 290.6587 290.8374 290.1483 290.5667 290.6223 290.5733 290.4588 289.8568
2015 2 290.5159 290.5448 290.5928 290.585 290.6448 290.4995 290.5111 290.4917 290.5243 290.4962 290.3968 290.3667 290.393 290.413 290.3737 289.8048 289.6968 290.3096 289.7222 290.1664 290.0059
2015 3 290.1199 290.1917 290.2757 290.2423 NA 290.1485 290.1634 290.1241 290.223 290.1215 290.0928 290.0929 289.9464 290.1934 289.8001 NA 290.0089 289.9914 290.0086 289.7766 289.5388
2015 4 289.8396 289.8512 289.8874 289.8873 289.9641 289.8304 289.8844 289.8504 289.8987 289.8679 289.8249 289.854 289.9207 289.8846 289.7624 NA 289.5598 289.7028 289.5694 289.5471 289.7149
2015 5 289.6438 289.6541 289.6752 289.7203 289.7201 289.6465 289.6428 289.6497 289.6694 289.644 289.7759 289.6767 289.6679 289.547 289.679 289.7491 289.6273 289.5747 289.6219 289.5092 289.6606
2015 6 289.6436 289.6302 289.6172 289.6371 289.5997 289.6493 289.639 289.6344 289.6556 289.6147 289.6892 289.6578 289.716 289.6395 289.7143 289.7739 289.5595 289.5622 289.5586 289.7813 290.1603
2015 7 289.8544 289.8203 289.776 289.8585 NA 289.8882 289.9662 289.886 289.8597 289.7089 289.872 289.8076 NA 289.8635 290.0715 289.9805 289.9191 289.9799 289.8714 290.0628 289.8681
2015 8 290.0564 290.0355 290.0016 290.0015 289.9531 290.0466 290.0185 290.053 290.0179 290.0747 290.266 290.0991 NA 290.0855 290.2371 NA 290.1319 290.1762 290.1063 290.1596 289.5608
2015 9 290.1462 290.1454 290.1404 290.1408 290.131 290.1393 290.1663 290.1458 290.1359 290.1426 290.1415 290.1468 NA 290.1543 290.176 290.0237 290.1491 290.0982 290.1436 290.1437 289.4088
2015 10 290.1254 290.1194 290.1205 290.1205 290.1172 290.1228 290.1061 290.1123 290.1132 290.1019 290.1413 290.0832 290.25 290.1032 290.1473 NA 290.1222 290.1216 290.1223 290.1446 289.2084
2015 11 290.1258 290.1294 290.1209 290.121 290.1126 290.1507 290.1462 290.1435 290.1236 290.1367 290.1347 290.1381 290.103 290.1158 290.206 290.0259 290.0482 290.0594 290.0462 290.139 289.6347
2015 12 290.1507 290.1341 290.1322 290.1365 290.1247 290.156 290.1548 290.1661 290.1439 290.1479 290.2021 290.143 290.2522 290.1744 290.1951 290.0181 290.179 290.1067 290.1743 290.1753 289.6091
2016 1 290.1332 290.1276 290.132 290.1319 NA 290.1666 290.1493 290.1584 290.1631 290.1347 290.1327 290.144 290.1217 289.8894 290.1646 NA 289.9295 290.1061 289.9313 290.0196 289.4785
2016 2 290.0263 290.0188 289.9896 289.9896 NA 290.0303 290.0292 290.0217 290.0671 290.1045 289.9893 289.982 289.9955 289.789 290.0412 289.6263 289.9086 289.8729 289.9107 289.852 289.7781
2016 3 289.8305 289.8539 289.8785 289.8782 289.9469 289.8008 289.8529 289.8271 289.7819 289.7905 289.7839 289.759 289.7247 289.726 289.7671 NA 289.4962 NA 289.4345 289.6408 289.6461
2016 4 289.676 289.6867 289.6951 289.695 NA 289.685 289.6762 289.6727 289.6524 289.6728 289.6819 289.6537 289.6445 289.5197 289.6485 NA 289.6395 289.6411 289.6401 289.57 289.637
2016 5 289.6438 289.6416 289.6527 289.635 289.6397 289.6561 289.6262 289.6387 289.6241 289.6272 289.6355 289.6582 289.6352 289.6196 289.6357 289.804 289.7235 289.6713 289.7112 289.6312 289.787
2016 6 289.7496 289.7208 289.7234 NA 289.6913 289.7506 289.7698 289.7721 289.7228 289.7271 289.7912 289.7753 290.3994 289.926 289.854 290.161 289.8877 289.7815 289.8884 289.9419 290.0423
2016 7 290.0333 289.9928 289.9513 289.9511 289.8599 290.0461 290.1211 290.0698 290.1143 290.0259 289.9568 289.9013 NA 290.0487 290.4508 290.241 290.1008 290.0817 290.1117 290.2336 290.1255
2016 8 290.2488 290.2223 290.1925 290.1925 290.153 290.2534 290.2761 290.2566 290.2186 290.2838 290.3152 290.3072 290.2037 290.2513 290.2538 290.332 290.2045 290.2069 290.205 290.3337 289.3962
2016 9 290.2483 290.2643 290.2852 290.2852 290.2927 290.242 290.2463 290.2494 290.2657 290.2451 290.1724 290.0755 NA 290.2499 290.2173 290.0582 290.051 290.0882 290.0568 290.1816 289.4792
2016 10 290.1062 290.1211 290.1364 290.1365 290.216 290.099 290.1564 290.1112 290.1867 NA 290.053 290.0962 290.0367 289.9456 290.0952 289.8008 289.9983 290.014 290.0011 290.024 289.3071
2016 11 289.98 289.9859 289.9956 289.9954 289.9926 289.9599 289.9931 289.9745 289.9735 289.9479 289.9652 289.8938 289.9505 289.9501 289.9473 289.7836 289.8634 289.8734 289.8779 289.9021 289.295
2016 12 289.8817 289.8971 289.9122 289.9118 NA 289.8813 289.875 289.8783 289.8705 289.9021 289.8751 289.8674 289.9346 289.8128 289.7819 289.5625 289.8265 289.8227 289.8249 289.7526 289.1776
2017 1 289.7486 289.7618 289.7617 289.7711 289.8216 289.7385 289.7228 289.7225 289.7127 289.7839 289.8004 289.7062 NA 289.6154 289.6966 289.2863 289.587 289.5525 289.5885 289.481 289.0426
2017 2 289.5001 289.5369 289.6396 289.5435 289.6858 NA 289.4711 289.4962 289.4885 289.4943 289.4891 289.4003 289.405 289.5911 288.8409 288.6076 288.9448 289.0125 288.9932 289.1257 288.475
2017 3 289.102 289.1395 289.1706 289.1976 NA NA 289.0963 289.0776 289.1322 289.0093 289.1445 289.1958 288.808 NA 288.9749 288.6607 288.8303 288.8743 288.8732 288.7121 288.2753
2017 4 288.7184 288.7719 288.8345 288.8349 NA NA 288.6871 288.7374 288.7574 288.6782 288.5963 288.7046 288.707 NA 288.5111 288.7365 288.4362 288.6001 288.6029 288.3259 288.1563
2017 5 288.4173 288.4399 288.4578 288.4575 288.5635 NA 288.3879 288.4201 288.4407 288.3678 288.3853 288.4408 288.3763 288.3692 288.429 288.5176 288.4112 288.334 288.4186 288.31 288.2773
2017 6 288.3835 288.3734 288.3722 288.3658 288.3462 NA 288.3661 288.3954 288.4133 288.3735 288.4421 288.6679 NA 288.3825 288.5293 288.6219 288.4772 288.471 288.453 288.5003 288.5307
2017 7 288.6507 288.568 288.5476 288.4686 288.4689 NA 288.6599 288.6846 288.6365 288.6141 288.5628 288.8032 288.7447 288.7068 288.765 288.9384 288.7512 288.7345 288.7094 288.8629 288.5081
2017 8 288.915 288.9189 288.9509 288.9446 288.9725 NA 288.9289 288.9077 288.9229 288.9051 288.9499 289.0757 NA 288.9009 288.9776 289.1008 289.0199 288.9401 288.9386 288.9237 288.4198
2017 9 288.9567 288.9497 288.9482 288.9481 288.9376 NA 288.9556 288.9698 288.9612 288.9778 288.9696 288.9497 NA 288.9731 288.9299 288.9791 288.9587 288.9205 288.9261 288.9297 288.1571
2017 10 288.8932 288.9023 288.9159 288.9158 288.9516 NA 288.9033 288.9103 288.8943 288.9147 288.9011 288.8935 NA 288.9483 288.9348 288.8797 288.8359 288.8227 288.8397 288.843 288.1673
2017 11 288.8484 288.8579 288.8627 NA 288.8714 NA 288.8466 288.8646 288.8475 288.8633 288.869 288.8555 NA 288.818 288.8389 288.6621 288.6079 288.6819 288.715 288.8329 288.2227
2017 12 288.7897 288.8029 288.8045 288.8111 288.8389 288.747 288.7788 288.7854 288.7491 288.7746 288.8042 288.7646 NA 288.7216 288.7383 288.5122 288.5898 288.7406 288.7352 288.6706 288.1138
2018 1 288.6314 288.6421 288.6398 288.6629 288.6718 288.6764 288.6519 288.6385 288.619 288.5616 288.6118 288.7149 288.7472 288.5653 288.5933 288.5498 288.466 288.4215 288.4723 288.4445 287.9489
2018 2 288.4011 288.422 288.4584 NA 288.5517 288.515 288.321 288.3477 288.3592 288.2972 288.3286 288.327 288.3825 288.3286 288.0952 288.2571 288.0377 287.7861 288.0022 NA 287.8223
2018 3 288.1127 288.1623 288.2159 NA 288.3048 NA 288.1451 288.1263 288.0642 288.1833 288.083 288.1197 288.0628 288.0388 288.1008 287.8455 287.9804 288.0242 287.9931 NA 287.8192
2018 4 287.8442 287.8618 287.9025 NA 287.9359 NA 287.8263 287.848 287.8187 287.8165 287.7837 287.7667 287.8796 287.6743 287.8386 287.7145 287.4882 287.6743 287.6697 NA 287.6651
2018 5 287.614 287.6362 287.6388 NA 287.7012 NA 287.6062 287.6204 287.6572 287.669 287.6784 287.6397 287.6257 287.44 287.6154 287.6098 287.3616 287.2879 NA NA 287.5767
2018 6 287.5281 287.5178 287.5207 NA 287.5475 NA 287.5454 287.5432 287.5235 287.5323 287.5209 287.5671 287.7358 287.4064 287.5664 287.4373 287.2189 287.4546 287.4145 NA 287.6014
2018 7 287.6576 287.6227 287.6062 NA 287.5769 NA 287.6787 287.6667 287.5869 287.6936 287.6954 287.7605 NA 287.732 287.7974 288.1625 287.6827 287.6339 287.6842 NA 287.3685
2018 8 287.8594 287.8119 287.8049 NA NA NA 287.8649 287.8536 287.8127 287.8708 287.9266 NA NA 287.8329 287.8257 NA 287.8733 287.8701 287.8794 NA 287.2864
2018 9 287.8948 287.8979 287.9014 NA 287.9003 NA 287.8923 287.9001 287.8949 287.9052 287.9273 NA NA 287.8187 287.9018 287.9405 287.9368 287.869 287.8724 NA 287.2676
2018 10 287.8287 287.8373 287.8443 NA 287.8382 NA 287.8298 287.8334 287.8392 287.828 287.7694 NA 287.7698 287.8338 287.8359 287.6574 287.8484 287.7978 287.8096 NA 287.095
2018 11 287.7483 287.7388 287.7988 NA 287.7986 NA 287.7766 287.7583 287.7459 287.6777 287.6855 NA 287.6647 287.7674 287.7514 287.4595 287.681 287.6464 287.6183 NA 286.9174
2018 12 287.6318 287.6707 NA NA 287.7202 NA 287.6419 287.6424 287.6688 NA 287.5427 NA 287.6414 287.5319 NA 287.2506 287.2782 287.5606 287.4331 NA 286.9755
2019 1 287.5222 287.5396 NA NA NA 287.5843 287.5206 NA NA NA 287.5037 NA 287.6364 NA NA NA 287.3235 NA NA NA NA
2019 2 287.2473 287.2925 NA NA NA NA NA NA NA NA 287.2711 NA 287.2892 NA 287.0769 NA 286.96 NA NA NA NA
2019 3 286.9936 287.0271 NA NA NA NA NA NA NA NA 286.953 NA 286.9584 NA 286.9166 NA 286.8348 NA NA NA NA
2019 4 286.7608 286.7801 NA NA NA NA NA NA NA NA 286.7034 NA 286.7707 NA 286.6583 NA 286.7165 NA NA NA NA
2019 5 286.6029 286.6088 NA NA NA NA NA NA NA NA 286.6067 NA 286.5773 NA 286.5029 NA 286.699 NA NA NA NA
2019 6 286.6536 286.6277 NA NA NA NA NA NA NA NA 286.7946 NA NA NA 286.7207 NA 286.7082 NA NA NA NA
2019 7 286.9781 286.9633 NA NA NA NA NA NA NA NA 287.1338 NA NA NA 287.3225 NA 287.2219 NA NA NA NA
2019 8 287.261 287.2298 NA NA NA NA NA NA NA NA 287.4249 NA NA NA 287.2637 NA NA NA NA NA NA
2019 9 287.3457 287.3682 NA NA NA NA NA NA NA NA 287.344 NA NA NA 287.3549 NA 287.3466 NA NA NA NA
2019 10 287.3243 287.3251 NA NA NA NA NA NA NA NA 287.3383 NA 287.2846 NA 287.332 NA 287.2396 NA NA NA NA
2019 11 287.2387 287.2503 NA NA NA NA NA NA NA NA 287.2513 NA 287.3255 NA NA NA 287.0857 NA NA NA NA
2019 12 287.126 287.1393 NA NA NA NA NA NA NA NA 287.1286 NA 287.1094 NA NA NA 286.8214 NA NA NA NA
2020 1 286.9385 286.9617 NA NA NA NA NA NA NA NA NA NA 286.9956 NA NA NA 286.2449 NA NA NA NA
2020 2 286.6745 286.8323 NA NA NA 286.8225 NA NA NA NA NA NA 286.9008 NA NA NA 286.4496 NA NA NA NA
2020 3 286.3858 NA NA NA NA NA NA NA NA NA NA NA NA NA NA NA 285.9029 NA NA NA NA
2020 4 286.1088 NA NA NA NA NA NA NA NA NA NA NA NA NA NA NA 286.0114 NA NA NA NA
2020 5 285.9038 NA NA NA NA NA NA NA NA NA NA NA NA NA NA NA NA NA NA NA NA
2020 6 NA NA NA NA NA NA NA NA NA NA NA NA NA NA NA NA NA NA NA NA NA
2020 7 NA NA NA NA NA NA NA NA NA NA NA NA NA NA NA NA NA NA NA NA NA
2020 8 NA NA NA NA NA NA NA NA NA NA NA NA NA NA NA NA NA NA NA NA NA
2020 9 NA NA NA NA NA NA NA NA NA NA NA NA NA NA NA NA NA NA NA NA NA
2020 10 NA NA NA NA NA NA NA NA NA NA NA NA NA NA NA NA NA NA NA NA NA
2020 11 NA NA NA NA NA NA NA NA NA NA NA NA NA NA NA NA NA NA NA NA NA
2020 12 NA NA NA NA NA NA NA NA NA NA NA NA NA NA NA NA NA NA NA NA NA
