year month SPO_NOAA_insitu SPO_NOAA_flask SPO_SIO_O2_flask SPO_SIO_CDK_flask SPO_CSIRO_flask HBA_NOAA_flask SYO_NOAA_flask SYO_TU_insitu MAA_CSIRO_flask CYA_CSIRO_flask PSA_NOAA_flask PSA_SIO_O2_flask DRP_NOAA_flask MQA_CSIRO_flask CRZ_NOAA_flask BHD_NIWA_insitu CGO_NOAA_flask CGO_SIO_O2_flask CGO_CSIRO_flask AMS_LSCE_insitu CPT_SAWS_insitu
1998 1 NaN NaN NaN NaN NaN NaN NA NaN NaN NaN NaN NaN NA NaN NaN NA NaN NaN NaN NaN NaN
1998 2 NaN NaN NaN NaN NaN NaN NA NaN NaN NaN NaN NaN NA NaN NaN NaN NaN NaN NaN NaN NaN
1998 3 NaN NaN NaN NaN NaN NaN NA NaN NaN NaN NaN NaN NA NaN NaN NaN NaN NaN NaN NaN NaN
1998 4 NaN NaN NaN NaN NaN NaN NA NaN NaN NaN NaN NaN NA NaN NaN NaN NaN NaN NaN NaN NaN
1998 5 NaN NaN NaN NaN NaN NaN NA NaN NaN NaN NaN NaN NA NaN NaN NA NaN NaN NaN NaN NaN
1998 6 NaN NaN NaN NaN NaN NaN NA NaN NaN NaN NaN NaN NA NaN NaN NaN NaN NaN NaN NaN NaN
1998 7 NaN NaN NaN NaN NaN NaN NA NaN NaN NaN NaN NaN NA NaN NaN NaN NaN NaN NaN NaN NaN
1998 8 NaN NaN NaN NaN NaN NaN NA NaN NaN NaN NaN NaN NA NaN NaN NaN NaN NaN NaN NaN NaN
1998 9 NaN NaN NaN NaN NaN NaN NA NaN NaN NaN NaN NaN NA NaN NaN NaN NaN NaN NaN NaN NaN
1998 10 NaN NaN NaN NaN NA NaN NA NaN NaN NaN NaN NaN NA NaN NaN NA NaN NaN NaN NaN NaN
1998 11 NaN NaN NaN NaN NaN NaN NA NaN NaN NaN NaN NaN NA NaN NaN NaN NaN NaN NaN NaN NaN
1998 12 NaN NaN NaN NaN NA NaN NA NaN NaN NaN NaN NaN NA NaN NaN NaN NaN NaN NaN NaN NaN
1999 1 NaN NaN NaN NaN NaN NaN NaN NaN NaN NaN NaN NaN NA NaN NaN NaN NaN NaN NaN NaN NaN
1999 2 NaN NaN NaN NaN NaN NaN NaN NaN NaN NaN NaN NaN NA NaN NA NaN NaN NaN NaN NaN NaN
1999 3 NaN NaN NaN NaN NaN NaN NaN NaN NaN NaN NaN NaN NA NaN NaN NaN NaN NaN NaN NaN NaN
1999 4 NaN NaN NaN NaN NaN NaN NaN NaN NaN NA NaN NaN NA NaN NA NaN NaN NaN NaN NaN NaN
1999 5 NaN NaN NaN NaN NaN NaN NaN NaN NaN NaN NaN NaN NA NaN NaN NaN NaN NaN NaN NaN NaN
1999 6 NaN NaN NaN NaN NA NaN NaN NaN NaN NaN NaN NaN NA NaN NaN NaN NaN NaN NaN NaN NaN
1999 7 NaN NaN NaN NaN NaN NaN NaN NaN NaN NaN NaN NaN NA NaN NA NaN NaN NaN NaN NaN NaN
1999 8 NaN NaN NaN NaN NaN NaN NaN NaN NaN NaN NaN NaN NA NaN NA NaN NaN NaN NaN NaN NaN
1999 9 NaN NaN NaN NaN NaN NaN NaN NaN NaN NaN NaN NaN NA NaN NA NaN NaN NaN NaN NaN NaN
1999 10 NaN NaN NaN NaN NaN NaN NaN NaN NaN NaN NaN NaN NA NaN NA NA NaN NaN NaN NaN NaN
1999 11 NaN NaN NaN NaN NaN NaN NaN NaN NaN NaN NaN NaN NA NaN NA NaN NaN NaN NaN NaN NaN
1999 12 NaN NaN NaN NaN NaN NaN NaN NaN NaN NaN NaN NaN NA NaN NaN NaN NaN NaN NaN NaN NaN
2000 1 -0.01593619 -0.02125018 -0.02125018 -0.02125018 1.877819e-08 -0.0302128 -0.009368613 -0.02739514 NA -0.009504817 -0.01577287 -0.01577287 NA -0.03620984 NA -0.2068536 -0.1520191 -0.1520191 -0.1598665 -0.0753521 -0.190234
2000 2 -0.1612433 -0.1900418 -0.1900418 -0.1900418 -0.05879761 -0.2165995 -0.1712682 -0.1849488 -0.1938246 -0.05907102 -0.2105417 -0.2105417 NA -0.3078487 NaN -0.6730337 -0.1552676 -0.1552676 -0.1833471 -0.352568 -0.4443645
2000 3 -0.3972926 -0.3846042 -0.3846042 -0.3846042 -0.3258862 -0.3852238 -0.4206349 -0.3776345 -0.3492487 -0.3544482 -0.4100846 -0.4100846 NA -0.3873945 -0.4344673 -0.497938 -0.4546334 -0.4546334 -0.4522232 -0.5392512 -0.4283672
2000 4 -0.4443724 -0.4449804 -0.4449804 -0.4449804 -0.4318951 -0.4405566 -0.4430136 -0.4436691 -0.4413934 -0.4467071 -0.4458628 -0.4458628 NA -0.4223773 -0.4346523 -0.1465823 -0.4925255 -0.4925255 -0.4972899 -0.4785586 -0.3884306
2000 5 -0.4135374 -0.4267214 -0.4267214 -0.4267214 -0.4523837 -0.394597 -0.3852275 -0.4131677 -0.4363036 NA -0.4223631 -0.4223631 NA -0.3900953 -0.3774004 -0.3982954 -0.3806945 -0.3806945 -0.3898192 -0.3702836 0.1422519
2000 6 -0.2105697 -0.2205335 -0.2205335 -0.2205335 -0.3534574 -0.2121534 -0.1003273 -0.1832305 -0.2606339 NA -0.1986459 -0.1986459 NA -0.188525 -0.102742 0.6235057 -0.06445737 -0.06445737 -0.008223651 -0.06970512 0.533138
2000 7 0.08491907 0.1104954 0.1104954 0.1104954 -0.04682468 0.0853601 0.1977686 0.0892396 0.01676551 NA 0.04165802 0.04165802 NA 0.2090933 0.1464641 0.2142424 0.2280598 0.2280598 0.2290428 0.2553403 0.599535
2000 8 0.3366719 0.3111022 0.3111022 0.3111022 0.2395674 0.3285892 0.3935698 0.3345445 0.26479 NA 0.315284 0.315284 NA 0.3426785 0.3705047 0.381295 0.3572077 0.3572077 0.3252188 0.371054 0.3991225
2000 9 0.3640295 0.3756778 0.3756778 0.3756778 0.3608972 0.3589316 0.3660666 0.3735283 0.35482 NA 0.3840635 0.3840635 NA 0.3325313 0.386415 0.2810417 0.3455589 0.3455589 0.3574055 0.3882886 0.4050255
2000 10 0.2099439 0.2068032 0.2068032 0.2068032 NA 0.2239077 NaN 0.217447 0.2720901 NA 0.1697946 0.1697946 NA 0.2658778 0.1411581 0.0955215 0.2084347 0.2084347 0.2392205 0.08464388 -0.03480329
2000 11 -0.1575899 -0.03584366 -0.03584366 -0.03584366 0.07175225 -0.1131629 -0.1164187 -0.1435661 -0.1055805 NA -0.1789371 -0.1789371 NA -0.2316098 -0.3063981 -0.2172609 -0.3972743 -0.3972743 -0.4021714 -0.1691689 -0.5845971
2000 12 -0.5343347 -0.5100781 -0.5100781 -0.5100781 -0.3923611 -0.4980456 -0.5346973 -0.5219577 -0.4420424 NA -0.5168782 -0.5168782 NA -0.608777 -0.4640927 -0.9406738 -0.5935899 -0.5935899 -0.6142195 -0.9991026 -1.105261
2001 1 -1.021385 -0.8597298 -0.8597298 -0.8597298 -0.66939 -1.0213 -1.325264 -1.055475 -0.8868493 NA -1.093128 -1.093128 NA -1.341438 -1.450867 NA -1.455685 -1.455685 -1.437739 -1.409142 -1.561528
2001 2 -1.626122 NA NA NA -1.393724 -1.643017 -1.656553 -1.61859 -1.625412 NA -1.616831 -1.616831 NA -1.909466 -1.790615 NA -1.835069 -1.835069 -1.819022 -1.9504 -2.046599
2001 3 -1.958365 NA NA NA -1.770992 -1.990767 -1.8591 -1.990703 -2.099762 NA -2.022818 -2.022818 NA -2.154913 -2.132087 -2.137799 -2.169961 -2.169961 -2.171205 -2.307499 -2.182088
2001 4 -2.172713 NA NA NA -2.133601 -2.169123 -2.175469 -2.173868 -2.175864 NA -2.179074 -2.179074 NA -2.240266 -2.171019 -1.983163 -2.18042 -2.18042 -2.179246 -2.212697 -2.163926
2001 5 -2.086335 NA NA NA -2.18523 -2.134457 -2.038787 -2.101063 -2.099364 NA -1.962108 -1.962108 NA -2.046519 -1.96633 -1.97476 -1.951809 -1.951809 -1.978062 -2.003031 -1.657726
2001 6 -1.786351 NA NA NA -1.906272 -1.85357 -1.839919 -1.78724 -1.773912 NA -1.771123 -1.771123 NA -1.750575 -1.497526 -1.508272 -1.613898 -1.613898 -1.603345 -1.598549 -1.056346
2001 7 -1.379879 -1.252795 -1.252795 -1.252795 -1.609408 -1.499979 -1.455656 -1.361424 -1.491844 NA -1.404275 -1.404275 NA -1.155861 -1.293076 -1.085745 -1.19268 -1.19268 -1.18782 -1.260456 -0.9318533
2001 8 -1.052518 -1.082995 -1.082995 -1.082995 -1.237626 -1.108071 -1.048904 -1.046998 -0.9917136 NA -1.075463 -1.075463 NA -1.017225 -0.7946619 -0.8738598 -1.008227 -1.008227 -0.9707905 -0.9001158 -0.7085121
2001 9 -0.8476686 -0.8566625 -0.8566625 -0.8566625 -0.9296044 -0.8242681 -0.8829666 -0.8494968 -0.8609068 NA -0.6932011 -0.6932011 NA -0.9368167 -0.9111547 -0.9060419 -0.9164617 -0.9164617 -0.9206513 -0.881198 -0.9535778
2001 10 -0.9853069 -0.9938908 -0.9938908 -0.9938908 -1.022013 -0.9625589 -1.009379 -0.9719914 -1.021651 NA -1.037907 -1.037907 NA -0.9440135 -0.9747174 -1.162766 -1.174084 -1.174084 -1.175653 -1.000031 -1.379186
2001 11 -1.256733 -1.300533 -1.300533 -1.300533 -1.331246 -1.16709 -1.23682 -1.223834 -1.24706 NA -1.258967 -1.258967 NA -1.228409 NA -1.35439 -1.511118 -1.511118 -1.591112 -1.378565 -2.160587
2001 12 -1.622576 -1.666458 -1.666458 -1.666458 NA -1.548364 -1.632257 -1.612019 -1.634945 NA -1.628018 -1.628018 NA -1.913528 NA -2.090202 -1.713943 -1.713943 -1.713475 -1.87015 -2.328707
2002 1 -2.114439 -2.040728 -2.040728 -2.040728 NA -1.947833 -2.130188 -2.071637 -2.198577 -2.276157 -2.03709 -2.03709 NA -2.135362 NA -2.452074 -2.25396 -2.25396 -2.25357 -2.313889 -2.588223
2002 2 -2.454981 -2.426001 -2.426001 -2.426001 NA -2.516625 -2.633477 -2.493211 -2.426349 -2.603958 -2.49243 -2.49243 NA -2.574139 NA -2.591247 -2.740999 -2.740999 -2.775659 -2.809032 -3.085926
2002 3 -2.847448 -2.813667 -2.813667 -2.813667 -2.822786 -2.811954 -2.886028 -2.846607 -2.718383 -2.734719 -2.869796 -2.869796 NA -2.914736 NA -2.997674 -2.992742 -2.992742 -3.001618 -2.982463 -3.158087
2002 4 -2.937152 -2.925248 -2.925248 -2.925248 -2.928025 -2.930254 -2.937934 -2.932457 -2.950499 NA -2.941707 -2.941707 NA -2.952936 -2.924137 -2.91276 -2.965035 -2.965035 -2.964757 -2.99395 -2.992905
2002 5 -2.838026 -2.862173 -2.862173 -2.862173 -2.861591 -2.83736 -2.881473 -2.83056 NA NA -2.884835 -2.884835 NA -2.813855 NA -2.560825 -2.833749 -2.833749 -2.825574 -2.773186 -2.500772
2002 6 -2.542545 -2.529866 -2.529866 -2.529866 -2.696419 -2.542842 -2.583723 -2.530254 NA -2.517937 -2.572911 -2.572911 NA -2.547698 -2.338423 -2.297417 -2.406201 -2.406201 -2.415516 -2.410213 -1.967109
2002 7 -2.160404 -2.204186 -2.204186 -2.204186 -2.325525 -2.153055 -2.19709 -2.157469 NA -2.172698 -2.026648 -2.026648 NA -1.990666 -1.994254 -2.029479 -2.038021 -2.038021 -2.114671 -2.011049 -1.548932
2002 8 -1.777942 -1.834197 -1.834197 -1.834197 -2.043182 -1.799808 -1.801208 -1.76206 NA -1.891161 -1.729162 -1.729162 NA -1.748517 -1.725113 -1.646612 -1.764859 -1.764859 -1.764402 -1.630804 -1.389926
2002 9 -1.564453 -1.569462 -1.569462 -1.569462 -1.643689 -1.587628 -1.581093 -1.561824 NA -1.605372 -1.528161 -1.528161 NA -1.496711 -1.514512 -1.422031 -1.523901 -1.523901 -1.525151 -1.434333 -1.601399
2002 10 -1.570944 -1.556001 -1.556001 -1.556001 -1.526706 -1.55987 -1.541562 -1.569627 NA -1.600019 -1.588235 -1.588235 NA -1.672074 -1.594327 -1.525172 -1.613604 -1.613604 -1.588335 -1.612238 -1.979808
2002 11 -1.728436 -1.731719 -1.731719 -1.731719 -1.666049 -1.711549 -1.71806 -1.748433 -1.683304 -1.654052 -1.764531 -1.764531 NA -1.933225 NaN -1.990499 -1.888661 -1.888661 -1.921409 -1.93801 -2.304263
2002 12 -2.054892 -1.98952 -1.98952 -1.98952 -1.846998 -2.019749 -2.047615 -1.964805 -2.011021 -2.125562 -2.229831 -2.229831 NA -2.171748 NA -2.321742 -2.177962 -2.177962 -2.175983 -2.277487 -2.654178
2003 1 -2.442559 -2.390235 -2.390235 -2.390235 -2.295735 -2.421763 -2.445103 -2.448692 -2.352698 -2.400543 -2.552779 -2.552779 NA -2.55793 NaN -2.635785 -2.704432 -2.704432 -2.634555 -2.738514 -2.869964
2003 2 -2.875239 -2.797674 -2.797674 -2.797674 NA -2.810837 -2.937689 -2.866244 -2.839234 -2.81997 -2.88482 -2.88482 NA -2.870859 NaN -3.192292 -3.075417 -3.075417 -3.031837 -3.028914 -3.087872
2003 3 -3.097415 -3.084588 -3.084588 -3.084588 -3.112609 -3.091187 -3.048019 -3.062948 -3.074581 -3.092189 -3.024157 -3.024157 NA -3.169502 NA -3.076487 -3.079191 -3.079191 -3.085649 -3.133609 -3.102517
2003 4 -3.076346 -3.083205 -3.083205 -3.083205 -3.079473 -3.072966 -3.076757 -3.070398 -3.081012 -3.072198 -3.076423 -3.076423 NA -3.043772 NA -3.002555 -3.071443 -3.071443 -3.069546 -3.058646 -3.147542
2003 5 -2.958878 -2.951195 -2.951195 -2.951195 NA -2.963651 -2.926081 -2.962398 -2.960519 -2.954364 -2.913647 -2.913647 NA -2.899777 NA -2.662578 -2.702094 -2.702094 -2.71982 -2.852858 -2.580996
2003 6 -2.669464 -2.63523 -2.63523 -2.63523 -2.821895 -2.594667 -2.616686 -2.655564 -2.628638 -2.652864 -2.626514 -2.626514 NA -2.638985 NA -2.509935 -2.601853 -2.601853 -2.589107 -2.489413 -2.047162
2003 7 -2.211833 -2.167529 -2.167529 -2.167529 -2.460073 -2.234856 -2.352094 -2.222484 -2.369448 -2.095468 -2.133437 -2.133437 NA -2.026029 -2.236239 -2.12162 -2.108558 -2.108558 -2.101138 -2.011302 -1.731327
2003 8 -1.767623 -1.796665 -1.796665 -1.796665 -2.01241 -1.742285 -1.834064 -1.774377 -1.850001 -1.771926 -1.789137 -1.789137 NA -1.688477 -1.618497 -1.673311 -1.723131 -1.723131 -1.71579 -1.691287 -1.583653
2003 9 -1.604683 -1.591746 -1.591746 -1.591746 -1.663379 -1.607371 -1.596736 -1.604792 -1.578621 -1.59523 -1.618728 -1.618728 NA -1.596738 -1.579311 -1.534622 -1.597833 -1.597833 -1.592496 -1.582893 -1.707485
2003 10 -1.642407 -1.629709 -1.629709 -1.629709 -1.6023 -1.647234 -1.642953 -1.636051 -1.652568 -1.622888 -1.644658 -1.644658 NA -1.674403 -1.654612 -1.774785 -1.644174 -1.644174 -1.631096 -1.687761 -2.088793
2003 11 -1.917984 -1.92102 -1.92102 -1.92102 -1.82533 -1.903426 -1.959971 -1.932749 NA -1.940694 -1.847865 -1.847865 NA -1.935689 -1.92812 -2.049818 -2.123251 -2.123251 -2.038337 -2.033627 -2.477582
2003 12 -2.167866 -2.114948 -2.114948 -2.114948 -2.015542 -2.154732 -2.136549 -2.163971 -2.166664 -2.224228 -2.163494 -2.163494 NA -2.200625 -2.289334 -2.705652 -2.267696 -2.267696 -2.348206 -2.492745 -2.549099
2004 1 -2.66663 -2.589928 -2.589928 -2.589928 -2.429188 -2.595152 -2.533175 -2.47491 -2.778224 -2.531661 -2.690168 -2.690168 NA -2.74959 -2.646242 -3.053683 -2.751239 -2.751239 -2.827134 -2.848974 -2.978187
2004 2 -2.985775 -3.064868 -3.064868 -3.064868 NA -2.972731 -2.994925 -3.052446 -3.029836 -2.971728 -2.954702 -2.954702 NA -2.99751 -3.001564 -3.114078 -3.055292 -3.055292 -3.053478 -3.14728 -3.227149
2004 3 -3.241874 -3.241873 -3.241873 -3.241873 -3.199576 -3.222878 -3.188753 -3.23626 -3.239101 -3.185687 -3.209266 -3.209266 NA -3.228951 -3.247632 -3.172443 -3.264209 -3.264209 -3.23679 -3.377542 -3.289243
2004 4 -3.364984 -3.359467 -3.359467 -3.359467 -3.32562 -3.342654 -3.398099 -3.375086 -3.378172 -3.363183 -3.345291 -3.345291 NA -3.373123 -3.385142 -3.272362 -3.352079 -3.352079 -3.339788 -3.403442 -3.281123
2004 5 -3.286465 -3.285598 -3.285598 -3.285598 -3.374424 -3.264353 -3.244521 -3.268657 -3.27235 -3.314215 -3.239211 -3.239211 NA -3.123141 -3.222663 -3.046407 -3.169086 -3.169086 -3.128887 -3.160007 -2.396815
2004 6 -2.966614 -2.930047 -2.930047 -2.930047 -3.187798 -2.966163 -3.011695 -2.964217 -2.914175 -2.905374 -2.967102 -2.967102 NA -2.843248 -2.83518 -2.170691 -2.890952 -2.890952 -2.903508 -2.846891 -2.135863
2004 7 -2.626854 -2.623319 -2.623319 -2.623319 -2.692511 -2.643029 -2.612464 -2.599345 -2.607626 -2.584021 -2.504028 -2.504028 NA -2.427571 -2.535253 -2.448905 -2.587856 -2.587856 -2.580855 -2.542913 -1.79875
2004 8 -2.32029 -2.359951 -2.359951 -2.359951 -2.45293 -2.332556 -2.297284 -2.309278 -2.314734 -2.292901 -2.27736 -2.27736 NA -2.203723 -2.342699 -2.290737 -2.267624 -2.267624 -2.264648 -2.25526 -2.100652
2004 9 -2.296836 -2.274451 -2.274451 -2.274451 NA -2.302939 -2.260229 -2.278276 -2.303715 -2.297238 -2.313833 -2.313833 NA -2.420395 -2.271339 -2.522839 -2.36169 -2.36169 -2.355498 -2.317494 -2.33781
2004 10 -2.437851 -2.436725 -2.436725 -2.436725 -2.331262 -2.458961 -2.38371 -2.422439 -2.428808 -2.442978 -2.459387 -2.459387 NA -2.433112 -2.469848 -2.118251 -2.442413 -2.442413 -2.423026 -2.444448 -2.653911
2004 11 -2.659959 -2.635654 -2.635654 -2.635654 -2.495083 -2.607153 -2.525077 -2.651171 -2.640284 -2.614521 -2.804864 -2.804864 NA -2.95784 -2.701482 -3.148449 -2.805417 -2.805417 -2.704081 -2.859522 -3.451461
2004 12 -3.045968 -2.995312 -2.995312 -2.995312 -2.855747 -2.986244 -3.094771 -3.037656 -3.023551 -3.024984 -3.052063 -3.052063 NA -3.267501 -3.123598 -3.172663 -3.250057 -3.250057 -3.243693 -3.280198 -3.618656
2005 1 -3.438721 -3.405529 -3.405529 -3.405529 -3.262831 -3.467375 -3.385281 -3.452556 -3.53666 -3.480686 -3.519239 -3.519239 NA -3.66523 -3.701178 NA -3.695618 -3.695618 -3.675064 -3.793713 -4.045435
2005 2 -3.959928 -3.965122 -3.965122 -3.965122 -3.93271 -3.838179 -3.924184 -3.967268 -3.881243 -3.969322 -4.00885 -4.00885 NA -4.025794 -4.112205 NA -4.107843 -4.107843 -4.121502 -4.136475 -4.266901
2005 3 -4.188901 -4.182424 -4.182424 -4.182424 -4.140033 -4.191669 -4.207121 -4.197458 -4.152183 -4.192447 -4.18728 -4.18728 NA -4.159391 -4.243804 -4.223338 -4.202843 -4.202843 -4.17912 -4.277208 -4.22125
2005 4 -4.188114 -4.186397 -4.186397 -4.186397 -4.21393 -4.183002 -4.178713 -4.194514 -4.202749 -4.192866 -4.181382 -4.181382 NA NA -4.169109 NA -4.14509 -4.14509 -4.145192 -4.183502 -4.157806
2005 5 -4.022793 -4.033179 -4.033179 -4.033179 -4.109883 -4.046088 -4.011834 -4.020343 -4.000834 -4.016097 -3.943611 -3.943611 NA -4.128097 -3.902042 NA -3.84808 -3.84808 -3.929552 -3.92727 -3.758451
2005 6 -3.656152 -3.688295 -3.688295 -3.688295 -3.683881 -3.666156 -3.774658 -3.635908 -3.66066 -3.589179 -3.629092 -3.629092 NA -3.480458 -3.482632 NA -3.384577 -3.384577 -3.452919 -3.44008 -3.196431
2005 7 -3.195238 -3.192254 -3.192254 -3.192254 NA -3.234776 -3.089485 -3.185155 -3.135429 -3.127623 -3.156143 -3.156143 NA -3.058137 -2.976182 NA -3.101822 -3.101822 -2.990354 -2.98161 -2.751349
2005 8 -2.846185 -2.883146 -2.883146 -2.883146 -3.042168 -2.849154 -2.785602 -2.831958 -2.762803 -2.844767 -2.836088 -2.836088 NA -2.853366 -2.788817 -2.687658 -2.82185 -2.82185 -2.94389 -2.741675 -2.641209
2005 9 -2.671921 -2.686023 -2.686023 -2.686023 -2.71729 -2.693526 -2.682523 -2.674934 -2.672211 -2.681327 -2.657113 -2.657113 NA -2.690009 -2.655073 NA -2.648074 -2.648074 -2.619798 -2.616501 -2.889288
2005 10 -2.738732 -2.73855 -2.73855 -2.73855 -2.666381 -2.723557 -2.714198 -2.734699 -2.737579 -2.696461 -2.777042 -2.777042 NA -2.692892 -2.808535 NA -2.756087 -2.756087 -2.747556 -2.835624 -3.21354
2005 11 -2.977459 -2.941669 -2.941669 -2.941669 NA -2.984128 -2.982644 -2.962043 -2.950721 -2.946791 -3.036506 -3.036506 NA -3.082682 -3.236253 NA -3.072225 -3.072225 -3.09779 -3.190281 -3.622402
2005 12 -3.462875 -3.372272 -3.372272 -3.372272 -3.157468 -3.409182 -3.488593 -3.474433 -3.445151 -3.387658 -3.416271 -3.416271 NA -3.663312 -3.497007 NA -3.647968 -3.647968 -3.564548 -3.740559 -3.985896
2006 1 -3.77637 -3.747175 -3.747175 -3.747175 -3.602242 -3.893965 -3.675845 -3.773695 -3.72386 -3.813736 -3.880671 -3.880671 NA -3.841184 -4.001128 -4.119287 -3.943243 -3.943243 -3.867257 -4.07957 -4.186023
2006 2 -4.055595 -4.021409 -4.021409 -4.021409 -3.918674 -4.003242 -4.118078 -4.073382 -4.070422 -4.073034 -4.109171 -4.109171 NA -4.176744 -4.335988 NA -4.214868 -4.214868 -4.201898 -4.334182 -4.323994
2006 3 -4.304054 -4.288941 -4.288941 -4.288941 -4.165057 -4.327265 -4.301502 -4.309611 -4.309446 -4.285082 -4.300659 -4.300659 -4.372183 NA -4.38252 -4.365389 -4.345881 -4.345881 -4.364971 -4.406049 -4.311044
2006 4 -4.401266 -4.401894 -4.401894 -4.401894 -4.380374 -4.397415 -4.39888 -4.399216 -4.398394 -4.390381 -4.365646 -4.365646 -4.376212 -4.454686 -4.398777 -4.390124 -4.438746 -4.438746 -4.42616 -4.418508 -4.45113
2006 5 -4.318222 -4.359863 -4.359863 -4.359863 -4.401891 -4.310961 -4.365092 -4.274858 -4.37167 -4.363328 -4.361829 -4.361829 -4.315697 -4.287883 -4.221062 -4.210823 -4.243553 -4.243553 -4.166841 -4.247873 -3.995519
2006 6 -4.097781 -4.131908 -4.131908 -4.131908 -4.231665 -4.082765 -4.092178 -4.082008 NA -4.064123 -4.012818 -4.012818 -4.199643 -3.902492 -4.023326 -3.882857 -3.936647 -3.936647 -3.936418 -3.919488 -2.956731
2006 7 -3.851562 -3.883294 -3.883294 -3.883294 -3.988039 -3.845939 -3.895481 -3.849852 -3.732248 -3.706863 -3.841497 -3.841497 NA -3.725516 -3.738385 -3.583857 -3.740707 -3.740707 -3.800709 -3.714835 -3.309872
2006 8 -3.562706 -3.596954 -3.596954 -3.596954 NA -3.599941 -3.630306 -3.591387 -3.580265 -3.55069 -3.555456 -3.555456 -3.512357 -3.554189 -3.525519 -3.368427 -3.548905 -3.548905 -3.626949 -3.498331 -3.473599
2006 9 -3.500879 -3.500896 -3.500896 -3.500896 NA -3.498003 -3.488605 -3.49966 -3.492958 -3.527069 -3.515226 -3.515226 -3.558007 -3.782724 -3.486796 -3.404866 -3.513374 -3.513374 -3.529683 -3.528469 -3.8179
2006 10 -3.646844 -3.614499 -3.614499 -3.614499 -3.526192 -3.623735 -3.631752 -3.625888 -3.615502 -3.669841 -3.671411 -3.671411 -3.648511 -3.656674 -3.735728 -3.64355 -3.664699 -3.664699 -3.646472 -3.695218 -4.138535
2006 11 -3.935469 -3.882065 -3.882065 -3.882065 -3.822923 -3.902356 -3.983831 -3.908659 -3.812838 -3.877606 -3.950242 -3.950242 -3.903311 -3.914835 -3.970882 -3.653768 -4.09296 -4.09296 -4.041539 -4.002866 -4.783986
2006 12 -4.192585 -4.155072 -4.155072 -4.155072 -4.092549 -4.153395 -4.303812 -4.231089 -4.23581 -4.187649 -4.275544 -4.275544 -4.246364 -4.210197 -4.487753 -4.397762 -4.313263 -4.313263 -4.293685 -4.462312 -4.827504
2007 1 -4.559892 -4.509663 -4.509663 -4.509663 -4.342915 -4.592719 -4.596225 -4.567374 -4.583227 -4.545363 -4.697449 -4.697449 -4.595038 -4.750789 -4.702932 -4.820992 -4.687086 -4.687086 -4.713276 -4.7818 -4.964461
2007 2 -4.837654 -4.816617 -4.816617 -4.816617 -4.715725 -4.798989 -4.931569 -4.865741 -4.938035 -4.863075 -4.929683 -4.929683 -4.896765 -4.94211 -5.084136 -5.122763 -4.912064 -4.912064 -4.912305 -5.000413 -5.047498
2007 3 -5.068994 -5.036473 -5.036473 -5.036473 -4.940555 -5.09395 -5.043836 -5.071985 -5.033962 -5.018768 -5.107597 -5.107597 -5.176157 -5.108279 -5.109695 -5.209841 -5.075402 -5.075402 -5.085309 -5.240905 -5.170994
2007 4 -5.209165 -5.198998 -5.198998 -5.198998 -5.176585 -5.188805 -5.22177 -5.227777 -5.220662 -5.211713 -5.187969 -5.187969 -5.178713 -5.257474 -5.269725 -5.155689 NA NA NA -5.273256 -5.187469
2007 5 -5.201386 -5.218301 -5.218301 -5.218301 -5.233776 -5.193885 -5.230614 -5.205645 -5.212406 -5.192508 -5.161221 -5.161221 -5.064753 -5.018082 -5.186728 -5.064267 -5.188732 -5.188732 -5.192816 -5.161047 -4.626322
2007 6 -4.969324 -4.996587 -4.996587 -4.996587 -5.108371 -4.885997 -4.955592 -4.974949 -4.927073 -5.123783 -4.984937 -4.984937 -4.998904 -4.87181 -4.848833 -4.77516 -4.750411 -4.750411 -4.813262 -4.852167 -4.44916
2007 7 -4.64917 -4.681922 -4.681922 -4.681922 -4.832722 -4.662946 -4.693398 -4.632963 -4.631184 -4.658099 -4.679773 -4.679773 NA -4.601032 -4.563551 -4.394971 -4.507566 -4.507566 -4.571215 -4.48898 -4.291582
2007 8 -4.317242 -4.318931 -4.318931 -4.318931 -4.474024 -4.323458 -4.337012 -4.314738 -4.230853 -4.167588 -4.302698 -4.302698 NA -4.239274 -4.198033 -4.317928 -4.294908 -4.294908 -4.346858 -4.193739 -4.129923
2007 9 -4.139065 -4.136423 -4.136423 -4.136423 NA -4.125125 -4.092769 -4.118635 -4.087314 NA -4.155165 -4.155165 -4.172543 -4.702204 -3.977826 -4.133681 -4.196505 -4.196505 -4.147055 -3.998552 -4.090488
2007 10 -4.176836 -4.162737 -4.162737 -4.162737 -4.159328 -4.156921 -4.150996 -4.170758 NA -4.25224 -4.17023 -4.17023 -4.199531 -4.1597 -4.23182 -4.181992 -4.250631 -4.250631 -4.252803 -4.173727 -4.537579
2007 11 -4.422493 -4.38924 -4.38924 -4.38924 NA -4.421166 -4.425878 -4.434294 NA -4.400721 -4.372506 -4.372506 -4.418493 -4.35665 -4.494269 -4.72778 -4.523916 -4.523916 -4.485183 -4.486286 -5.030421
2007 12 -4.750147 -4.711701 -4.711701 -4.711701 -4.596868 -4.763406 -4.706299 -4.774935 NA -4.936767 -4.842014 -4.842014 -4.94101 -4.859349 -4.968234 -5.087014 -4.866892 -4.866892 -4.884958 -5.014177 -5.610633
2008 1 -5.093185 -5.016282 -5.016282 -5.016282 -5.021143 -5.141541 -5.19492 -5.13329 NA -5.008002 -5.265639 -5.265639 -5.013749 -5.348205 -5.326525 -5.467809 -5.33024 -5.33024 -5.465655 -5.814742 -6.0155
2008 2 -5.525436 -5.508446 -5.508446 -5.508446 NA -5.541156 -5.583402 -5.527672 NA -5.597883 -5.652907 -5.652907 -5.560494 -5.691147 -5.617085 -5.866082 -5.721134 -5.721134 -5.766872 -5.799462 -6.029654
2008 3 -5.880212 -5.850036 -5.850036 -5.850036 NA -5.85033 -5.878639 -5.873505 -5.787204 -5.801329 -5.902348 -5.902348 -5.938837 NA -6.093011 -5.95891 -5.985962 -5.985962 -5.998654 -6.061645 -6.114221
2008 4 -6.053241 -6.026686 -6.026686 -6.026686 NA -6.030989 -6.038304 -6.059304 -5.996109 -6.030798 -6.029584 -6.029584 -6.031912 NA -6.039784 -5.928583 -6.098947 -6.098947 -6.122362 -6.131775 -6.051154
2008 5 -6.079291 -6.08765 -6.08765 -6.08765 -6.089972 -6.066651 -5.987522 -6.065317 -6.096139 NA -6.078421 -6.078421 -6.01162 NA -5.961523 -6.054219 -6.135056 -6.135056 -6.136177 -6.078177 -5.23184
2008 6 -5.892158 -5.950078 -5.950078 -5.950078 NA -5.988964 -5.875978 -5.908176 -5.998076 -5.892318 -5.832402 -5.832402 -5.781439 NA -5.670145 -5.694107 -5.782645 -5.782645 -5.750069 -5.77914 -5.329401
2008 7 -5.520064 -5.569309 -5.569309 -5.569309 -5.394522 -5.522427 -5.510443 -5.53505 NA -5.466513 -5.527983 -5.527983 -5.568566 -5.398574 -5.352998 -5.274654 -5.484797 -5.484797 -5.469149 -5.42699 -5.134287
2008 8 -5.326554 -5.346024 -5.346024 -5.346024 -5.308691 -5.337229 -5.309476 -5.329012 -5.328193 -5.296331 -5.328275 -5.328275 -5.316414 -5.332314 -5.317814 -5.308991 -5.339354 -5.339354 -5.333183 -5.351637 -5.139752
2008 9 -5.330288 -5.32171 -5.32171 -5.32171 NA -5.311588 -5.323167 -5.317462 -5.315715 -5.307204 -5.301344 -5.301344 -5.316345 -5.321327 -5.187121 -5.320525 -5.332392 -5.332392 -5.319835 -5.313112 -5.352455
2008 10 -5.451194 -5.436063 -5.436063 -5.436063 -5.469336 -5.466476 -5.398118 -5.442664 -5.434294 -5.411912 -5.504828 -5.504828 -5.455214 -6.044741 -5.504758 NA -5.54251 -5.54251 -5.52907 -5.536529 -5.782182
2008 11 -5.849336 -5.817084 -5.817084 -5.817084 NA -5.795968 -5.863978 -5.84649 -5.92091 -5.788329 -5.877295 -5.877295 NA -6.572985 -6.027886 NA -5.988692 -5.988692 -6.025339 -6.017242 -6.606586
2008 12 -6.358282 -6.274333 -6.274333 -6.274333 NA -6.295176 -6.366169 -6.365191 -6.236738 -6.270104 -6.364483 -6.364483 NA -6.433959 -6.374802 -6.850301 -6.593998 -6.593998 -6.607435 NA -7.018671
2009 1 -6.841092 -6.768882 -6.768882 -6.768882 -6.637791 -6.809639 -6.666604 -6.800165 -6.827017 -6.662111 -6.935363 -6.935363 -6.690385 -7.201656 -7.047376 -7.110194 -7.056723 -7.056723 -7.049964 NA -7.375472
2009 2 -7.238041 -7.222103 -7.222103 -7.222103 NA -7.133383 -7.276838 -7.260163 -7.311164 -7.140317 -7.21539 -7.21539 -7.167408 -7.383039 -7.290059 -7.279 -7.462905 -7.462905 -7.408164 -7.512257 -7.493315
2009 3 -7.518252 -7.499164 -7.499164 -7.499164 NA -7.500696 -7.510777 -7.527986 -7.513919 -7.518118 -7.507295 -7.507295 -7.574525 -7.711487 -7.513657 -7.615543 -7.653754 -7.653754 -7.642637 -7.606585 -7.60877
2009 4 -7.680809 -7.661634 -7.661634 -7.661634 NA -7.705878 -7.71641 -7.696267 -7.70845 -7.646681 -7.685074 -7.685074 -7.694116 -7.750718 -7.740766 -7.655338 -7.718187 -7.718187 -7.727906 -7.848573 -7.7572
2009 5 -7.772708 -7.782528 -7.782528 -7.782528 -7.780362 -7.77797 -7.781606 -7.777193 -7.763918 -7.774711 -7.756628 -7.756628 NA -7.77308 -7.763934 -7.724093 -7.781209 -7.781209 -7.78161 -7.771497 -7.456164
2009 6 -7.618431 -7.653847 -7.653847 -7.653847 -7.716164 -7.648857 -7.627704 -7.591639 -7.63289 -7.607577 -7.621688 -7.621688 -7.355246 -7.53492 -7.399725 -7.392713 -7.432737 -7.432737 -7.435614 -7.593057 -7.086395
2009 7 -7.212502 -7.266552 -7.266552 -7.266552 -7.43514 -7.264489 -7.29004 -7.218939 -7.198606 -7.246631 -7.215499 -7.215499 NA -7.134008 -6.916643 -7.284306 -7.09312 -7.09312 -7.067601 -7.1004 -6.776953
2009 8 -6.885517 -6.917628 -6.917628 -6.917628 -7.039104 -6.93858 -6.923712 -6.895354 -6.835502 -6.887764 -6.817606 -6.817606 NA -6.92989 -6.69473 -6.297887 -6.813865 -6.813865 -6.758135 -6.787902 -6.665583
2009 9 -6.839298 -6.825343 -6.825343 -6.825343 -6.80445 -6.811391 -6.833127 -6.850952 -6.81409 -6.840417 -6.84235 -6.84235 NA -6.88292 NA -7.234972 -7.036864 -7.036864 -7.099439 -6.894112 -6.89735
2009 10 -7.124824 -7.077855 -7.077855 -7.077855 NA -7.090142 -7.024321 -7.097194 -7.098429 -7.238372 -7.097939 -7.097939 -7.180589 -7.272152 NaN -7.263976 -7.121775 -7.121775 -7.121235 -7.324971 -7.647162
2009 11 -7.483544 -7.43057 -7.43057 -7.43057 NA -7.413951 -7.432964 -7.488767 -7.468952 -7.440822 -7.510172 -7.510172 NA -7.628442 -7.779708 -8.136065 -7.77666 -7.77666 -7.698966 -7.769165 -8.038134
2009 12 -7.925592 -7.829656 -7.829656 -7.829656 -7.707992 -7.954736 -7.863306 -7.91061 -7.934675 -7.91503 -7.992523 -7.992523 -8.130505 -7.978832 -8.033158 -7.78747 -8.231141 -8.231141 -8.317519 -8.282291 -8.45057
2010 1 -8.363006 -8.284241 -8.284241 -8.284241 -8.08416 -8.429181 -8.191259 -8.343797 -8.192638 -8.269358 -8.338856 -8.338856 -8.110995 -8.482375 -8.539663 NA -8.476668 -8.476668 -8.49396 -8.623557 -8.721516
2010 2 -8.764687 -8.756892 -8.756892 -8.756892 -8.587497 -8.686708 -8.793822 -8.792835 -8.872985 -8.76511 -8.774796 -8.774796 -8.706268 -8.833762 -8.896179 -8.858948 -8.943986 -8.943986 -8.939511 -9.005377 -9.151787
2010 3 -9.05001 -9.016862 -9.016862 -9.016862 -8.885754 -9.036782 -9.083248 -9.043296 -9.093688 -8.994894 -9.058491 -9.058491 -9.092182 -9.178072 -9.061032 -9.111642 -9.138541 -9.138541 -9.110676 -9.114321 -9.241506
2010 4 -9.19257 -9.183845 -9.183845 -9.183845 -9.122788 -9.207892 -9.188577 -9.192934 -9.211196 -9.199245 -9.205491 -9.205491 -9.212456 -9.189755 -9.210752 -9.070645 -9.228314 -9.228314 -9.228511 -9.236558 -9.106487
2010 5 -9.141294 -9.161754 -9.161754 -9.161754 -9.21608 -9.14802 -9.150246 -9.158443 -9.196662 -9.178878 -9.084754 -9.084754 -9.171152 -9.094515 -9.106183 -8.982924 -9.183624 -9.183624 -9.193915 -8.997038 -8.937134
2010 6 -8.854274 -8.914858 -8.914858 -8.914858 -9.072689 -8.937937 -8.784829 -8.870198 NA -8.879969 -8.776767 -8.776767 -8.897473 -8.795771 -8.717461 -8.579628 -8.756908 -8.756908 -8.784396 -8.692292 -8.405419
2010 7 -8.390056 -8.452054 -8.452054 -8.452054 -8.661069 -8.380903 -8.389738 -8.384074 NA -8.341266 -8.383219 -8.383219 NA -8.423045 -8.308395 -8.213961 -8.218818 -8.218818 -8.218819 -8.213791 -7.94973
2010 8 -8.065915 -8.093375 -8.093375 -8.093375 -8.216447 -8.068102 -8.068606 -8.055277 NA -8.160644 -8.040296 -8.040296 NA -8.015896 -8.031454 -7.821812 -8.012917 -8.012917 -7.99708 -7.93111 -7.779254
2010 9 -7.858459 -7.862959 -7.862959 -7.862959 -7.909476 -7.83918 -7.864633 -7.857559 NA -7.84907 -7.889118 -7.889118 -7.864414 -7.858383 -7.842529 -7.846042 NA NA -7.890752 -7.808587 -7.889418
2010 10 -7.931391 -7.914244 -7.914244 -7.914244 -7.862892 -7.92714 -8.009952 -7.922681 NA -7.858077 -7.975222 -7.975222 -7.988517 -7.861597 -7.998532 -8.022892 -8.001214 -8.001214 -7.991767 -7.976587 -8.020638
2010 11 -8.273312 -8.264299 -8.264299 -8.264299 NA -8.250692 -8.302251 -8.296155 NA -8.07949 -8.30995 -8.30995 -8.360209 -8.435163 -8.425817 -8.456668 -8.361473 -8.361473 -8.256279 -8.473612 -8.897279
2010 12 -8.673079 -8.579912 -8.579912 -8.579912 -8.376781 -8.652647 -8.629979 -8.669638 NA -8.512888 -8.673312 -8.673312 NA -8.755478 -8.932837 -8.675857 -8.716973 -8.716973 -8.654111 -9.00571 -9.248213
2011 1 -9.202036 -9.118391 -9.118391 -9.118391 -8.885994 -9.16592 -9.15526 -9.20932 NA -9.15866 -9.130791 -9.130791 -9.553773 -9.241683 -9.235241 -9.3752 -9.436025 -9.436025 -9.427974 -9.45626 -9.675885
2011 2 -9.656394 -9.619649 -9.619649 -9.619649 -9.497993 -9.690707 -9.693534 -9.647246 NA -9.3602 -9.519674 -9.519674 -9.536972 -9.834097 -9.735478 NA -9.719588 -9.719588 -9.720848 -9.902343 -10.114
2011 3 -10.00733 -9.996853 -9.996853 -9.996853 -9.86082 -9.991713 -10.01407 -10.03567 NA -9.872783 -10.02525 -10.02525 -10.01822 -10.04731 -10.08074 -10.0677 -10.08579 -10.08579 -9.983823 -10.26542 -10.44492
2011 4 -10.22771 -10.21611 -10.21611 -10.21611 -10.14264 -10.23251 -10.25787 -10.24896 NA -10.22645 -10.20277 -10.20277 -10.22948 NA -10.39002 -10.02235 -10.32702 -10.32702 NA -10.35423 -10.25359
2011 5 -10.22985 -10.20912 -10.20912 -10.20912 -10.27118 -10.21271 -10.29527 -10.24521 NA -10.29693 -10.23014 -10.23014 -10.29461 NA -10.21514 NA -10.2672 -10.2672 -10.32842 -10.22642 -9.81294
2011 6 -10.00961 -10.10321 -10.10321 -10.10321 NA -9.996882 -10.0068 -10.00169 NA -10.10781 -9.988888 -9.988888 -10.11935 NA -9.9908 -9.70566 -9.995383 -9.995383 -9.99201 -9.873309 -9.552016
2011 7 -9.621831 -9.664369 -9.664369 -9.664369 NA -9.641575 -9.593076 -9.623611 NA -9.667256 -9.653059 -9.653059 NA NA -9.42177 -9.419933 -9.671282 -9.671282 -9.670271 -9.491542 -9.150032
2011 8 -9.382445 -9.39626 -9.39626 -9.39626 -9.482255 -9.367386 -9.37499 -9.369263 -9.352303 -9.357563 -9.367766 -9.367766 -9.435525 -9.330976 -9.361848 -9.190426 -9.28383 -9.28383 -9.281639 -9.311619 -9.363206
2011 9 -9.289958 -9.277555 -9.277555 -9.277555 -9.304918 -9.29947 -9.293291 -9.302088 -9.310736 -9.348359 -9.300765 -9.300765 -9.242479 -9.259035 -9.280047 -9.346913 -9.26713 -9.26713 -9.264107 -9.28601 -9.565488
2011 10 -9.48642 -9.487927 -9.487927 -9.487927 -9.444026 -9.471687 -9.425993 -9.47353 -9.508437 -9.472731 -9.537527 -9.537527 -9.62307 -9.52939 -9.54472 -9.717773 -9.772801 -9.772801 -9.762889 -9.603051 -9.953749
2011 11 -9.862183 -9.83051 -9.83051 -9.83051 -9.637462 -9.764164 -9.826579 -9.832349 -9.912043 -9.822721 -9.796629 -9.796629 -9.915001 -10.17977 -9.991666 -10.34434 -9.971616 -9.971616 -9.993059 -10.01811 -10.29064
2011 12 -10.22862 -10.19424 -10.19424 -10.19424 NA -10.10989 -10.29871 -10.23403 -10.36931 -10.27068 -10.24279 -10.24279 -10.29767 -10.54419 -10.28319 -10.28969 -10.36961 -10.36961 -10.37429 -10.38202 -10.66623
2012 1 -10.62372 -10.57588 -10.57588 -10.57588 NA -10.52189 -10.70472 -10.66337 -10.69683 -10.53129 -10.61491 -10.61491 NA -10.95949 -10.76166 -11.01931 -10.85215 -10.85215 -10.57945 -10.96387 -10.55819
2012 2 -11.1 -11.06326 -11.06326 -11.06326 -10.87098 -11.10676 -11.18936 -11.11253 -11.08088 -11.08152 -11.12386 -11.12386 -11.01755 -11.59625 -11.18206 -11.18256 -11.69205 -11.69205 -11.35459 -11.40382 -11.49307
2012 3 -11.41044 -11.39387 -11.39387 -11.39387 -11.30253 -11.43038 -11.36219 -11.408 -11.38754 -11.40763 -11.44164 -11.44164 -11.47604 -11.46525 -11.46504 -11.46111 -11.45338 -11.45338 -11.44138 -11.49341 -11.56719
2012 4 -11.50375 -11.48836 -11.48836 -11.48836 -11.46728 -11.50603 -11.48843 -11.50814 -11.51944 -11.51718 -11.46236 -11.46236 -11.51737 -11.47316 -11.49378 -11.57259 -11.52119 -11.52119 -11.52055 -11.53261 -11.43437
2012 5 -11.41014 -11.42696 -11.42696 -11.42696 NA -11.39672 -11.45235 -11.40175 -11.43423 -11.41011 -11.31736 -11.31736 -11.33465 -11.34769 -11.35613 -11.40845 -11.33097 -11.33097 -11.33073 -11.29037 -11.10173
2012 6 -11.09485 -11.15523 -11.15523 -11.15523 -11.29999 -11.07969 -11.18836 -11.08508 -11.09635 -11.13687 -11.13857 -11.13857 -11.06222 -10.77052 -10.93672 -10.86618 -10.95097 -10.95097 -11.01879 -10.91157 -10.66141
2012 7 -10.65539 -10.71268 -10.71268 -10.71268 NA -10.69719 -10.67179 -10.66256 -10.65166 -10.88469 -10.57143 -10.57143 NA -10.59364 -10.52215 -10.36918 -10.6047 -10.6047 -10.62719 -10.50246 -10.28682
2012 8 -10.32994 -10.34421 -10.34421 -10.34421 -10.4764 -10.32038 -10.317 -10.3174 -10.32043 -10.38358 -10.31356 -10.31356 NA -10.28294 -10.24464 -10.09726 -10.23235 -10.23235 -10.26299 -10.20894 -10.32524
2012 9 -10.18327 -10.18746 -10.18746 -10.18746 NA -10.18227 -10.16329 -10.17849 -10.18247 -10.19348 -10.20664 -10.20664 -10.23418 -10.23933 -10.15906 NA -10.17277 -10.17277 -10.18528 -10.12594 -10.37122
2012 10 -10.27548 -10.24503 -10.24503 -10.24503 NA -10.2501 -10.22369 -10.2791 -10.24744 -10.29933 -10.27159 -10.27159 -10.43349 -10.26661 -10.22178 NA -10.28543 -10.28543 -10.2842 -10.31183 -10.70765
2012 11 -10.53917 -10.5048 -10.5048 -10.5048 -10.41906 -10.52607 -10.55629 -10.53963 -10.41164 -10.45142 -10.45628 -10.45628 -10.5559 -10.51436 NA NA -10.57204 -10.57204 -10.57307 -10.70471 -11.58109
2012 12 -10.90585 -10.8642 -10.8642 -10.8642 -10.74373 -10.92546 -10.83232 -10.90268 -10.83678 -10.81812 -10.84319 -10.84319 -10.85145 -11.00283 -11.01203 NA -11.06209 -11.06209 -11.06284 -11.16715 -11.88309
2013 1 -11.38281 -11.32124 -11.32124 -11.32124 NA -11.28984 -11.23426 -11.37359 -11.38748 NA -11.47587 -11.47587 -11.28693 -11.77155 -11.39407 NA -11.54056 -11.54056 -11.53355 -11.64354 -11.85414
2013 2 -11.74659 -11.70631 -11.70631 -11.70631 NA -11.76562 -11.86496 -11.78479 -11.70631 -11.79385 -11.75489 -11.75489 -11.99848 -11.99634 -11.73184 -12.38601 -11.91649 -11.91649 -11.92893 -12.03279 -12.24457
2013 3 -12.05968 -12.0203 -12.0203 -12.0203 -11.94175 -12.04599 -12.0543 -12.0622 -12.02869 -12.06624 -12.08075 -12.08075 -12.06646 -12.04972 -12.05969 -12.13352 -12.17521 -12.17521 -12.1782 -12.15823 -12.17467
2013 4 -12.08133 -12.10233 -12.10233 -12.10233 -12.1231 -12.07606 -12.02874 -12.08573 -12.09504 -12.10615 -12.02642 -12.02642 -12.08684 -12.08868 -12.08591 -12.01453 -12.02244 -12.02244 -12.0413 -12.05151 -11.93304
2013 5 -11.87805 -11.91208 -11.91208 -11.91208 -11.9915 -11.87148 -11.89302 -11.89782 -11.86113 -12.01999 -11.86948 -11.86948 -11.82643 -11.82364 -11.84284 -11.84667 -11.88694 -11.88694 -11.89151 -11.75752 -11.50204
2013 6 -11.50713 -11.56382 -11.56382 -11.56382 -11.70415 -11.43962 -11.46287 -11.51714 -11.5024 -11.59275 -11.5568 -11.5568 -11.61064 -11.55381 -11.41506 -10.69552 -11.63886 -11.63886 -11.64017 -11.3309 -10.83948
2013 7 -11.05939 -11.13539 -11.13539 -11.13539 -11.31652 -11.07413 -11.08257 -11.05328 -11.07653 -11.10899 -11.03772 -11.03772 -10.93815 -11.20538 -10.9122 -11.04599 -10.95329 -10.95329 -10.74435 -10.86703 -10.37955
2013 8 -10.70401 -10.70603 -10.70603 -10.70603 -10.85541 -10.71923 -10.71122 -10.71536 -10.67946 -10.69389 -10.76056 -10.76056 NA -10.73397 -10.67433 NA -10.75774 -10.75774 -10.76658 -10.61153 -10.52742
2013 9 -10.62481 -10.62361 -10.62361 -10.62361 -10.63277 -10.61895 -10.6382 -10.63264 -10.65692 -10.7112 -10.63155 -10.63155 -10.71878 -10.66127 -10.56784 NA -10.71857 -10.71857 -10.69829 -10.60654 -10.84328
2013 10 -10.82799 -10.79608 -10.79608 -10.79608 -10.76621 -10.81378 -10.79882 -10.82564 -10.87231 -10.76098 -10.81448 -10.81448 -11.32827 -10.81975 -10.84382 NA -10.88351 -10.88351 -10.88303 -10.93762 -11.28623
2013 11 -11.15715 -11.11168 -11.11168 -11.11168 -10.93955 -11.15702 -11.19126 -11.19163 -11.20186 -10.98779 -11.18793 -11.18793 -11.27158 -11.33044 -11.10358 -11.29672 -11.44212 -11.44212 -11.44095 -11.30036 -11.75829
2013 12 -11.55617 -11.45189 -11.45189 -11.45189 -11.40699 -11.53762 -11.51735 -11.57507 -11.47922 -11.56079 -11.54275 -11.54275 -11.5588 -11.62098 -11.78464 NA -11.61328 -11.61328 -11.61202 -11.82097 -12.47315
2014 1 -11.9892 -11.96964 -11.96964 -11.96964 -11.75011 -11.97437 -11.94798 -12.02202 -11.9079 -12.01398 -12.00334 -12.00334 -11.75336 -12.29516 -12.22086 NA -12.12552 -12.12552 -12.16567 -12.29779 -13.03432
2014 2 -12.33384 -12.24316 -12.24316 -12.24316 -12.09413 -12.32253 -12.38423 -12.37652 -12.23902 -12.31649 -12.3947 -12.3947 -12.44436 -12.52734 -12.4834 NA -12.63672 -12.63672 -12.60937 -12.56304 -12.96233
2014 3 -12.63144 -12.61697 -12.61697 -12.61697 -12.55492 -12.61665 -12.65003 -12.63294 -12.51054 -12.59458 -12.66118 -12.66118 -12.6866 -12.65048 -12.74346 -12.7516 -12.7794 -12.7794 -12.66088 -12.90937 -12.82134
2014 4 -12.81067 -12.79366 -12.79366 -12.79366 -12.76918 -12.84186 -12.80436 -12.81337 -12.79105 -12.81695 -12.80494 -12.80494 -12.77074 -12.8922 -12.87715 -12.85072 -12.83547 -12.83547 -12.83384 -12.93692 -12.86776
2014 5 -12.84485 -12.85887 -12.85887 -12.85887 -12.88023 -12.83402 -12.82401 -12.8342 -12.84661 -12.83874 -12.83267 -12.83267 -12.69064 -12.49597 -12.73351 -12.65215 -12.7823 -12.7823 -12.80212 -12.7913 -12.61903
2014 6 -12.66015 -12.67688 -12.67688 -12.67688 -12.76984 -12.69582 -12.70617 -12.65603 -12.73028 -12.64863 -12.58468 -12.58468 -12.48447 -12.68607 -12.40804 -12.56149 -12.51638 -12.51638 -12.56438 -12.5666 -12.0647
2014 7 -12.33687 -12.39238 -12.39238 -12.39238 -12.53788 -12.33586 -12.32527 -12.32132 -12.35476 -12.26737 -12.35756 -12.35756 NA -12.29374 -12.22834 -12.11442 -12.26719 -12.26719 NA -12.23567 -11.8094
2014 8 -12.10587 -12.10042 -12.10042 -12.10042 -12.1716 -12.06761 -12.08224 -12.10945 -12.14599 -12.09268 -12.08502 -12.08502 -12.12075 -12.12288 -12.0805 -12.03471 -12.15866 -12.15866 -12.16546 -12.07947 -11.88669
2014 9 -12.12516 -12.1043 -12.1043 -12.1043 -12.0977 -12.11228 -12.09626 -12.10679 -12.08844 -12.12115 -12.13947 -12.13947 -12.15396 -12.11455 -12.13172 -11.90392 -12.14149 -12.14149 -12.14368 -12.16258 -12.1705
2014 10 -12.32753 -12.30583 -12.30583 -12.30583 -12.28234 -12.30599 -12.30328 -12.3298 -12.29045 -12.36586 -12.40207 -12.40207 -12.3782 -12.31615 -12.42302 -12.50409 -12.41049 -12.41049 -12.3798 -12.47366 -12.82517
2014 11 -12.79297 -12.73831 -12.73831 -12.73831 -12.60056 -12.7716 -12.70693 -12.75913 -12.77234 -12.88527 -12.77319 -12.77319 -13.03754 -12.79215 -12.86118 -12.65091 -13.00398 -13.00398 -12.95716 -13.04275 -13.66602
2014 12 -13.21548 -13.13121 -13.13121 -13.13121 -12.87453 -13.12676 -13.229 -13.21523 -13.10586 -13.15168 -13.19589 -13.19589 -13.25934 -13.32199 NA NA -13.58694 -13.58694 -13.64328 -13.63659 -13.78925
2015 1 -13.70897 -13.63908 -13.63908 -13.63908 -13.47204 -13.65985 -13.69644 -13.69544 -13.6906 -13.62462 -13.69688 -13.69688 -13.42306 -13.86993 -13.62635 -14.26798 -13.71993 -13.71993 -13.71931 -14.10408 -14.40393
2015 2 -14.2005 -14.17099 -14.17099 -14.17099 -14.00246 -14.24425 -14.22741 -14.23654 -14.13057 -14.23581 -14.28239 -14.28239 -14.38031 -14.48553 -14.40045 -14.7439 -14.52302 -14.52302 -14.52271 -14.60311 -14.52097
2015 3 -14.58 -14.52918 -14.52918 -14.52918 NA -14.53654 -14.5739 -14.5925 -14.55128 -14.57663 -14.59956 -14.59956 -14.64866 -14.5823 -14.88215 NA -14.63583 -14.63583 -14.63615 -14.77777 -14.72269
2015 4 -14.74676 -14.7346 -14.7346 -14.7346 -14.67423 -14.76053 -14.74257 -14.74233 -14.73775 -14.73721 -14.73896 -14.73896 -14.53665 -14.76242 -14.77668 NA -14.76046 -14.76046 -14.76167 -14.82156 -14.59792
2015 5 -14.62627 -14.67735 -14.67735 -14.67735 -14.74938 -14.65781 -14.67616 -14.62633 -14.58369 -14.60944 -14.53122 -14.53122 -14.54988 -14.4868 -14.31969 -14.31015 -14.58987 -14.58987 -14.57042 -14.56738 -14.11932
2015 6 -14.32957 -14.36351 -14.36351 -14.36351 -14.43436 -14.33816 -14.3398 -14.32985 -14.2852 -14.36725 -14.35967 -14.35967 -14.2312 -14.18893 -14.2365 -13.9583 -14.15187 -14.15187 -14.16067 -14.20921 -13.42554
2015 7 -13.97279 -14.02207 -14.02207 -14.02207 NA -13.98299 -14.00101 -13.98208 -13.99444 -14.24933 -13.86605 -13.86605 NA -13.94262 -13.86714 -13.87929 -13.94299 -13.94299 -13.99104 -13.8236 -13.53774
2015 8 -13.60671 -13.65136 -13.65136 -13.65136 -13.78129 -13.58571 -13.64801 -13.60727 -13.65319 -13.60569 -13.44588 -13.44588 NA -13.58863 -13.51797 NA -13.6114 -13.6114 -13.62073 -13.52151 -13.35297
2015 9 -13.51316 -13.51903 -13.51903 -13.51903 -13.54677 -13.50574 -13.4898 -13.5036 -13.50644 -13.50797 -13.52432 -13.52432 NA -13.49631 -13.52005 -13.7369 -13.56828 -13.56828 -13.58157 -13.54574 -13.55814
2015 10 -13.6821 -13.65945 -13.65945 -13.65945 -13.61608 -13.66973 -13.64632 -13.66781 -13.66007 -13.66413 -13.69029 -13.69029 -13.57764 -13.6663 -13.70901 NA -13.61272 -13.61272 -13.61298 -13.7225 -13.99841
2015 11 -13.95648 -13.91122 -13.91122 -13.91122 -13.73525 -13.8926 -13.9613 -13.97113 -13.82373 -13.991 -13.94386 -13.94386 -13.97714 -14.46078 -14.01571 -14.10424 -14.18171 -14.18171 -14.17475 -14.03852 -14.63288
2015 12 -14.31406 -14.24661 -14.24661 -14.24661 -14.12727 -14.32119 -14.30715 -14.29919 -14.20149 -14.35036 -14.28644 -14.28644 -14.54332 -14.38229 -14.48717 -14.64251 -14.44301 -14.44301 -14.43897 -14.66282 -15.0198
2016 1 -14.73177 -14.75979 -14.75979 -14.75979 NA -14.73766 -14.83376 -14.7717 -14.69758 -14.77449 -14.84654 -14.84654 -14.70843 -15.13038 -14.82817 NA -14.90049 -14.90049 -14.89946 -15.07125 -15.17102
2016 2 -15.16291 -15.15917 -15.15917 -15.15917 NA -15.21152 -15.20773 -15.18696 -15.1026 -15.07378 -15.11545 -15.11545 -15.17673 -15.27332 -15.19578 -15.37316 -15.32056 -15.32056 -15.31166 -15.33217 -15.36682
2016 3 -15.46358 -15.45222 -15.45222 -15.45222 -15.37093 -15.5276 -15.43288 -15.44972 -15.50805 -15.45044 -15.41939 -15.41939 -15.49546 -15.5228 -15.48799 NA -15.52112 -15.52112 -15.53397 -15.55053 -15.46705
2016 4 -15.53132 -15.53095 -15.53095 -15.53095 NA -15.51671 -15.53298 -15.54952 -15.54642 -15.54213 -15.55369 -15.55369 -15.57233 -15.65703 -15.56403 NA -15.60511 -15.60511 -15.6088 -15.57183 -15.43646
2016 5 -15.46103 -15.48106 -15.48106 -15.48106 -15.54152 -15.46822 -15.51239 -15.46196 -15.49725 -15.46904 -15.43031 -15.43031 -15.44375 -15.50177 -15.49114 -14.97063 -15.42509 -15.42509 -15.43128 -15.41445 -14.73118
2016 6 -15.13251 -15.17368 -15.17368 -15.17368 -15.33164 -15.10547 -15.16108 -15.1076 -15.16507 -15.14766 -15.00409 -15.00409 -14.58199 -15.00524 -14.78451 -14.03122 -14.82963 -14.82963 -14.82917 -14.85503 -14.27696
2016 7 -14.50957 -14.54791 -14.54791 -14.54791 -14.84265 -14.50204 -14.43969 -14.53727 -14.43288 -14.52509 -14.56743 -14.56743 NA -14.27612 -14.31598 -14.09333 -14.31417 -14.31417 -14.31467 -14.34609 -13.96682
2016 8 -14.09113 -14.12801 -14.12801 -14.12801 -14.2362 -14.10164 -14.0373 -14.09146 -14.11823 -14.07325 -14.03742 -14.03742 -14.21212 -14.07585 -14.03036 -14.06759 -14.09096 -14.09096 -14.09192 -14.00686 -13.88643
2016 9 -13.991 -13.99951 -13.99951 -13.99951 -14.04314 -14.00029 -13.97895 -13.99961 -14.00682 -13.99207 -13.96478 -13.96478 NA -14.01092 -13.99653 -14.05424 -14.11575 -14.11575 -14.11316 -14.00333 -14.1269
2016 10 -14.15452 -14.1203 -14.1203 -14.1203 -13.98748 -14.18623 -14.13771 -14.15998 -14.12873 NA -14.27058 -14.27058 -14.21638 -14.24115 -14.19066 -14.44843 -14.1697 -14.1697 -14.16959 -14.20659 -14.50074
2016 11 -14.47482 -14.43192 -14.43192 -14.43192 -14.32702 -14.52629 -14.42014 -14.46893 -14.44304 -14.53615 -14.48031 -14.48031 -14.58639 -14.4918 -14.63874 -14.63457 -14.59768 -14.59768 -14.57189 -14.62907 -14.80106
2016 12 -14.89799 -14.84602 -14.84602 -14.84602 NA -14.80632 -14.87295 -14.86624 -14.91464 -14.78811 -14.83694 -14.83694 -15.07772 -15.05402 -15.12088 -15.51872 -15.04538 -15.04538 -15.04937 -15.28376 -15.49671
2017 1 -15.39209 -15.33132 -15.33132 -15.33132 -15.19596 -15.36772 -15.43236 -15.41003 -15.47205 -15.3973 -15.2062 -15.2062 NA -15.83473 -15.57113 -16.15719 -15.62059 -15.62059 -15.62745 -15.86118 -16.11401
2017 2 -15.9536 -15.92741 -15.92741 -15.92741 -15.69868 NA -15.9801 -15.96881 -15.95068 -15.91116 -15.94197 -15.94197 -16.02119 -15.77083 -16.38404 -16.92973 -16.04004 -16.04004 -15.9379 -16.32159 -16.49979
2017 3 -16.34129 -16.31866 -16.31866 -16.31866 NA NA -16.35153 -16.34463 -16.29215 -16.36467 -16.3259 -16.3259 -16.41777 NA -16.42705 -16.35182 -16.44219 -16.44219 -16.47131 -16.52922 -16.66308
2017 4 -16.53444 -16.5245 -16.5245 -16.5245 NA NA -16.57516 -16.54091 -16.53884 -16.54794 -16.5677 -16.5677 -16.54521 NA -16.56059 -15.99844 -16.67195 -16.67195 -16.72084 -16.69756 -16.65529
2017 5 -16.46316 -16.50366 -16.50366 -16.50366 -16.57817 NA -16.40131 -16.45923 -16.50772 -16.46335 -16.522 -16.522 -16.4075 -16.39714 -16.47014 -16.19656 -16.35139 -16.35139 -16.39823 -16.36257 -15.81004
2017 6 -16.16883 -16.22166 -16.22166 -16.22166 -16.29037 NA -16.19096 -16.16643 -16.16029 -16.20043 -16.16996 -16.16996 NA -16.12388 -16.08545 -15.807 -15.97686 -15.97686 -16.00073 -15.96895 -15.19992
2017 7 -15.74952 -15.8671 -15.8671 -15.8671 -15.99671 NA -15.77617 -15.74544 -15.80731 -15.87125 -15.88689 -15.88689 -15.5578 -15.64696 -15.54829 -15.60115 -15.65172 -15.65172 -15.6343 -15.53607 -15.07425
2017 8 -15.36418 -15.3829 -15.3829 -15.3829 -15.40253 NA -15.36033 -15.36721 -15.38148 -15.41242 -15.32458 -15.32458 NA -15.38495 -15.31468 -15.34982 -15.33667 -15.33667 -15.32271 -15.29579 -15.0258
2017 9 -15.28578 -15.27736 -15.27736 -15.27736 -15.25587 NA -15.32444 -15.27273 -15.27851 -15.27524 -15.28465 -15.28465 NA -15.38282 -15.33091 -15.23812 -15.40389 -15.40389 -15.33338 -15.32726 -15.24876
2017 10 -15.4894 -15.46208 -15.46208 -15.46208 -15.39844 NA -15.50708 -15.47942 -15.51817 -15.44225 -15.4874 -15.4874 NA -15.44529 -15.52546 -15.5274 -15.94916 -15.94916 -15.53768 -15.56686 -15.53083
2017 11 -15.6955 -15.65625 -15.65625 -15.65625 -15.57641 NA -15.81627 -15.73478 -15.76768 -15.66175 -15.65968 -15.65968 NA -16.08904 -15.95162 -16.26298 -16.46579 -16.46579 -15.74174 -15.87052 -15.91853
2017 12 -16.04452 -15.9995 -15.9995 -15.9995 -15.89544 -16.18015 -16.09138 -16.0423 -16.09817 -16.02415 -16.14336 -16.14336 NA -16.09229 -16.2347 -16.54827 -16.29355 -16.29355 -16.15808 -16.33214 -16.55696
2018 1 NA NA NA NA NA NA NA NA NA NA NA NA NA NA NA NA NA NA NA NA NA
2018 2 NA NA NA NA NA NA NA NA NA NA NA NA NA NA NA NA NA NA NA NA NA
2018 3 NA NA NA NA NA NA NA NA NA NA NA NA NA NA NA NA NA NA NA NA NA
2018 4 NA NA NA NA NA NA NA NA NA NA NA NA NA NA NA NA NA NA NA NA NA
2018 5 NA NA NA NA NA NA NA NA NA NA NA NA NA NA NA NA NA NA NA NA NA
2018 6 NA NA NA NA NA NA NA NA NA NA NA NA NA NA NA NA NA NA NA NA NA
2018 7 NA NA NA NA NA NA NA NA NA NA NA NA NA NA NA NA NA NA NA NA NA
2018 8 NA NA NA NA NA NA NA NA NA NA NA NA NA NA NA NA NA NA NA NA NA
2018 9 NA NA NA NA NA NA NA NA NA NA NA NA NA NA NA NA NA NA NA NA NA
2018 10 NA NA NA NA NA NA NA NA NA NA NA NA NA NA NA NA NA NA NA NA NA
2018 11 NA NA NA NA NA NA NA NA NA NA NA NA NA NA NA NA NA NA NA NA NA
2018 12 NA NA NA NA NA NA NA NA NA NA NA NA NA NA NA NA NA NA NA NA NA
2019 1 NA NA NA NA NA NA NA NA NA NA NA NA NA NA NA NA NA NA NA NA NA
2019 2 NA NA NA NA NA NA NA NA NA NA NA NA NA NA NA NA NA NA NA NA NA
2019 3 NA NA NA NA NA NA NA NA NA NA NA NA NA NA NA NA NA NA NA NA NA
2019 4 NA NA NA NA NA NA NA NA NA NA NA NA NA NA NA NA NA NA NA NA NA
2019 5 NA NA NA NA NA NA NA NA NA NA NA NA NA NA NA NA NA NA NA NA NA
2019 6 NA NA NA NA NA NA NA NA NA NA NA NA NA NA NA NA NA NA NA NA NA
2019 7 NA NA NA NA NA NA NA NA NA NA NA NA NA NA NA NA NA NA NA NA NA
2019 8 NA NA NA NA NA NA NA NA NA NA NA NA NA NA NA NA NA NA NA NA NA
2019 9 NA NA NA NA NA NA NA NA NA NA NA NA NA NA NA NA NA NA NA NA NA
2019 10 NA NA NA NA NA NA NA NA NA NA NA NA NA NA NA NA NA NA NA NA NA
2019 11 NA NA NA NA NA NA NA NA NA NA NA NA NA NA NA NA NA NA NA NA NA
2019 12 NA NA NA NA NA NA NA NA NA NA NA NA NA NA NA NA NA NA NA NA NA
2020 1 NA NA NA NA NA NA NA NA NA NA NA NA NA NA NA NA NA NA NA NA NA
2020 2 NA NA NA NA NA NA NA NA NA NA NA NA NA NA NA NA NA NA NA NA NA
2020 3 NA NA NA NA NA NA NA NA NA NA NA NA NA NA NA NA NA NA NA NA NA
2020 4 NA NA NA NA NA NA NA NA NA NA NA NA NA NA NA NA NA NA NA NA NA
2020 5 NA NA NA NA NA NA NA NA NA NA NA NA NA NA NA NA NA NA NA NA NA
2020 6 NA NA NA NA NA NA NA NA NA NA NA NA NA NA NA NA NA NA NA NA NA
2020 7 NA NA NA NA NA NA NA NA NA NA NA NA NA NA NA NA NA NA NA NA NA
2020 8 NA NA NA NA NA NA NA NA NA NA NA NA NA NA NA NA NA NA NA NA NA
2020 9 NA NA NA NA NA NA NA NA NA NA NA NA NA NA NA NA NA NA NA NA NA
2020 10 NA NA NA NA NA NA NA NA NA NA NA NA NA NA NA NA NA NA NA NA NA
2020 11 NA NA NA NA NA NA NA NA NA NA NA NA NA NA NA NA NA NA NA NA NA
2020 12 NA NA NA NA NA NA NA NA NA NA NA NA NA NA NA NA NA NA NA NA NA
