year month SPO_NOAA_insitu SPO_NOAA_flask SPO_SIO_O2_flask SPO_SIO_CDK_flask SPO_CSIRO_flask HBA_NOAA_flask SYO_NOAA_flask SYO_TU_insitu MAA_CSIRO_flask CYA_CSIRO_flask PSA_NOAA_flask PSA_SIO_O2_flask DRP_NOAA_flask MQA_CSIRO_flask CRZ_NOAA_flask BHD_NIWA_insitu CGO_NOAA_flask CGO_SIO_O2_flask CGO_CSIRO_flask AMS_LSCE_insitu CPT_SAWS_insitu
1998 1 NA NA NA NA NA NA NA NA NA NA NA NA NA NA NA NA NA NA NA NA NA
1998 2 NA NA NA NA NA NA NA NA NA NA NA NA NA NA NA NA NA NA NA NA NA
1998 3 NA NA NA NA NA NA NA NA NA NA NA NA NA NA NA NA NA NA NA NA NA
1998 4 NA NA NA NA NA NA NA NA NA NA NA NA NA NA NA NA NA NA NA NA NA
1998 5 NA NA NA NA NA NA NA NA NA NA NA NA NA NA NA NA NA NA NA NA NA
1998 6 NA NA NA NA NA NA NA NA NA NA NA NA NA NA NA NA NA NA NA NA NA
1998 7 NA NA NA NA NA NA NA NA NA NA NA NA NA NA NA NA NA NA NA NA NA
1998 8 NA NA NA NA NA NA NA NA NA NA NA NA NA NA NA NA NA NA NA NA NA
1998 9 NA NA NA NA NA NA NA NA NA NA NA NA NA NA NA NA NA NA NA NA NA
1998 10 NA NA NA NA NA NA NA NA NA NA NA NA NA NA NA NA NA NA NA NA NA
1998 11 NA NA NA NA NA NA NA NA NA NA NA NA NA NA NA NA NA NA NA NA NA
1998 12 NA NA NA NA NA NA NA NA NA NA NA NA NA NA NA NA NA NA NA NA NA
1999 1 NA NA NA NA NA NA NA NA NA NA NA NA NA NA NA NA NA NA NA NA NA
1999 2 NA NA NA NA NA NA NA NA NA NA NA NA NA NA NA NA NA NA NA NA NA
1999 3 NA NA NA NA NA NA NA NA NA NA NA NA NA NA NA NA NA NA NA NA NA
1999 4 NA NA NA NA NA NA NA NA NA NA NA NA NA NA NA NA NA NA NA NA NA
1999 5 NA NA NA NA NA NA NA NA NA NA NA NA NA NA NA NA NA NA NA NA NA
1999 6 NA NA NA NA NA NA NA NA NA NA NA NA NA NA NA NA NA NA NA NA NA
1999 7 NA NA NA NA NA NA NA NA NA NA NA NA NA NA NA NA NA NA NA NA NA
1999 8 NA NA NA NA NA NA NA NA NA NA NA NA NA NA NA NA NA NA NA NA NA
1999 9 NA NA NA NA NA NA NA NA NA NA NA NA NA NA NA NA NA NA NA NA NA
1999 10 NA NA NA NA NA NA NA NA NA NA NA NA NA NA NA NA NA NA NA NA NA
1999 11 NA NA NA NA NA NA NA NA NA NA NA NA NA NA NA NA NA NA NA NA NA
1999 12 NA NA NA NA NA NA NA NA NA NA NA NA NA NA NA NA NA NA NA NA NA
2000 1 0.001484827 0.001778789 0.001071719 0.001235982 3.047029e-07 0.002495719 0.00109978 0.002486114 NA 0.001078084 0.0007174563 0.00103846 NA 0.002647408 NA 0.05494035 0.04862722 0.0831966 0.04823232 0.008102051 0.1116974
2000 2 0.01862919 0.02279392 0.01374214 0.01371181 0.006168489 0.02327307 0.01993781 0.02032152 0.02013471 0.005889106 0.03062542 0.03878714 NA 0.03242251 0.03851673 0.1613833 0.1406234 0.1360991 0.08941779 0.03910375 0.1486994
2000 3 0.07234445 0.07030593 0.05555527 0.05552666 0.04685729 0.06934004 0.07587766 0.05996484 0.04823035 0.05145503 0.07606863 0.07787022 NA 0.06660768 0.1001827 0.1472656 0.1212412 0.1278948 0.1209754 0.1169041 0.1998449
2000 4 0.1375817 0.123987 0.1147311 0.1147586 0.0962731 0.1320203 0.1410991 0.1502914 0.1394745 0.1246231 0.1502682 0.1481347 NA 0.339357 0.1733988 0.2200651 0.2632149 0.2520889 0.2681379 0.2148359 0.3892106
2000 5 0.2616301 0.2603803 0.2339819 0.23387 0.2162128 0.2743722 0.2849519 0.2613974 0.2485644 NA 0.2570436 0.2715531 NA 0.3060249 0.3165443 0.4023728 0.3463906 0.2956824 0.3469912 0.3455888 0.5882681
2000 6 0.4209935 0.4114037 0.3910035 0.3906906 0.3405423 0.4221172 0.4710766 0.4368701 0.414474 NA 0.4211905 0.4221975 NA 0.4773206 0.4876559 0.7118207 0.5461828 0.4954387 0.5645472 0.5059424 0.6910001
2000 7 0.5919991 0.6039448 0.5723118 0.5733698 0.5252373 0.59365 0.6511301 0.5937261 0.5472003 NA 0.5649805 0.5987197 NA 0.6631519 0.6294505 0.641534 0.7107308 0.7258286 0.7185851 0.6981408 0.851712
2000 8 0.804733 0.7874265 0.750502 0.7502608 0.6994471 0.7785218 0.8456542 0.7996935 0.7422063 NA 0.8039504 0.8710669 NA 0.7838275 0.8012889 0.95483 0.9224038 0.9215577 0.9402384 0.8823799 1.068941
2000 9 1.005694 0.9912431 0.9531344 0.9532878 0.9066941 1.022954 1.060971 1.012126 1.017551 NA 1.007093 1.05091 NA 1.05843 0.9344325 1.107809 1.122613 1.129328 1.07464 1.103729 1.156585
2000 10 1.199912 1.197528 1.158042 1.149586 NA 1.189247 1.146885 1.199971 1.185651 NA 1.22364 1.245901 NA 1.21373 1.240005 1.32118 1.272198 1.271154 1.27696 1.294478 1.436188
2000 11 1.402441 1.365543 1.333247 1.333668 1.283571 1.380136 1.385993 1.39451 1.382055 NA 1.408329 1.400525 NA 1.435514 1.463815 1.444354 1.591611 1.536094 1.537089 1.449466 1.701696
2000 12 1.557115 1.546332 1.527483 1.527047 1.505992 1.53503 1.550292 1.547692 1.522485 NA 1.544277 1.541666 NA 1.568816 1.518463 1.700836 1.598882 1.576152 1.605417 1.724498 1.767957
2001 1 1.720454 1.684896 1.653321 1.653397 1.595682 1.716615 1.834764 1.738268 1.671806 NA 1.752306 1.67161 NA 1.835902 1.893599 NA 2.046979 1.97401 2.035875 1.89369 2.044434
2001 2 1.986344 NA 1.94204 1.940491 1.865642 1.99381 1.998381 1.977902 1.983293 NA 1.984103 1.992087 NA 2.068213 2.056755 NA 2.166482 2.188016 2.185539 2.248444 2.345101
2001 3 2.20504 NA 2.15787 2.109885 2.062485 2.232851 2.122015 2.232597 2.319554 NA 2.245883 2.288518 NA 2.404909 2.360163 2.421781 2.488197 2.569883 2.491735 2.596267 2.596705
2001 4 2.564342 NA 2.480101 2.482903 2.390077 2.531688 2.645029 2.573728 2.639686 NA 2.592125 2.572069 NA 2.742541 2.607666 2.766777 2.633351 2.712489 2.636113 2.766481 2.977454
2001 5 2.90393 NA 2.874885 2.798815 2.722745 2.85638 3.013412 2.900328 2.930094 NA 2.958201 2.981756 NA 3.035398 3.046969 3.072678 3.165675 3.179649 3.167165 3.118321 3.326411
2001 6 3.231556 NA 3.177774 3.178809 3.115069 3.176262 3.206941 3.238894 3.247721 NA 3.253181 3.190096 NA 3.265179 3.404228 3.424743 3.423367 3.445271 3.417751 3.405013 3.565553
2001 7 3.533998 3.609941 3.486864 3.486772 3.369698 3.429646 3.478159 3.539419 3.496964 NA 3.488178 3.44496 NA 3.802274 3.595074 3.729193 3.771895 3.723998 3.801256 3.644575 3.787752
2001 8 3.806619 3.768421 3.730935 3.730947 3.63941 3.786531 3.793841 3.815101 3.851142 NA 3.790469 3.928706 NA 3.840006 3.963392 3.926333 3.871768 3.92037 3.885828 3.989289 4.085857
2001 9 4.162351 4.122978 4.265107 4.112454 3.96019 4.198192 4.125083 4.138263 4.183917 NA 4.445998 NA NA 4.223019 4.260688 4.31288 4.250732 4.178722 4.254099 4.321754 4.402392
2001 10 4.398015 4.39658 4.406329 4.406732 4.419369 4.385908 4.478572 4.400308 4.432471 NA 4.456357 4.450539 NA 4.443864 4.417358 4.710049 4.562694 4.568369 4.571264 4.475419 4.68732
2001 11 4.656235 4.676157 4.635243 4.700567 4.710773 4.596174 4.631899 4.630018 4.649768 NA 4.670357 4.627601 NA 4.677639 NA 4.880897 4.874037 4.875355 4.875232 4.754361 4.929864
2001 12 4.85404 4.867757 4.803651 4.839374 NA 4.81433 4.855153 4.844229 4.869365 NA 4.855538 4.933559 NA 4.938495 NA 5.130803 4.953261 4.957152 4.960377 4.975324 5.088642
2002 1 5.076568 5.044599 5.018947 5.019206 NA 5.003347 5.086694 5.059568 5.1153 5.156363 5.047075 4.991384 NA 5.073361 NA 5.269269 5.216109 NA 5.212385 5.229036 5.295079
2002 2 5.255968 5.222365 5.181835 5.181468 NA 5.287714 5.365011 5.279487 5.228358 5.356801 5.360621 5.276316 NA 5.427023 NA 5.421573 5.453324 5.531921 5.482349 5.544886 5.636137
2002 3 5.603819 5.551377 5.504425 5.504796 5.555887 5.548251 5.628649 5.600826 5.433129 5.450053 5.666623 5.591691 NA 5.677241 NA 5.786544 5.799503 5.694612 5.819771 5.810114 6.001865
2002 4 5.980288 5.984074 5.956251 5.956289 5.82247 5.959786 6.032694 5.963648 5.990744 NA 5.976689 6.132647 NA 6.0252 6.120558 6.145753 6.026488 6.0266 6.05396 6.161896 6.350683
2002 5 6.337152 6.286153 6.244076 6.244203 6.325573 6.299267 6.279526 6.355981 NA NA 6.221873 6.336383 NA 6.387907 NA 6.501494 6.470538 6.548619 6.435321 6.440348 6.538895
2002 6 6.629613 6.614208 6.583446 6.58352 6.520774 6.626078 6.573891 6.631509 NA 6.649515 6.642805 6.661449 NA 6.632775 6.815495 6.76882 6.760001 6.725519 6.782505 6.730259 6.874494
2002 7 6.925335 6.874318 6.828883 6.829428 6.767501 6.93464 6.880079 6.930812 NA 6.922709 7.037176 6.956794 NA 7.11429 7.065716 7.120861 7.171979 7.202113 7.005036 7.080841 7.182169
2002 8 7.253493 7.217185 7.200568 7.199512 7.070816 7.240888 7.230877 7.250222 NA 7.203231 7.301226 7.298385 NA 7.275059 7.310303 7.38771 7.310945 7.25832 7.326415 7.377247 7.57004
2002 9 7.546328 7.515523 7.490257 7.491211 7.402718 7.516763 7.49142 7.525356 NA 7.468122 7.584444 7.662276 NA 7.667463 7.635451 7.680072 7.602195 7.586175 7.606235 7.73323 7.886306
2002 10 7.840821 7.81825 7.806867 7.807437 7.784381 7.803234 7.810164 7.837886 NA 7.871461 7.808195 7.833035 NA 7.989298 7.884285 7.83889 7.955313 7.899926 7.943568 7.955526 8.039312
2002 11 8.01601 8.017268 7.996175 8.011106 7.973962 7.999793 7.998613 8.018408 7.986129 7.964066 8.036583 8.01935 NA 8.140826 8.176188 8.211908 8.144967 8.126602 8.18895 8.192365 8.211561
2002 12 8.203929 8.178024 8.152454 8.152001 8.107095 8.189048 8.199397 8.21968 8.18509 8.244491 8.266673 8.229983 NA 8.284484 NA 8.395084 8.30149 8.301065 8.291778 8.367786 8.527077
2003 1 8.417872 8.399935 8.372437 8.372728 8.339511 8.387697 8.415333 8.426965 8.387636 8.415958 8.440511 8.430333 NA 8.573894 8.691812 8.596667 8.623029 8.655019 8.572723 8.600058 8.650725
2003 2 8.685677 8.628764 8.564941 8.60267 NA 8.716317 8.798935 8.677744 8.623822 8.681813 8.70441 8.738666 NA 8.657146 8.636332 8.934172 8.885471 8.83989 8.879362 8.894581 9.01742
2003 3 8.999335 8.965281 8.929581 8.929678 8.892306 8.950428 8.936913 8.976215 8.955789 9.033955 9.042185 9.008916 NA 9.05299 NA 9.28228 9.248373 9.141209 9.197265 9.186095 9.342906
2003 4 9.282783 9.179261 9.189411 9.189952 9.091073 9.224959 9.238028 9.305485 9.298293 9.329286 9.372807 9.398769 NA 9.45551 NA 9.485888 9.432072 9.489789 9.437384 9.492422 9.820918
2003 5 9.609662 9.61209 9.519556 9.519265 NA 9.611814 9.655599 9.608397 9.614669 9.630779 9.697367 9.757567 NA 9.705694 NA 10.00929 9.973421 9.86224 9.919581 9.785967 9.985674
2003 6 9.946628 9.953204 9.864794 9.865509 9.814726 10.00739 9.984033 9.951857 9.996518 9.926605 9.983459 9.992537 NA 10.03383 NA 10.10078 10.06967 10.17673 10.12315 10.1528 10.23765
2003 7 10.28603 10.28153 10.27441 10.27476 10.12436 10.25828 10.20463 10.2812 10.22622 10.35026 10.33699 10.24836 NA 10.48676 10.27844 10.35889 10.41659 10.44414 10.40513 10.4793 10.59399
2003 8 10.64563 10.5759 10.52986 10.53077 10.42064 10.68883 10.59706 10.64283 10.6654 10.6325 10.67056 10.67026 NA 10.72609 10.71912 10.93191 10.74258 10.73825 10.73871 10.77729 10.89429
2003 9 10.97517 10.9573 10.90885 10.90809 10.81083 10.93528 10.93614 10.96849 11.05013 10.97392 11.02632 10.9324 NA 10.99909 11.02901 11.13792 10.98546 11.06377 11.05191 11.1116 11.2196
2003 10 11.229 11.20618 11.19599 11.19655 11.18085 11.23919 11.22512 11.21019 11.25671 11.19518 11.23691 11.29939 NA 11.26171 11.2599 11.51021 11.30644 11.30558 11.2954 11.38942 11.58691
2003 11 11.48941 11.46214 11.43858 11.43314 11.40095 11.47198 11.50573 11.49574 NA 11.50942 11.45118 11.54615 NA 11.55384 11.48227 11.60666 11.68733 11.63586 11.63666 11.64548 11.75784
2003 12 11.66914 11.64377 11.61963 11.60964 11.57584 11.6533 11.65177 11.66448 11.63669 11.70672 11.67698 11.61174 NA 11.67362 11.70476 11.88008 11.72881 11.70523 11.79427 11.85059 11.87652
2004 1 11.93191 11.88439 11.83635 11.8223 11.79709 11.88594 11.84659 11.82348 11.97431 11.85812 11.92757 11.83053 NA 11.96396 11.88899 12.1731 11.97287 11.98876 11.97385 12.10657 12.24533
2004 2 12.13766 12.1592 12.04526 12.04526 NA 12.10782 12.12666 12.19983 12.18922 12.12042 12.22202 12.178 NA 12.20328 12.12937 12.27954 12.34078 12.2672 12.32757 12.33719 12.49316
2004 3 12.46993 12.45359 12.44066 12.44095 12.41864 12.45772 12.4045 12.45736 12.48312 12.38764 12.4561 12.54844 NA 12.45979 12.411 12.71997 12.62346 12.60038 12.5517 12.69146 12.78481
2004 4 12.84427 12.79606 12.77693 12.7765 12.65737 12.77055 12.84577 12.84411 12.91573 12.75956 12.89404 13.02596 NA 12.98334 12.90109 13.14176 13.04368 13.05065 13.07995 13.10252 13.49584
2004 5 13.17786 13.20081 13.11212 13.11401 12.98297 13.21266 13.18243 13.19364 13.19954 13.12098 13.30847 13.32141 NA 13.4094 13.23371 13.58629 13.40119 13.39653 13.42907 13.40449 13.88399
2004 6 13.5917 13.6216 13.47561 13.50215 13.36161 13.58582 13.54048 13.58734 13.67424 13.65971 13.5781 13.61148 NA 13.75825 13.75427 13.98966 13.74397 13.7284 13.75615 13.76503 14.15686
2004 7 13.89223 13.86774 13.83056 13.83072 13.80217 13.88619 13.83399 13.90937 13.90086 13.92044 13.96204 13.96556 NA 14.07567 13.95969 14.17791 13.98501 14.05194 13.9859 14.06412 14.38013
2004 8 14.23301 14.15478 14.15674 14.13781 14.07761 14.19122 14.25836 14.23837 14.2342 14.27312 14.30825 14.19216 NA 14.52901 14.19462 14.25854 14.44276 14.50779 14.39465 14.57059 14.72801
2004 9 14.59104 14.58851 14.54791 14.54335 NA 14.54589 14.52316 14.56685 14.60894 14.59545 14.63396 14.63858 NA 14.71693 14.62369 15.04458 14.83961 14.82232 14.81148 14.75842 14.8687
2004 10 14.88327 14.86026 14.82025 14.82603 14.75344 14.91379 14.83879 14.87355 14.89058 14.90742 14.9037 14.92791 NA 14.94215 14.92537 14.90668 15.00569 15.00238 14.96878 15.02278 15.22513
2004 11 15.10028 15.06446 15.08529 15.07916 14.96798 15.06392 14.99599 15.09423 15.07811 15.10007 15.19308 15.2386 NA 15.29592 15.1291 15.29264 15.35088 15.28989 15.24968 15.27239 15.45948
2004 12 15.35021 15.31272 15.35477 15.2828 15.23845 15.31155 15.38237 15.34157 15.32252 15.33672 15.35547 15.40528 NA 15.44646 15.36609 15.4223 15.54059 15.42634 15.53032 15.49276 15.62345
2005 1 15.53443 15.5233 15.54743 15.51031 15.46578 15.52802 15.50227 15.53486 15.55714 15.55447 15.5782 15.56159 NA 15.63085 15.65934 NA 15.77505 15.79275 15.7605 15.78246 15.87579
2005 2 15.80001 15.77039 15.84174 15.76576 15.71349 15.71217 15.79003 15.81713 15.78985 15.81359 15.88545 15.90245 NA 16.00785 15.99016 NA 16.01223 15.86068 16.0145 15.99862 16.19748
2005 3 16.16422 16.13247 16.16235 16.10452 15.99453 16.17075 16.22195 16.19015 16.05049 16.12199 16.1769 16.09946 NA 16.06132 16.25833 16.48431 16.22189 16.25342 16.33134 16.43664 16.62005
2005 4 16.49561 16.47381 16.4048 16.40493 16.32349 16.5101 16.5377 16.48597 16.46873 16.45749 16.53116 16.45136 NA 16.61744 16.6498 NA 16.79053 16.56537 16.96176 16.72893 16.88546
2005 5 16.88551 16.8537 16.82436 16.82647 16.75421 16.83964 16.92162 16.88703 16.96433 16.90623 16.9818 16.98117 NA 16.76945 17.00476 NA 17.20631 17.116 17.14658 17.10987 17.28025
2005 6 17.2527 17.23058 17.23251 17.2321 17.23023 17.23933 17.19299 17.27044 17.25638 17.31316 17.27302 17.23794 NA 17.37018 17.37881 NA 17.45573 17.5648 17.45824 17.4442 17.58256
2005 7 17.56418 17.57222 17.57913 17.57916 NA 17.53201 17.65034 17.56959 17.58928 17.60825 17.61256 17.6178 NA 17.65718 17.72781 NA 17.67722 17.74319 17.7664 17.76276 18.0209
2005 8 17.91619 17.85753 17.81641 17.81691 17.69033 17.9113 17.9742 17.90694 17.97618 17.90288 17.98881 18.09139 NA 18.1497 17.94739 18.05258 17.95151 17.95807 17.85455 18.09311 18.212
2005 9 18.30584 18.25419 18.22147 18.21972 18.1181 18.33057 18.26712 18.28212 18.264 18.2892 18.3942 18.41858 NA 18.25176 18.3396 NA 18.38402 18.488 18.39531 18.48977 18.65824
2005 10 18.62457 18.60788 18.56292 18.56292 18.43602 18.58601 18.62098 18.62037 18.63916 18.59694 18.63779 18.6208 NA 18.54333 18.81318 NA 18.70595 18.75192 18.69331 18.80708 18.89391
2005 11 18.87736 18.84125 18.81936 18.81892 NA 18.87018 18.87534 18.85424 18.8337 18.85692 18.89168 19.00911 NA 18.94094 18.97931 NA 18.98387 18.98451 18.98522 19.01901 19.18044
2005 12 19.12938 19.09488 19.07226 19.07145 18.99185 19.09237 19.14943 19.13831 19.10271 19.10025 19.10739 19.21888 NA 19.25927 19.15571 NA 19.27857 19.22741 19.21794 19.35813 19.32938
2006 1 19.3042 19.27653 19.29292 19.26765 19.18832 19.31779 19.2527 19.30859 19.27719 19.33158 19.36237 19.35265 NA 19.34374 19.4613 19.63175 19.4805 19.49754 19.4572 19.56889 19.62665
2006 2 19.5168 19.47643 19.45248 19.45238 19.40402 19.4641 19.58027 19.52635 19.50108 19.5267 19.58109 19.58163 NA 19.69672 19.86197 NA 19.76744 19.78576 19.73857 19.92016 20.00767
2006 3 19.92048 19.86468 19.79631 19.79987 19.66109 19.97326 19.90672 19.93362 19.90305 19.85004 19.91928 19.93639 20.15865 NA 20.14377 20.35894 20.15722 20.14577 20.17445 20.18111 20.33168
2006 4 20.31669 20.2944 20.23702 20.24371 20.16827 20.31502 20.29966 20.32066 20.31812 20.21372 20.30564 20.46472 20.24124 20.44829 20.31144 20.8124 20.41963 20.51354 20.41368 20.62897 20.80388
2006 5 20.7064 20.64069 20.61712 20.63239 20.54662 20.71273 20.69956 20.75236 20.65477 20.68981 20.69339 20.68857 20.81727 20.87185 20.86907 21.01401 20.85971 20.66821 20.93884 21.04163 21.20311
2006 6 21.08866 21.02747 21.00273 21.00994 20.90295 21.11596 21.1043 21.09896 NA 21.15341 21.13416 21.17963 21.2646 21.33855 21.19154 21.35805 21.36382 21.30704 21.37103 21.37227 21.84729
2006 7 21.43013 21.37045 21.31336 21.32311 21.23024 21.45237 21.38206 21.41925 21.58702 21.5659 21.47192 21.47473 NA 21.65931 21.60195 21.69172 21.63526 21.70111 21.51434 21.70552 21.92628
2006 8 21.86067 21.78862 21.74992 21.77997 NA 21.80649 21.78958 21.84944 21.85906 21.9466 21.79312 21.78495 21.8097 21.92101 21.98648 21.99688 22.05393 22.00774 21.95003 22.01011 22.2192
2006 9 22.18824 22.12024 22.09381 22.10724 NA 22.21231 22.05063 22.19456 22.23956 22.28744 22.20732 22.28277 22.36566 22.54807 22.22927 22.43403 22.37013 22.27923 22.46428 22.38853 22.6082
2006 10 22.544 22.47587 22.44253 22.45324 22.34683 22.50583 22.51089 22.51363 22.49537 22.57829 22.58986 22.53012 22.58349 22.52404 22.64163 22.78451 22.58195 22.55987 22.57174 22.62965 22.83139
2006 11 22.83076 22.77692 22.77559 22.73724 22.70966 22.80346 22.88028 22.81183 22.70957 22.81381 22.83473 22.78378 22.78762 22.82234 22.83107 23.07421 22.9704 22.87777 22.90514 22.95417 23.10207
2006 12 23.02658 23.00436 23.00624 23.00626 22.9646 22.99642 23.09179 23.04574 23.03133 23.03298 23.06595 23.02896 23.06226 23.04117 23.20844 23.12111 23.16313 23.18983 23.11892 23.25998 23.32208
2007 1 23.27148 23.22426 23.18587 23.1926 23.11988 23.286 23.30036 23.28046 23.28174 23.29399 23.36092 23.26078 23.32118 23.37147 23.35741 23.46365 23.53387 23.37161 23.46768 23.4862 23.6592
2007 2 23.51712 23.46588 23.44387 23.44518 23.3913 23.4661 23.62191 23.54928 23.64055 23.52873 23.61472 23.66478 23.61799 23.67764 23.78859 23.87043 23.6206 23.62045 23.62015 23.75567 23.98166
2007 3 23.91011 23.80785 23.84527 23.74853 23.65068 23.95248 23.83948 23.92844 23.81696 23.85412 23.98749 24.15695 24.1628 24.0216 23.96953 24.36171 24.23577 24.43457 24.17952 24.27832 24.30363
2007 4 24.33535 24.27346 24.26004 24.25392 24.18392 24.2366 24.31938 24.37637 24.35004 24.31484 24.27085 24.29085 24.25838 24.37157 24.57947 24.71423 NA NA NA 24.5765 24.79353
2007 5 24.76749 24.68062 24.62789 24.62708 24.56113 24.74695 24.74723 24.75942 24.73763 24.68366 24.76487 24.72416 24.72128 25.12526 24.75251 25.00107 24.88352 24.88093 24.87859 24.92232 25.13339
2007 6 25.13064 25.08245 25.04227 25.04378 24.99221 25.22305 25.09444 25.12548 25.16995 24.93661 25.10207 25.0622 25.07345 25.23701 25.26489 25.27644 25.29637 25.19665 25.25604 25.28871 25.46565
2007 7 25.4764 25.42555 25.4065 25.40653 25.28084 25.46475 25.45144 25.50061 25.5267 25.46532 25.43332 25.39222 NA 25.52975 25.56614 25.64527 25.69198 25.58056 25.64515 25.71533 25.84478
2007 8 25.82554 25.77716 25.78278 25.74982 25.67164 25.82128 25.82435 25.82679 25.89646 25.95431 25.90514 25.92198 NA 26.07353 25.97122 25.86646 26.04509 25.97403 25.95983 26.05009 26.15921
2007 9 26.19356 26.13317 26.08436 26.08481 NA 26.17706 26.15307 26.18534 26.14099 NA 26.26219 26.24835 26.37688 26.71482 26.50814 26.40317 26.33783 26.315 26.42108 26.36405 26.549
2007 10 26.54906 26.47359 26.44118 26.4414 26.36847 26.49665 26.45556 26.52674 NA 26.68522 26.51492 26.47054 26.60388 26.47497 26.61998 26.63075 26.7366 26.52489 26.68679 26.68956 26.84097
2007 11 26.85429 26.84245 26.79986 26.804 NA 26.82613 26.85067 26.85228 NA 26.82095 26.7768 26.85983 26.83744 26.84094 26.85156 27.03164 26.99621 27.00726 27.00207 26.96808 27.05574
2007 12 27.0533 27.01343 27.00436 27.00426 26.95774 27.05665 27.02086 27.06506 NA 27.14564 27.09244 27.09564 27.15923 27.13277 27.18275 27.36678 27.19436 27.1042 27.16905 27.24701 27.38491
2008 1 27.26773 27.22903 27.23739 27.23632 27.22545 27.28991 27.32743 27.29223 NA 27.21849 27.38 27.33148 27.22173 27.43159 27.40487 27.5687 27.4699 27.49942 27.5908 27.9335 27.76129
2008 2 27.58749 27.53474 27.48067 27.48476 NA 27.62475 27.61914 27.58246 NA 27.65299 27.73179 28.15487 27.61504 27.80691 27.69325 27.85787 27.88001 27.79786 27.83609 27.87269 28.1595
2008 3 28.02397 27.92994 27.87421 27.87408 NA 27.96531 28.0169 28.00955 27.84648 27.88694 28.12356 28.01102 28.26598 28.067 28.24124 28.27328 28.57379 28.31395 28.52939 28.34124 28.55074
2008 4 28.48361 28.37175 28.3803 28.38571 NA 28.41463 28.46249 28.47476 28.28583 28.39625 28.45484 28.43864 28.478 28.54283 28.46113 28.76518 28.73636 28.75567 28.7366 28.73184 28.92714
2008 5 28.87629 28.80045 28.81084 28.81158 28.75077 28.86978 29.04896 28.89992 28.90755 NA 28.91868 28.88882 29.07092 29.12241 29.09767 28.96771 29.20153 29.06462 29.23836 29.09142 29.37567
2008 6 29.23837 29.18171 29.23376 29.23305 NA 29.12207 29.24509 29.22671 29.08047 29.28612 29.31679 29.37498 29.38561 29.56961 29.56186 29.53207 29.46548 29.51557 29.44921 29.41132 29.56391
2008 7 29.62514 29.55073 29.54858 29.54889 29.83812 29.60805 29.65074 29.64477 NA 29.70061 29.6461 29.79002 29.55126 29.79841 29.98338 29.96967 29.72542 29.68881 29.74072 29.81052 30.03884
2008 8 29.98787 29.95176 29.91944 29.91607 30.10601 29.99315 30.00651 29.97657 30.04668 29.9686 30.03752 30.04089 29.95095 30.18884 29.98625 30.30878 30.12223 30.04558 30.13288 30.18369 30.25924
2008 9 30.34932 30.26366 30.21233 30.21248 NA 30.35698 30.33613 30.34128 30.27591 30.31042 30.44518 30.52966 30.46107 30.48326 30.5115 30.44516 30.48075 30.35616 30.42682 30.59453 30.62567
2008 10 30.66868 30.62397 30.6164 30.61565 30.66674 30.66737 30.58952 30.65552 30.63137 30.5875 30.69985 30.81772 30.70074 30.98279 30.7304 NA 30.7904 30.79741 30.76972 30.84935 31.00681
2008 11 30.95598 30.9345 30.92396 30.9231 NA 30.93408 30.95775 30.94691 30.98881 30.93747 30.97033 31.03277 NA 31.39148 31.03519 NA 31.10224 31.17554 31.10499 31.06286 31.26111
2008 12 31.18447 31.13751 31.11954 31.11827 NA 31.16189 31.16716 31.18745 31.14805 31.14433 31.20156 31.258 NA 31.24004 31.20582 31.42889 31.36055 31.24318 31.35746 NA 31.58276
2009 1 31.43133 31.38036 31.36941 31.36208 31.32338 31.41733 31.34092 31.42403 31.43888 31.33732 31.50879 31.43092 31.37056 31.70535 31.55969 31.70111 32.07172 31.55497 32.00544 NA 31.80959
2009 2 31.72985 31.70357 31.6734 31.66156 NA 31.64304 31.7664 31.75052 31.80082 31.64456 31.74611 31.70756 31.68312 31.90427 31.7945 31.78615 32.52214 NA 32.38952 32.06255 32.20893
2009 3 32.12609 32.05679 32.01789 32.0179 NA 32.10448 32.08412 32.13553 32.07366 32.0731 32.14071 32.21146 32.25852 32.54808 32.12223 32.47655 32.43213 32.30486 32.42111 32.29776 32.67803
2009 4 32.49329 32.43629 32.4121 32.4111 NA 32.56134 32.5326 32.50524 32.58424 32.41875 32.55766 32.61468 32.5497 32.56626 32.62826 32.78073 32.96047 32.62144 32.82221 33.01593 33.02938
2009 5 33.0118 32.90569 32.88105 32.88122 32.80188 32.96139 33.02916 32.98764 33.00118 32.77722 32.93779 32.9244 NA 33.04048 32.99776 33.36743 33.10419 33.12648 33.04747 33.15494 33.50922
2009 6 33.36967 33.31127 33.27872 33.27825 33.22745 33.34065 33.36568 33.39978 33.36682 33.40257 33.34351 33.27654 33.44145 33.52522 33.62004 33.68103 33.64053 33.74633 33.58887 33.47835 33.86727
2009 7 33.73343 33.67665 33.63772 33.64004 33.59492 33.66608 33.69631 33.73122 33.79057 33.73904 33.71235 33.59027 NA 33.83318 33.9311 33.74744 33.84794 33.85672 33.84763 33.89286 34.17089
2009 8 34.08556 34.04645 34.02413 34.02457 33.92167 33.99908 34.0415 34.07833 34.1907 34.07207 34.08188 34.10619 NA 34.00161 34.30703 34.44347 34.25216 34.2916 34.33948 34.35593 34.50257
2009 9 34.45127 34.40264 34.389 34.38578 34.29771 34.43554 34.36886 34.46487 34.4395 34.39923 34.4364 34.37366 NA 34.48525 NA 34.94041 34.76244 35.05046 34.7679 34.70036 34.77432
2009 10 34.79816 34.74937 34.72218 34.72222 NA 34.77532 34.71922 34.78772 34.78712 34.88669 34.76899 34.75183 34.83284 34.9547 34.88492 34.95946 34.84675 34.98889 34.86571 34.95671 35.16868
2009 11 35.04707 34.99979 34.985 34.98551 NA 35.00565 35.00972 35.04677 35.05244 34.98248 35.05955 35.02871 NA 35.11984 35.23898 35.42778 35.39686 35.23301 35.23875 35.25085 35.32006
2009 12 35.28659 35.24802 35.2393 35.23921 35.17665 35.29902 35.24992 35.28046 35.29897 35.28436 35.31458 35.32046 35.36886 35.32608 35.33401 35.28855 35.47773 35.66004 35.5737 35.50613 35.63576
2010 1 35.53052 35.47004 35.44727 35.4473 35.36292 35.60067 35.42444 35.52319 35.4941 35.46377 35.52696 35.45077 35.39071 35.65537 35.70127 NA 35.6782 35.8793 35.68013 35.7555 35.88272
2010 2 35.82762 35.80345 35.79075 35.76764 35.68913 35.75745 35.85488 35.85614 35.88429 35.82413 35.86848 35.80892 35.79231 35.9199 35.9427 35.99211 36.17064 36.21251 36.1698 36.12798 36.30905
2010 3 36.18932 36.10995 36.06894 36.06913 35.96559 36.22877 36.21397 36.17978 36.22864 36.11426 36.21232 36.3102 36.33168 36.58317 36.22706 36.49833 36.41113 36.4614 36.36981 36.30255 36.76011
2010 4 36.59516 36.53257 36.48211 36.48255 36.37355 36.70943 36.56358 36.59143 36.64919 36.55003 36.64136 36.64877 36.73729 36.72477 36.74251 36.69946 37.01178 NA 36.86538 36.85246 37.09452
2010 5 37.03041 36.95794 36.91231 36.91142 36.81184 36.99874 36.99135 37.00894 36.92181 36.93092 37.15147 37.00815 36.92945 37.08061 37.12565 37.28628 36.98684 37.02879 36.97635 37.34268 37.32936
2010 6 37.43299 37.37646 37.32835 37.32757 37.2022 37.32387 37.50347 37.42144 NA 37.42849 37.49985 37.40612 37.387 37.50633 37.54464 37.69012 37.62812 37.89009 37.59282 37.6364 38.01641
2010 7 37.86841 37.79373 37.74967 37.75034 37.65822 37.87601 37.85442 37.8692 NA 37.88968 37.88131 37.82112 NA 37.82241 37.96833 38.14845 38.14993 37.96677 38.20363 38.09509 38.33574
2010 8 38.26309 38.19921 38.15616 38.15533 38.07058 38.25327 38.25437 38.26945 NA 38.20175 38.31439 38.29389 NA 38.37803 38.36263 38.54203 38.40188 38.5064 38.43729 38.54515 38.74292
2010 9 38.67613 38.59162 38.54986 38.55155 38.47176 38.68401 38.69834 38.67813 NA 38.61254 38.78667 38.59225 38.76974 38.7736 38.69485 39.02295 NA 38.73353 38.69785 38.82261 39.01229
2010 10 39.0004 38.94096 38.90291 38.90262 38.82436 38.97869 39.11099 38.9879 NA 38.87397 39.03472 38.98687 39.03926 38.90675 39.12275 39.10554 39.16449 NA 39.14225 39.19874 39.2936
2010 11 39.28998 39.28109 39.27469 39.26009 NA 39.26156 39.26498 39.29281 NA 39.16201 39.31854 39.30534 39.34057 39.41459 39.37569 39.41524 39.44279 39.31033 39.40969 39.48624 39.64623
2010 12 39.53525 39.47488 39.35877 39.45487 39.35868 39.52063 39.50879 39.5343 NA 39.44668 39.5298 39.48358 NA 39.58827 39.63692 39.62411 39.54726 39.62567 39.55968 39.78309 39.89997
2011 1 39.82031 39.7547 39.72876 39.72845 39.66315 39.79921 39.7856 39.83651 NA 39.80607 39.78894 39.86277 39.83025 39.85365 39.84095 40.02965 40.09916 NA 40.07851 40.00056 40.19301
2011 2 40.16275 40.10563 40.06972 40.07096 40.00196 40.12999 40.18678 40.13987 NA 39.93471 40.04537 40.1742 40.06238 40.30311 40.22312 NA 40.26184 40.45084 40.26445 40.44791 40.71865
2011 3 40.50811 40.46736 40.44104 40.44104 40.33879 40.49497 40.45536 40.52181 NA 40.34655 40.56484 40.55753 40.63222 40.64976 40.58667 40.78375 40.61521 40.66577 40.50759 40.86696 41.20698
2011 4 40.94854 40.90572 40.87514 40.87605 40.7118 41.00221 40.9745 40.96994 NA 40.95905 40.89785 40.851 40.96908 41.11709 41.30322 41.44468 41.39054 41.38439 NA 41.25161 41.36187
2011 5 41.41374 41.3814 41.36134 41.36172 41.29322 41.39776 41.38091 41.39798 NA 41.37097 41.4751 41.37774 41.3335 41.87614 41.68948 NA 41.56006 41.52674 41.45665 41.61666 41.92112
2011 6 41.81099 41.7007 41.6963 41.69601 41.56993 41.81404 41.79483 41.81145 NA 41.70482 41.79631 41.77089 41.71292 NA 41.83821 42.15026 41.85573 42.01578 41.89714 41.98838 42.15043
2011 7 42.25749 42.19406 42.15817 42.1577 NA 42.23584 42.28374 42.24832 NA 42.20167 42.23457 42.22149 NA NA 42.45316 42.45851 42.21337 42.27296 42.21194 42.44121 42.81958
2011 8 42.64437 42.572 42.53259 42.53257 42.41749 42.65309 42.63664 42.65096 42.68244 42.72775 42.65937 42.53812 42.47123 42.7362 42.68686 42.86542 42.86104 43.0406 42.8697 42.79943 43.01618
2011 9 43.02519 42.95773 42.92771 42.92755 42.83977 43.05938 42.99307 43.03322 43.05956 43.16871 43.08776 43.01721 43.24583 43.15826 43.12978 43.41435 43.10117 43.14072 43.10444 43.28029 43.34388
2011 10 43.38013 43.35591 43.33065 43.33124 43.30496 43.37636 43.3516 43.37507 43.41146 43.3993 43.43164 43.49708 43.61147 43.46845 43.46289 43.70455 43.79823 43.71673 43.80158 43.62358 43.75969
2011 11 43.7293 43.67064 43.64739 43.67215 43.54085 43.6439 43.67248 43.69943 43.75704 43.70565 43.66197 43.71461 43.73954 43.91838 43.81338 44.10892 43.83848 43.85721 43.83138 43.90401 43.9375
2011 12 43.95402 43.91689 43.88293 43.88099 NA 43.8621 43.97249 43.9395 43.97486 43.95195 43.95922 43.95394 43.99782 44.12678 43.99537 44.27863 44.08141 43.97576 44.08924 44.06395 44.22798
2012 1 44.18173 44.13826 44.10735 44.10706 NA 44.12203 44.22937 44.20959 44.23482 44.11251 44.17289 44.29133 NA 44.41026 44.25782 44.51765 44.59079 44.12153 44.23678 44.4422 NA
2012 2 44.52801 44.47572 44.43622 44.43622 44.34549 44.51295 44.54589 44.53858 44.48713 44.48924 44.54735 44.47033 44.47229 44.93192 44.58175 44.8419 45.01658 44.78913 44.82033 44.85602 45.06494
2012 3 44.96434 44.92886 44.82829 44.8288 44.72138 44.99554 44.84833 44.95232 44.86528 44.91069 45.06538 44.97073 45.2283 45.17251 45.11898 45.22422 45.13054 45.09591 45.07543 45.17486 45.5366
2012 4 45.38548 45.28725 45.2631 45.26309 45.18814 45.37572 45.30277 45.40079 45.45301 45.48667 45.48846 45.33536 45.57397 45.84554 45.64041 45.57848 45.93806 46.01929 45.94162 45.69709 45.89883
2012 5 45.87718 45.82848 45.828 45.82794 NA 45.885 45.81349 45.89841 45.88756 45.92109 45.99157 45.82515 45.93613 46.03054 45.96114 45.98078 46.07704 46.19227 46.07766 46.13262 46.31382
2012 6 46.29693 46.21704 46.16708 46.16657 46.04239 46.30052 46.20729 46.30171 46.2069 46.27552 46.26227 46.18782 46.33628 46.68727 46.443 46.54734 46.51438 46.53352 46.43211 46.54032 46.76594
2012 7 46.72787 46.65366 46.62297 46.62184 NA 46.66977 46.73237 46.7282 46.71565 46.53195 46.82186 46.75756 NA 46.79779 46.89493 47.07215 46.76879 47.01002 46.76678 46.94675 47.13184
2012 8 47.14708 47.07878 47.03868 47.03871 46.9135 47.14117 47.16121 47.15492 47.15148 47.0796 47.2128 47.06659 NA 47.44731 47.29201 47.48415 47.40735 47.30444 47.2762 47.38605 47.47553
2012 9 47.56975 47.4924 47.45025 47.45061 NA 47.56399 47.48204 47.54793 47.44307 47.51033 47.6249 47.59408 47.78562 47.66573 47.66353 NA 47.79157 47.70921 47.79937 47.81506 48.01755
2012 10 47.94155 47.87257 47.84162 47.84162 NA 47.8554 47.84747 47.935 47.8453 48.02738 47.94772 47.91454 48.0803 47.99116 48.0252 NA 48.03367 47.97314 48.0632 48.10798 48.21988
2012 11 48.25901 48.21891 48.19174 48.19291 48.18716 48.23384 48.28924 48.25709 48.161 48.1788 48.17859 48.17327 48.26008 48.25154 NA NA 48.3458 48.31876 48.349 48.3762 48.59753
2012 12 48.48882 48.44874 48.48008 48.43432 48.38845 48.49932 48.44064 48.48783 48.46089 48.43424 48.44288 48.46461 48.44389 48.64887 48.55155 NA 48.63031 48.46122 48.62879 48.6852 48.98105
2013 1 48.74472 48.70714 48.69414 48.69436 NA 48.69041 48.66779 48.74546 48.74044 NA 48.83259 48.79117 48.70544 49.04531 48.75312 NA 48.88644 48.8621 48.88337 48.9576 49.09342
2013 2 49.02395 48.96802 48.92338 48.90554 NA 49.01642 49.11515 49.06012 48.96902 49.0645 49.02665 49.02701 49.26495 49.28394 48.99626 49.58356 49.66808 49.26707 49.62811 49.30245 49.56341
2013 3 49.47191 49.35043 49.311 49.3131 49.21159 49.41176 49.4308 49.45914 49.38963 49.43023 49.51936 49.50337 49.41705 49.51534 49.46622 49.83984 49.66724 49.75542 49.67354 49.78217 49.93544
2013 4 49.94515 49.86226 49.81858 49.81857 49.69392 49.94537 50.14758 49.93291 49.83325 49.74154 50.13041 50.05173 49.94664 49.80905 50.04787 50.27566 50.17402 49.8084 50.09997 50.20371 50.47442
2013 5 50.39172 50.32561 50.29482 50.29468 50.20398 50.38575 50.37816 50.3625 50.36299 50.18572 50.39707 50.41699 50.43953 50.52237 50.50531 50.55038 50.46055 50.46169 50.45835 50.67161 50.92029
2013 6 50.83238 50.76997 50.75339 50.75334 50.63074 50.8691 50.88593 50.83545 50.85325 50.79137 50.80702 50.73005 50.68716 50.89452 50.94871 51.19848 50.74267 50.76519 50.74018 51.08501 51.25463
2013 7 51.2305 51.15885 51.13484 51.13497 51.01541 51.22033 51.22692 51.23471 51.2194 51.15062 51.25749 51.22991 51.19347 51.15973 51.39365 51.25853 51.56426 51.64027 51.57041 51.4802 51.67834
2013 8 51.69207 51.63351 51.58623 51.58619 51.46089 51.6469 51.68256 51.66549 51.64344 51.69544 51.60378 51.61 NA 51.6424 51.66898 NA 51.84044 51.69527 51.85628 51.94431 52.02532
2013 9 52.11184 52.07515 52.04863 52.04892 51.89639 52.03843 52.10239 52.0925 52.08825 52.16886 51.99727 52.0258 52.2289 52.10341 52.15772 NA 52.29534 52.194 52.30991 52.26281 52.34919
2013 10 52.42147 52.37987 52.36561 52.3671 52.36277 52.39663 52.41929 52.41549 52.46157 52.35356 52.47681 52.54369 52.75936 52.49764 52.42491 NA 52.55974 52.56208 52.51681 52.60311 52.80895
2013 11 52.72162 52.6678 52.63653 52.63629 52.53082 52.7127 52.74122 52.75158 52.78501 52.56386 52.7648 52.70985 52.8399 52.80072 52.68049 52.96084 52.97997 52.95544 52.97701 52.94317 53.05798
2013 12 52.99628 52.96848 52.94392 52.94383 52.89707 52.98115 52.9554 53.00675 52.94267 53.00258 52.98583 52.98376 52.9873 53.03044 53.11911 NA 53.09493 53.2197 53.12595 53.20864 53.40073
2014 1 53.25567 53.21393 53.19211 53.1921 53.10118 53.25239 53.23459 53.28405 53.22019 53.26923 53.32325 53.25649 53.12868 53.54512 53.46803 NA 53.39337 53.35232 53.4256 53.54722 53.84989
2014 2 53.57422 53.47971 53.45424 53.45444 53.34797 53.59168 53.67965 53.61276 53.43788 53.53332 53.66005 53.57542 53.68266 53.794 53.73853 NA 54.02085 54.09769 53.99791 53.90008 54.21481
2014 3 54.04983 53.99749 53.9686 53.96799 53.87043 54.00695 54.093 54.06229 53.79904 54.01761 54.10046 54.03167 54.18409 54.24313 54.24178 54.20676 54.30843 54.22189 54.17986 54.57794 54.56292
2014 4 54.58262 54.54826 54.53968 54.53986 54.42185 54.67417 54.53904 54.56612 54.48335 54.55261 54.62063 54.74884 54.58314 54.72525 54.89076 55.02558 55.0514 54.76465 54.95858 54.96227 55.18337
2014 5 55.07624 54.99586 54.97328 54.97323 54.89628 55.04345 55.06181 55.05683 54.94321 55.18205 55.08856 55.03255 55.23164 55.38847 55.09442 55.53586 55.42206 55.22359 55.36301 55.27322 55.4731
2014 6 55.47927 55.43544 55.39915 55.39719 55.30864 55.41674 55.40361 55.48735 55.36874 55.53115 55.5612 55.60285 55.68385 55.5175 55.74733 55.66793 55.73657 55.5779 55.70308 55.65436 55.85542
2014 7 55.88747 55.80546 55.7659 55.76596 55.64391 55.87625 55.90536 55.91215 55.90797 56.00151 55.85812 55.9393 NA 55.95623 56.05143 56.20096 56.09015 NA NA 56.10325 56.34222
2014 8 56.33843 56.25595 56.18839 56.18822 56.105 56.42921 56.37452 56.32534 56.21053 56.34456 56.36993 56.3451 56.49779 56.57557 56.41134 56.69698 56.31065 56.14018 56.28753 56.50583 56.86125
2014 9 56.7473 56.65373 56.64461 56.64475 56.5938 56.73904 56.753 56.71792 56.58782 56.74748 56.86845 56.86791 56.84963 56.74731 56.8514 56.99302 56.84657 56.89482 56.88639 56.94258 57.16131
2014 10 57.08913 57.05791 57.03556 57.03638 57.03016 57.08188 57.06459 57.09132 57.02402 57.17372 57.14665 57.14143 57.1394 57.10977 57.22441 57.36259 57.26082 57.34889 57.21178 57.2803 57.50064
2014 11 57.43337 57.39279 57.40924 57.40904 57.32896 57.3984 57.38389 57.41957 57.42144 57.49104 57.41894 57.43202 57.6072 57.50613 57.47321 57.37193 57.53284 57.5495 57.54257 57.601 57.83231
2014 12 57.66489 57.60418 57.64921 57.56745 57.48666 57.61364 57.67108 57.66509 57.60575 57.59768 57.66324 57.72706 57.68891 57.69497 NA NA 57.89448 57.95477 57.89652 57.95591 58.04569
2015 1 57.9235 57.87226 57.83707 57.84244 57.79666 57.90139 57.87886 57.91724 57.9168 57.87508 57.93118 57.97678 57.78066 57.97896 57.88181 58.62576 58.07991 58.09358 58.06764 58.16556 58.3859
2015 2 58.25158 58.19189 58.15345 58.14568 58.08107 58.2789 58.26454 58.27516 58.17235 58.25945 58.34984 58.28851 58.35239 58.43163 58.38545 58.75312 59.08891 58.46944 58.94794 58.62657 58.65278
2015 3 58.73036 58.61065 58.5276 58.55833 NA 58.67414 58.71763 58.75591 58.70612 58.69378 58.77243 58.77848 59.05399 58.68847 59.13987 NA 58.87622 58.93164 58.86612 59.17663 59.26847
2015 4 59.22641 59.1401 59.09876 59.09867 58.93716 59.26011 59.17188 59.2161 59.20779 59.13295 59.21072 59.24517 59.29638 59.25683 59.38349 NA 59.57031 59.54263 59.57194 59.63019 59.75185
2015 5 59.69275 59.59445 59.54719 59.54648 59.41722 59.67019 59.62844 59.6988 59.80372 59.70862 59.76569 59.81167 59.75074 59.87647 59.96471 60.04501 59.7774 60.07154 59.80047 59.92093 60.25339
2015 6 60.11113 60.05751 60.01523 60.01495 59.91994 60.08753 60.13419 60.11926 60.15861 60.08556 60.08902 60.10298 60.25913 60.26231 60.36133 60.29598 60.34688 60.34244 60.35136 60.33718 60.60273
2015 7 60.54483 60.45823 60.41082 60.41122 NA 60.5233 60.5435 60.5306 60.56022 60.32202 60.67204 60.46754 NA 60.63542 60.57724 60.59843 60.65042 60.70004 60.60539 60.77688 60.9588
2015 8 61.00541 60.90578 60.8554 60.85411 60.74828 60.95317 60.9681 61.0047 61.01519 61.00025 61.12052 61.07313 NA 61.01377 61.17797 NA 60.97849 61.46382 61.03051 61.28012 61.50964
2015 9 61.41048 61.36118 61.34215 61.33773 61.25775 61.33432 61.38626 61.39951 61.43098 61.41462 61.40204 61.42641 NA 61.4169 61.49857 61.79055 61.55293 61.59516 61.55398 61.67193 61.85525
2015 10 61.79868 61.74953 61.71947 61.71843 61.65286 61.77508 61.73337 61.78605 61.79437 61.79016 61.77796 61.75196 61.80033 61.85236 61.81847 NA 61.71067 61.71973 61.71273 61.99381 62.23234
2015 11 62.1133 62.05314 61.99934 61.99948 61.88208 62.04788 62.08124 62.11508 62.00656 62.13612 62.07559 62.06716 62.11431 62.2132 62.13486 62.21123 62.35171 62.26336 62.3409 62.19574 62.40802
2015 12 62.37754 62.33048 62.31952 62.29921 62.23346 62.39072 62.37308 62.36231 62.29726 62.36123 62.35431 62.38711 62.5004 62.41294 62.43894 62.63532 62.5259 62.57294 62.51536 62.66978 62.77845
2016 1 62.60709 62.63553 62.65126 62.65054 62.537 62.6114 62.67726 62.6359 62.5752 62.64328 62.67063 62.62433 62.59557 62.98642 62.66204 NA 62.88978 62.69714 62.88775 62.95159 63.07552
2016 2 62.95557 62.96288 NA 62.95416 NA 62.95801 62.99567 62.98276 62.88315 62.8631 62.95284 62.9833 62.99875 63.31526 62.94722 63.54311 63.19819 63.26689 63.17381 63.27031 63.43155
2016 3 63.41727 63.35347 NA 63.32852 63.21027 63.47164 63.37452 63.40699 63.49564 63.43206 63.38545 63.38334 63.62497 63.66118 63.47324 NA 63.77347 NA 63.7819 63.76814 63.80961
2016 4 63.87416 63.79078 NA 63.73486 NA 63.90054 63.8742 63.84928 64.0149 63.80025 63.81698 NA 63.8966 64.37724 64.07056 NA 64.05047 64.07277 64.05937 64.20976 64.31874
2016 5 64.35305 64.30385 NA 64.34313 64.18137 64.34346 64.28363 64.33852 64.32938 64.37704 64.36872 NA 64.41177 64.34466 64.32985 64.77223 64.46201 64.32494 64.58114 64.60844 65.12039
2016 6 64.73048 64.67015 NA 64.68885 64.56176 64.71686 64.71259 64.73882 64.70902 64.72864 64.83652 NA 65.02281 64.79778 65.08848 65.19069 65.04864 NA 65.01997 64.98209 65.14477
2016 7 65.16727 65.10983 NA 65.09411 64.94934 65.19207 65.20126 65.16033 65.27676 65.17318 65.12411 NA NA 65.28043 65.48863 65.35864 65.46658 NA 65.43993 65.36228 65.615
2016 8 65.62164 65.55866 NA 65.52618 65.46706 65.58208 65.68082 65.6293 65.56833 65.62928 65.69569 NA 65.54705 65.59389 65.7452 65.59069 65.67478 NA 65.71201 65.78419 66.19561
2016 9 66.02694 65.95001 NA 65.92119 65.87416 66.0314 66.04463 66.00998 65.95188 65.95042 66.19098 NA NA 65.99867 66.16944 66.36328 66.33725 NA 66.33796 66.22303 66.34501
2016 10 66.4196 66.36505 NA 66.32086 66.25142 66.46393 66.42677 66.43289 66.39567 NA 66.5395 NA 68.20136 66.66439 66.49775 66.75485 66.53242 NA 66.53368 66.58958 66.77972
2016 11 66.72809 66.68945 NA 66.67446 66.60197 66.7513 66.70691 66.72482 66.6993 66.77287 66.70647 NA 66.78639 66.78024 66.8145 67.03875 66.85137 NA 66.81502 66.88692 66.96339
2016 12 66.97517 66.9044 NA 66.8534 NA 66.92963 66.9646 66.95961 66.97584 66.9343 66.93656 NA 67.01094 67.03192 67.06125 67.26049 67.04846 NA 67.04825 67.21545 67.35308
2017 1 67.20673 NA NA NA NA 67.18178 67.22076 NA NA NA 67.11906 NA NA NA 67.28266 NA 67.37556 NA NA NA NA
2017 2 67.53678 NA NA NA NA NA NA NA NA NA 67.56663 NA 67.58358 NA 67.89273 NA 67.81671 NA NA NA NA
2017 3 67.96364 NA NA NA NA NA NA NA NA NA 67.97214 NA 68.2596 NA 68.07416 NA 68.4637 NA NA NA NA
2017 4 NA NA NA NA NA NA NA NA NA NA NA NA NA NA NA NA NA NA NA NA NA
2017 5 NA NA NA NA NA NA NA NA NA NA NA NA NA NA NA NA NA NA NA NA NA
2017 6 NA NA NA NA NA NA NA NA NA NA NA NA NA NA NA NA NA NA NA NA NA
2017 7 NA NA NA NA NA NA NA NA NA NA NA NA NA NA NA NA NA NA NA NA NA
2017 8 NA NA NA NA NA NA NA NA NA NA NA NA NA NA NA NA NA NA NA NA NA
2017 9 NA NA NA NA NA NA NA NA NA NA NA NA NA NA NA NA NA NA NA NA NA
2017 10 NA NA NA NA NA NA NA NA NA NA NA NA NA NA NA NA NA NA NA NA NA
2017 11 NA NA NA NA NA NA NA NA NA NA NA NA NA NA NA NA NA NA NA NA NA
2017 12 NA NA NA NA NA NA NA NA NA NA NA NA NA NA NA NA NA NA NA NA NA
2018 1 NA NA NA NA NA NA NA NA NA NA NA NA NA NA NA NA NA NA NA NA NA
2018 2 NA NA NA NA NA NA NA NA NA NA NA NA NA NA NA NA NA NA NA NA NA
2018 3 NA NA NA NA NA NA NA NA NA NA NA NA NA NA NA NA NA NA NA NA NA
2018 4 NA NA NA NA NA NA NA NA NA NA NA NA NA NA NA NA NA NA NA NA NA
2018 5 NA NA NA NA NA NA NA NA NA NA NA NA NA NA NA NA NA NA NA NA NA
2018 6 NA NA NA NA NA NA NA NA NA NA NA NA NA NA NA NA NA NA NA NA NA
2018 7 NA NA NA NA NA NA NA NA NA NA NA NA NA NA NA NA NA NA NA NA NA
2018 8 NA NA NA NA NA NA NA NA NA NA NA NA NA NA NA NA NA NA NA NA NA
2018 9 NA NA NA NA NA NA NA NA NA NA NA NA NA NA NA NA NA NA NA NA NA
2018 10 NA NA NA NA NA NA NA NA NA NA NA NA NA NA NA NA NA NA NA NA NA
2018 11 NA NA NA NA NA NA NA NA NA NA NA NA NA NA NA NA NA NA NA NA NA
2018 12 NA NA NA NA NA NA NA NA NA NA NA NA NA NA NA NA NA NA NA NA NA
2019 1 NA NA NA NA NA NA NA NA NA NA NA NA NA NA NA NA NA NA NA NA NA
2019 2 NA NA NA NA NA NA NA NA NA NA NA NA NA NA NA NA NA NA NA NA NA
2019 3 NA NA NA NA NA NA NA NA NA NA NA NA NA NA NA NA NA NA NA NA NA
2019 4 NA NA NA NA NA NA NA NA NA NA NA NA NA NA NA NA NA NA NA NA NA
2019 5 NA NA NA NA NA NA NA NA NA NA NA NA NA NA NA NA NA NA NA NA NA
2019 6 NA NA NA NA NA NA NA NA NA NA NA NA NA NA NA NA NA NA NA NA NA
2019 7 NA NA NA NA NA NA NA NA NA NA NA NA NA NA NA NA NA NA NA NA NA
2019 8 NA NA NA NA NA NA NA NA NA NA NA NA NA NA NA NA NA NA NA NA NA
2019 9 NA NA NA NA NA NA NA NA NA NA NA NA NA NA NA NA NA NA NA NA NA
2019 10 NA NA NA NA NA NA NA NA NA NA NA NA NA NA NA NA NA NA NA NA NA
2019 11 NA NA NA NA NA NA NA NA NA NA NA NA NA NA NA NA NA NA NA NA NA
2019 12 NA NA NA NA NA NA NA NA NA NA NA NA NA NA NA NA NA NA NA NA NA
2020 1 NA NA NA NA NA NA NA NA NA NA NA NA NA NA NA NA NA NA NA NA NA
2020 2 NA NA NA NA NA NA NA NA NA NA NA NA NA NA NA NA NA NA NA NA NA
2020 3 NA NA NA NA NA NA NA NA NA NA NA NA NA NA NA NA NA NA NA NA NA
2020 4 NA NA NA NA NA NA NA NA NA NA NA NA NA NA NA NA NA NA NA NA NA
2020 5 NA NA NA NA NA NA NA NA NA NA NA NA NA NA NA NA NA NA NA NA NA
2020 6 NA NA NA NA NA NA NA NA NA NA NA NA NA NA NA NA NA NA NA NA NA
2020 7 NA NA NA NA NA NA NA NA NA NA NA NA NA NA NA NA NA NA NA NA NA
2020 8 NA NA NA NA NA NA NA NA NA NA NA NA NA NA NA NA NA NA NA NA NA
2020 9 NA NA NA NA NA NA NA NA NA NA NA NA NA NA NA NA NA NA NA NA NA
2020 10 NA NA NA NA NA NA NA NA NA NA NA NA NA NA NA NA NA NA NA NA NA
2020 11 NA NA NA NA NA NA NA NA NA NA NA NA NA NA NA NA NA NA NA NA NA
2020 12 NA NA NA NA NA NA NA NA NA NA NA NA NA NA NA NA NA NA NA NA NA
