year month SPO_NOAA_insitu SPO_NOAA_flask SPO_SIO_O2_flask SPO_SIO_CDK_flask SPO_CSIRO_flask HBA_NOAA_flask SYO_NOAA_flask SYO_TU_insitu MAA_CSIRO_flask CYA_CSIRO_flask PSA_NOAA_flask PSA_SIO_O2_flask DRP_NOAA_flask MQA_CSIRO_flask CRZ_NOAA_flask BHD_NIWA_insitu CGO_NOAA_flask CGO_SIO_O2_flask CGO_CSIRO_flask AMS_LSCE_insitu CPT_SAWS_insitu
1998 1 NA NA NA NA NA NA NA NA NA NA NA NA NA NA NA NA NA NA NA NA NA
1998 2 NA NA NA NA NA NA NA NA NA NA NA NA NA NA NA NA NA NA NA NA NA
1998 3 NA NA NA NA NA NA NA NA NA NA NA NA NA NA NA NA NA NA NA NA NA
1998 4 NA NA NA NA NA NA NA NA NA NA NA NA NA NA NA NA NA NA NA NA NA
1998 5 NA NA NA NA NA NA NA NA NA NA NA NA NA NA NA NA NA NA NA NA NA
1998 6 NA NA NA NA NA NA NA NA NA NA NA NA NA NA NA NA NA NA NA NA NA
1998 7 NA NA NA NA NA NA NA NA NA NA NA NA NA NA NA NA NA NA NA NA NA
1998 8 NA NA NA NA NA NA NA NA NA NA NA NA NA NA NA NA NA NA NA NA NA
1998 9 NA NA NA NA NA NA NA NA NA NA NA NA NA NA NA NA NA NA NA NA NA
1998 10 NA NA NA NA NA NA NA NA NA NA NA NA NA NA NA NA NA NA NA NA NA
1998 11 NA NA NA NA NA NA NA NA NA NA NA NA NA NA NA NA NA NA NA NA NA
1998 12 NA NA NA NA NA NA NA NA NA NA NA NA NA NA NA NA NA NA NA NA NA
1999 1 NA NA NA NA NA NA NA NA NA NA NA NA NA NA NA NA NA NA NA NA NA
1999 2 NA NA NA NA NA NA NA NA NA NA NA NA NA NA NA NA NA NA NA NA NA
1999 3 NA NA NA NA NA NA NA NA NA NA NA NA NA NA NA NA NA NA NA NA NA
1999 4 NA NA NA NA NA NA NA NA NA NA NA NA NA NA NA NA NA NA NA NA NA
1999 5 NA NA NA NA NA NA NA NA NA NA NA NA NA NA NA NA NA NA NA NA NA
1999 6 NA NA NA NA NA NA NA NA NA NA NA NA NA NA NA NA NA NA NA NA NA
1999 7 NA NA NA NA NA NA NA NA NA NA NA NA NA NA NA NA NA NA NA NA NA
1999 8 NA NA NA NA NA NA NA NA NA NA NA NA NA NA NA NA NA NA NA NA NA
1999 9 NA NA NA NA NA NA NA NA NA NA NA NA NA NA NA NA NA NA NA NA NA
1999 10 NA NA NA NA NA NA NA NA NA NA NA NA NA NA NA NA NA NA NA NA NA
1999 11 NA NA NA NA NA NA NA NA NA NA NA NA NA NA NA NA NA NA NA NA NA
1999 12 NA NA NA NA NA NA NA NA NA NA NA NA NA NA NA NA NA NA NA NA NA
2000 1 -0.0717392 -0.09086919 -0.04620474 -0.04972677 -0.001066456 -0.158303 -0.06434026 -0.1358612 NA -0.06940884 -0.1788534 -0.1823931 NA -0.156013 NA -0.1558715 -0.2707974 -0.2362712 -0.2641928 -0.2413801 -0.1651932
2000 2 -0.2805203 -0.3083085 -0.2547269 -0.3105427 -0.1998821 -0.4279702 -0.3138344 -0.3128721 -0.3616387 -0.1814038 -0.4363939 -0.3606721 NA -0.4722832 -0.469037 -0.2411996 -0.3410581 -0.322192 -0.3413442 -0.3170485 -0.2948827
2000 3 -0.3535033 -0.3276061 -0.3346268 NA -0.3269747 -0.4045967 -0.3065271 -0.345539 -0.355462 -0.3546603 -0.3990718 -0.4171611 NA -0.4197061 -0.4763026 -0.4305522 -0.4064882 -0.4063624 -0.4066709 -0.4038995 -0.3562722
2000 4 -0.2850452 -0.2921478 -0.2883125 -0.287376 -0.3007619 -0.3012835 -0.273099 -0.2544167 -0.304392 -0.2955798 -0.2847588 -0.2929777 NA -0.4518793 -0.2516811 -0.4181736 -0.3661206 -0.3803985 -0.3618809 -0.3934885 -0.3567265
2000 5 -0.264369 -0.2668301 -0.2621307 -0.2621472 -0.2619373 -0.2605946 -0.2541565 -0.2113635 -0.2721352 NA -0.2751249 -0.2668042 NA -0.3635278 -0.3658905 -0.4104714 -0.4046239 -0.3829002 -0.4196702 -0.4910652 -0.348728
2000 6 -0.2613299 -0.2695533 -0.2683288 -0.268493 -0.2758187 -0.2450455 -0.2480598 -0.2451835 -0.2381856 NA -0.2718044 -0.2909256 NA -0.2949743 -0.304579 -0.5874922 -0.4735568 -0.4622869 -0.4692624 -0.5156422 -0.3723434
2000 7 -0.2843202 -0.278267 -0.2648835 -0.2658725 -0.2556649 -0.3079156 -0.2527097 -0.2555886 -0.2064641 NA -0.2673815 -0.2808708 NA -0.3229447 -0.2868803 -0.5204009 -0.3931422 -0.4848103 -0.3636199 -0.6522495 -0.4622767
2000 8 -0.336585 -0.3258028 -0.3266428 -0.326796 -0.321033 -0.3342491 -0.3050747 -0.2891717 -0.2408091 NA -0.3192294 -0.2992788 NA -0.3079826 -0.2354224 -0.4937461 -0.4248506 -0.4400758 -0.4525416 -0.603779 -0.5898173
2000 9 -0.3973958 -0.3937061 -0.3872037 -0.3872395 -0.3718356 -0.3787067 -0.4072805 -0.3885301 -0.4221477 NA -0.3777476 -0.4119876 NA -0.3657068 -0.2560332 -0.557084 -0.5219347 -0.4895295 -0.4686297 -0.785122 -0.5733493
2000 10 -0.4512464 -0.4571163 -0.4547209 -0.4417931 NA -0.4681292 -0.4471792 -0.4551587 -0.4455912 NA -0.3591146 -0.3690653 NA -0.4709165 -0.6094282 -0.6919779 -0.5927304 -0.5502681 -0.6376504 -0.7396852 -0.6695234
2000 11 -0.5486151 -0.5209469 -0.5171281 -0.5192795 -0.4883105 -0.5443679 -0.5352379 -0.5541352 -0.5545211 NA -0.5572932 -0.5257929 NA -0.642497 -0.7203676 -0.6130936 -0.7508821 -0.7877594 -0.8067822 -0.8018495 -0.7518621
2000 12 -0.6308263 -0.6285318 -0.6225144 -0.6229483 -0.6180451 -0.6552721 -0.657289 -0.6486129 -0.6282116 NA -0.6402117 -0.6225781 NA -0.7240529 -0.7167569 -0.9058866 -0.7585556 -0.7543561 -0.7673636 -0.8544649 -0.8116054
2001 1 -0.7274928 -0.7073598 -0.706435 -0.7066532 -0.6724557 -0.8031012 -0.8506178 -0.7829462 -0.7247421 NA -0.7775323 -0.7631455 NA -0.912272 -0.9397152 NA -0.8130256 -0.8425814 -0.8119077 -0.8778413 -0.8217652
2001 2 -0.7780524 NA -0.7884648 -0.7870592 -0.8141353 -0.7730598 -0.7565648 -0.7703662 -0.7841063 NA -0.8551409 -0.8600763 NA -0.8421808 -0.9016779 NA -0.825763 -0.8201627 -0.8258427 -0.7141508 -0.8224318
2001 3 -0.7191959 NA -0.7381882 -0.7374507 -0.7363533 -0.7364751 -0.7287373 -0.7019496 -0.6906674 NA -0.7261551 -0.7027231 NA -0.7812531 -0.8086528 -0.8005067 -0.800393 -0.814033 -0.8228885 -0.7292415 -0.7370525
2001 4 -0.66682 NA -0.6718838 -0.6721153 -0.6850187 -0.6805473 -0.6169712 -0.6352328 -0.6400458 NA -0.6533283 NA NA -0.7036656 -0.8257863 -0.7714322 -0.664879 -0.6819095 -0.6701546 -0.8380308 -0.7458949
2001 5 -0.6392192 NA -0.6353794 -0.6398188 -0.6442583 -0.616497 -0.6309928 -0.6170021 -0.6058735 NA -0.6411361 NA NA -0.7932554 -0.8020594 -0.6545847 -0.7589166 -0.7599604 -0.7584112 -0.889513 -0.7317176
2001 6 -0.6390652 NA -0.6571103 -0.6576814 -0.6697641 -0.6240029 -0.6446075 -0.6324408 -0.6201948 NA -0.6486235 NA NA -0.5805583 -0.8008763 -0.7360681 -0.7581459 -0.8078658 -0.7693974 -0.9795449 -0.766037
2001 7 -0.6965231 -0.7207519 -0.6678064 -0.6677716 -0.6105051 -0.6550003 -0.6623649 -0.6776843 -0.6663874 NA -0.6845907 NA NA -0.8363076 -0.730273 -0.8152046 -0.8420463 -0.8170138 -0.8549483 -0.9559772 -0.8470427
2001 8 -0.7060397 -0.6863417 -0.6799668 -0.6799676 -0.7376865 -0.6789372 -0.6631701 -0.6857739 -0.670669 NA -0.5504051 NA NA -0.6802189 -0.665745 -0.8490782 -0.8064757 -0.770043 -0.775151 -1.008458 -0.9104579
2001 9 -0.7202043 -0.7496692 -0.8145723 -0.7527182 -0.7187062 -0.7056693 -0.6654454 -0.6714282 -0.7111573 NA -0.5555436 NA NA -0.7211782 -0.7457129 -0.9477144 -0.7736276 -0.753331 -0.7759282 -1.068548 -0.9522821
2001 10 -0.7019228 -0.7111274 -0.7276876 -0.7279545 -0.7226133 -0.6566731 -0.7582553 -0.726096 -0.7021215 NA -0.5669869 -0.5477686 NA -0.7979347 -0.7424473 -1.025175 -0.8756885 -0.8966995 -0.8783086 -1.014823 -0.947683
2001 11 -0.8560413 -0.9002372 -0.846591 -0.8473641 -0.934851 -0.7651881 -0.8613705 -0.8461104 -0.8724946 NA -0.8596993 -0.8225831 NA -0.8815655 NA -0.996061 -1.095565 -1.097571 -1.093864 -1.084746 -1.040345
2001 12 -1.059383 -1.081289 -1.045813 -1.028713 NA -1.024726 -1.082593 -1.062418 -1.055874 NA -1.011873 -1.048882 NA -0.9192539 NA -1.060127 -1.131906 -1.101361 -1.127813 -1.112872 -1.100876
2002 1 -1.098948 -1.083804 -1.085597 -1.085604 NA -1.175545 -1.127742 -1.162479 -1.106799 -1.113578 -1.259832 -1.217231 NA -1.166147 NA -1.136746 -1.175956 NA -1.178431 -1.135892 -1.133225
2002 2 -1.126704 -1.127823 -1.129197 -1.158021 NA -1.2315 -1.125271 -1.144413 -1.155088 -1.140377 -1.192975 -1.218483 NA -1.231799 NA -1.14819 -1.142316 -1.115232 -1.130911 -1.092915 -1.127416
2002 3 -1.074639 -1.086761 -1.07854 -1.078529 -1.114816 -1.087921 -1.053028 -1.054419 -1.112053 -1.15018 -1.172392 -1.156508 NA -1.10108 NA -1.178772 -1.161004 -1.111472 -1.168135 -1.159018 -1.073846
2002 4 -1.015185 -1.026336 -1.028808 -1.02881 -1.042435 -1.010572 -0.9921516 -1.003526 -1.014356 NA -1.022079 -1.051878 NA -1.067876 -1.103972 -1.139686 -1.046418 -1.049755 -1.047569 -1.202468 -1.077125
2002 5 -1.017804 -1.023421 -1.023368 -1.023032 -1.0386 -1.016289 -1.017183 -1.02332 NA NA -1.045721 -1.0415 NA -1.092207 NA -1.154709 -1.124336 -1.168866 -1.134745 -1.210876 -1.132143
2002 6 -1.034741 -1.031606 -0.9982827 -0.9981298 -1.035928 -0.9979086 -1.042601 -1.034059 NA -1.087889 -1.10501 -1.089501 NA -1.042508 -1.198573 -1.197787 -1.193773 -1.181684 -1.216536 -1.278151 -1.20554
2002 7 -1.120797 -1.100467 -1.069753 -1.068628 -1.063172 -1.110581 -1.079814 -1.100653 NA -1.130517 -1.104859 -1.110715 NA -1.149318 -1.356593 -1.300505 -1.207835 -1.248144 -1.214515 -1.446942 -1.302914
2002 8 -1.204754 -1.196164 -1.213402 -1.212898 -1.191362 -1.163457 -1.123237 -1.142019 NA -1.140094 -1.136774 -1.215763 NA -1.196344 -1.251869 -1.34327 -1.251421 -1.189956 -1.256623 -1.433346 -1.338655
2002 9 -1.231502 -1.219339 -1.208415 -1.207496 -1.188722 -1.228358 -1.20556 -1.196054 NA -1.209034 -1.239328 -1.324765 NA -1.229787 -1.336094 -1.35416 -1.256646 -1.264216 -1.248985 -1.568826 -1.455606
2002 10 -1.324736 -1.317674 -1.319353 -1.320006 -1.307578 -1.295406 -1.316528 -1.323351 NA -1.348525 -1.256677 -1.249067 NA -1.365366 -1.450314 -1.314158 -1.474833 -1.428116 -1.41935 -1.624909 -1.507691
2002 11 -1.413556 -1.417074 -1.39835 -1.40685 -1.375107 -1.403972 -1.421106 -1.441652 -1.3849 -1.363739 -1.421126 -1.407149 NA -1.588087 -1.670724 -1.646408 -1.619937 -1.624268 -1.615407 -1.844914 -1.597755
2002 12 -1.585937 -1.555353 -1.478927 -1.536124 -1.478589 -1.569663 -1.579331 -1.587316 -1.631898 -1.631306 -1.657902 -1.62011 NA -1.760771 NA -1.755298 -1.716728 -1.701604 -1.714128 -1.699366 -1.723884
2003 1 -1.657733 -1.63992 -1.638213 -1.638381 -1.647517 -1.718535 -1.694821 -1.721279 -1.744315 -1.683209 -1.833701 -1.820048 NA -1.863167 -1.990636 -1.834203 -1.839779 -1.829216 -1.841843 -1.83685 -1.787325
2003 2 -1.7785 -1.742262 -1.687963 -1.718056 NA -2.054457 -1.778822 -1.795326 -1.798971 -1.761833 -1.762044 -1.770514 NA -1.778791 -1.865787 -1.844431 -1.787313 -1.762941 -1.778522 -1.749392 -1.739173
2003 3 -1.735758 -1.758215 -1.812691 -1.813098 -1.913982 -1.819671 -1.740793 -1.723103 -1.700958 -1.69304 -1.776889 -1.79056 NA -1.819353 NA -1.821431 -1.767571 -1.751375 -1.773235 -1.847906 -1.722835
2003 4 -1.695131 -1.731753 -1.720106 -1.720912 -1.733635 -1.688723 -1.696761 -1.66533 -1.645872 -1.683248 -1.717759 -1.684496 NA -1.683458 NA -1.82253 -1.714232 -1.722672 -1.729929 -1.87264 -1.706076
2003 5 -1.662358 -1.650324 -1.66377 -1.6639 NA -1.665124 -1.658209 -1.645426 -1.63054 -1.677183 -1.662527 -1.705138 NA -1.758866 NA -1.824373 -1.843218 -1.817271 -1.840071 -1.876894 -1.732253
2003 6 -1.708437 -1.714596 -1.698076 -1.697932 -1.690491 -1.705724 -1.70982 -1.702763 -1.713508 -1.730859 -1.718369 -1.755117 NA -1.692842 NA -1.90412 -1.799792 -1.870643 -1.816474 -2.005105 -1.798417
2003 7 -1.784036 -1.796396 -1.789505 -1.789553 -1.760967 -1.773587 -1.767051 -1.787113 -1.783271 -1.758765 -1.760505 -1.729089 NA -1.939249 -1.815123 -1.855779 -1.875601 -1.89661 -1.855267 -2.10013 -1.933041
2003 8 -1.835001 -1.830024 -1.823273 -1.823886 -1.837923 -1.801979 -1.793467 -1.794773 -1.859366 -1.842276 -1.726345 -1.786229 NA -1.723993 -1.963683 -2.075739 -1.830265 -1.82689 -1.829347 -2.053076 -1.959862
2003 9 -1.874805 -1.879895 -1.852227 -1.851011 -1.833874 -1.849625 -1.852838 -1.855048 -1.899151 -1.850188 -1.863826 -1.811853 NA -1.778126 -1.940028 -2.096318 -1.864021 -1.998999 -1.91744 -2.189484 -2.037415
2003 10 -1.9554 -1.95108 -1.940219 -1.940506 -1.922572 -1.968868 -1.949307 -1.945326 -1.992239 -1.933131 -1.874233 -1.903475 NA -1.912465 -2.033182 -2.2364 -2.033046 -2.031944 -2.007348 -2.304163 -2.157542
2003 11 -2.081338 -2.084879 -2.065674 -2.063326 -2.064641 -2.09052 -2.091641 -2.100895 NA -2.087684 -2.063626 -2.121329 NA -2.252474 -2.237672 -2.173603 -2.255394 -2.246004 -2.251009 -2.339421 -2.242448
2003 12 -2.228306 -2.220426 -2.246881 -2.157391 -2.197756 -2.25939 -2.219801 -2.256284 -2.215419 -2.253706 -2.243471 -2.215125 NA -2.348853 -2.37917 -2.494169 -2.392171 -2.404984 -2.411043 -2.374988 -2.411291
2004 1 -2.379623 -2.350643 -2.347781 -2.314663 -2.319787 -2.465068 -2.459983 -2.400437 -2.714539 -2.441264 -2.481895 -2.425063 NA -2.61364 -2.615278 -2.470769 -2.516078 -2.506288 -2.515979 -2.413354 -2.446009
2004 2 -2.505253 -2.49158 -2.503879 -2.504824 NA -2.644457 -2.54766 -2.507812 -2.508588 -2.455188 -2.374343 -2.428088 NA -2.540384 -2.629933 -2.493753 -2.529632 -2.612025 -2.532027 -2.410672 -2.372295
2004 3 -2.362456 -2.362668 -2.349603 -2.349837 -2.316132 -2.438144 -2.391396 -2.368149 -2.365395 -2.339697 -2.408453 -2.309969 NA -2.455523 -2.544294 -2.494624 -2.449777 -2.454755 -2.458037 -2.434427 -2.427585
2004 4 -2.310604 -2.321874 -2.297352 -2.313671 -2.327426 -2.369511 -2.289306 -2.291896 -2.30777 -2.338724 -2.297236 -2.346599 NA -2.446313 -2.373561 -2.490592 -2.370132 -2.359928 -2.391053 -2.500285 -2.417756
2004 5 -2.306508 -2.314377 -2.325657 -2.325596 -2.320574 -2.283807 -2.268549 -2.260858 -2.291468 -2.307033 -2.369905 -2.386856 NA -2.360138 -2.317526 -2.489835 -2.415238 -2.415874 -2.42759 -2.523098 -2.336963
2004 6 -2.346529 -2.340052 -2.324308 -2.337218 -2.330898 -2.292732 -2.266822 -2.287279 -2.345748 -2.334911 -2.352973 -2.348254 NA -2.448889 -2.519388 -2.644722 -2.455316 -2.403642 -2.434651 -2.6524 -2.451313
2004 7 -2.399206 -2.402642 -2.402291 -2.402911 -2.415007 -2.384002 -2.304142 -2.337993 -2.383866 -2.344789 -2.396992 -2.41341 NA -2.518616 -2.352379 -2.54865 -2.458315 -2.4898 -2.488842 -2.680669 -2.556538
2004 8 -2.413107 -2.397535 -2.396993 -2.396352 -2.423275 -2.380079 -2.389077 -2.376673 -2.375012 -2.418259 -2.41475 -2.386904 NA -2.572481 -2.354296 -2.445237 -2.523927 -2.51934 -2.553318 -2.777708 -2.669622
2004 9 -2.498358 -2.498159 -2.499528 -2.494315 NA -2.494663 -2.464375 -2.466639 -2.51472 -2.450337 -2.468546 -2.451054 NA -2.493674 -2.600575 -2.682775 -2.680455 -2.733144 -2.685837 -2.838748 -2.684757
2004 10 -2.588628 -2.582139 -2.558433 -2.555619 -2.50672 -2.572261 -2.556308 -2.582566 -2.582306 -2.555494 -2.532857 -2.501332 NA -2.59262 -2.727627 -2.619379 -2.681152 -2.672588 -2.693909 -2.935108 -2.785488
2004 11 -2.695717 -2.679449 -2.686281 -2.663889 -2.590057 -2.663128 -2.623474 -2.709564 -2.736276 -2.687961 -2.76864 -2.816841 NA -2.935672 -2.842545 -2.880403 -2.824254 -2.78385 -2.817708 -2.946666 -2.828144
2004 12 -2.865973 -2.861072 -2.879429 -2.855901 -2.787606 -2.86515 -2.852099 -2.918603 -2.885136 -2.873282 -2.915623 -2.990711 NA -3.142716 -3.116402 -3.095089 -3.112428 -3.102232 -3.121322 -3.038786 -2.916174
2005 1 -2.967799 -2.986869 -2.980291 -2.953115 -2.936457 -3.190202 -3.092106 -3.070142 -3.038499 -3.135217 -3.13533 -3.101466 NA -3.217613 -3.276174 NA -3.099167 -3.060252 -3.087086 -3.054742 -2.977064
2005 2 -3.12021 -3.142804 -3.176551 -3.03339 -3.196544 -3.197088 -3.158272 -3.189212 -3.078719 -3.100805 -3.23097 -3.288339 NA -3.173328 -3.224055 NA -3.149688 -3.13885 -3.129452 -3.087538 -3.044673
2005 3 -3.032126 -3.050063 -3.012462 -3.029247 -3.126671 -3.136293 -3.0791 -3.069751 -3.067927 -3.003072 -3.121422 -3.124399 NA -2.999647 -3.175758 -3.053404 -3.093671 -3.065447 -3.084272 -3.095804 -2.991703
2005 4 -3.036962 -3.027354 -3.015457 -3.013248 -2.996195 -3.102052 -3.023002 -3.014688 -3.025424 -3.013789 -3.070293 -3.117315 NA NA -3.130346 NA -3.111996 -3.095072 -3.173922 -3.187517 -3.067133
2005 5 -3.010677 -3.012838 -3.015456 -3.019742 -3.034314 -3.006058 -3.005693 -2.985808 -3.004137 -3.015354 -3.098072 -3.127834 NA -3.068248 -3.07088 NA -3.141411 -3.080158 -3.103102 -3.294176 -3.067865
2005 6 -3.06626 -3.056981 -3.05422 -3.054053 -3.051111 -3.065091 -3.061556 -3.060471 -3.06293 -3.07059 -3.130008 -3.092343 NA -3.233753 -3.149039 NA -3.196792 -3.227261 -3.17796 -3.367927 -3.174504
2005 7 -3.142702 -3.152182 -3.159205 NA NA -3.121717 -3.15559 -3.116701 -3.15427 -3.121968 -3.172509 -3.172758 NA -3.278601 -3.252864 NA -3.255441 -3.287995 -3.320185 -3.464984 -3.334782
2005 8 -3.217987 -3.227233 -3.218052 NA -3.18881 -3.223702 -3.206982 -3.177435 -3.21401 -3.189539 -3.224463 -3.30309 NA -3.332977 -3.200417 -3.472024 -3.202579 -3.165347 -3.208679 -3.459686 -3.369497
2005 9 -3.253982 -3.255035 -3.268145 -3.267414 -3.238362 -3.281757 -3.213249 -3.221675 -3.236178 -3.237963 -3.256206 -3.249637 NA -3.260815 -3.320921 NA -3.33161 -3.363281 -3.306215 -3.583499 -3.478605
2005 10 -3.338897 -3.355681 -3.313035 -3.312811 -3.262052 -3.321665 -3.361995 -3.348766 -3.360397 -3.306046 -3.255289 -3.303596 NA -3.264988 -3.675665 NA -3.421995 -3.450943 -3.425604 -3.70169 -3.551417
2005 11 -3.47788 -3.460083 -3.456882 -3.456276 NA -3.478908 -3.528905 -3.483736 -3.487852 -3.468782 -3.484011 -3.554471 NA -3.621604 -3.8182 NA -3.538159 -3.49039 -3.490124 -3.743396 -3.58706
2005 12 -3.599209 -3.581943 -3.559192 -3.52733 -3.528868 -3.650283 -3.634183 -3.628521 -3.615517 -3.578827 -3.742049 -3.757029 NA -3.845144 -3.729446 NA -3.778956 -3.746988 -3.742348 -3.709385 -3.715881
2006 1 -3.683806 -3.651122 -3.65904 -3.634464 -3.594355 -4.006885 -3.66668 -3.751892 -3.685988 -3.768464 -3.951078 -3.959145 NA -3.8659 -3.974554 -3.91226 -3.78232 -3.772149 -3.784954 -3.738158 -3.751555
2006 2 -3.8034 -3.801197 -3.77337 -3.773459 -3.779192 -3.868733 -3.867259 -3.830549 -3.803877 -3.802406 -3.995607 -3.950394 NA -3.934522 -3.869639 NA -3.83202 -3.791104 -3.81265 -3.620639 -3.735363
2006 3 -3.729727 -3.736308 -3.763731 -3.760547 -3.805659 -3.814506 -3.75381 -3.736644 -3.730829 -3.777357 -3.803529 -3.785502 -3.762608 NA -3.885356 -3.911125 -3.81887 -3.790422 -3.780801 -3.793283 -3.772409
2006 4 -3.749243 -3.80151 -3.736935 NA -3.768857 -3.84183 -3.711339 -3.704965 -3.7314 -3.703131 -3.900293 -3.777683 -3.788967 -3.741053 -3.791943 -3.844523 -3.759364 -3.777247 -3.760295 -3.849329 -3.770823
2006 5 -3.756191 -3.758147 -3.749811 -3.739071 -3.743561 -3.776977 -3.754156 -3.731971 -3.762394 -3.77646 -3.78604 -3.831733 -3.795993 -3.85748 -3.847487 -3.849219 -3.805873 -3.754133 -3.86734 -3.931671 -3.804902
2006 6 -3.780086 -3.7701 -3.773696 -3.77597 -3.762506 -3.774168 -3.801018 -3.776918 NA -3.793187 -3.803069 -3.833907 -3.866638 -3.922439 -3.857591 -3.930899 -3.901965 -3.903007 -3.90367 -4.068467 -3.89945
2006 7 -3.859629 -3.849903 -3.838976 -3.843262 -3.820513 -3.834921 -3.820357 -3.844895 -3.872412 -3.863245 -3.797581 -3.764189 NA -4.089938 -4.020926 -4.084757 -3.973738 -3.992928 -3.948948 -4.178198 -4.044503
2006 8 -3.92366 -3.920776 -3.90301 -3.911679 NA -3.876758 -3.920888 -3.929348 -3.931915 -3.959459 -3.900557 -3.885421 -3.863854 -3.960811 -4.072885 -4.051307 -4.090014 -4.076818 -4.0216 -4.155948 -4.10577
2006 9 -3.994537 -3.983175 -3.955707 -3.963577 NA -3.997051 -3.972437 -3.992271 -3.989494 -3.996192 -4.005578 -4.016969 -3.996567 -4.030571 -4.074517 -4.108712 -4.089489 -4.066402 -4.114686 -4.367163 -4.190754
2006 10 -4.103472 -4.069344 -4.051855 -4.060328 -4.01843 -4.080898 -4.093725 -4.099582 -4.082372 -4.115906 -4.096435 -4.224883 -4.077235 -4.200628 -4.408372 -4.359849 -4.206624 -4.213624 -4.208576 -4.35039 -4.258225
2006 11 -4.228901 -4.22154 -4.209892 -4.197262 -4.182277 -4.199547 -4.261584 -4.256552 -4.210951 -4.236034 -4.265507 -4.256327 -4.193102 -4.402854 -4.338413 -4.596291 -4.356983 -4.304186 -4.359531 -4.477772 -4.32245
2006 12 -4.315207 -4.284398 -4.285469 NA -4.277981 -4.347228 -4.375699 -4.363447 -4.348574 -4.363935 -4.446029 -4.367091 -4.375233 -4.523686 -4.503266 -4.503024 -4.465218 -4.440341 -4.472601 -4.494555 -4.431734
2007 1 -4.420775 -4.448589 -4.443618 -4.453562 -4.420405 -4.533632 -4.49495 -4.541413 -4.513065 -4.612596 -4.68727 -4.703043 -4.422669 -4.776611 -4.654463 -4.62199 -4.517943 -4.602051 -4.603202 -4.475666 -4.449008
2007 2 -4.528069 -4.512367 -4.459374 -4.461444 -4.438305 -4.665802 -4.651909 -4.605521 -4.642985 -4.59029 -4.679467 -4.676558 -4.690733 -4.832232 -4.637981 -4.571678 -4.619803 -4.619129 -4.618063 -4.471169 -4.469366
2007 3 -4.539929 -4.533353 -4.529187 -4.554206 -4.576961 -4.535663 -4.590004 -4.556637 -4.56721 -4.531272 -4.611655 -4.517265 -4.47563 -4.61194 -4.599347 -4.666399 -4.598015 -4.624898 -4.604666 -4.595971 -4.521835
2007 4 -4.51049 -4.5059 -4.52436 -4.539047 -4.532332 -4.515593 -4.494213 -4.496492 -4.529529 -4.510088 -4.679731 -4.674258 -4.616664 -4.510993 -4.73591 -4.590264 NA NA NA -4.688078 -4.567971
2007 5 -4.609347 -4.597343 -4.594359 -4.59526 -4.561781 -4.621436 -4.583575 -4.606378 -4.635115 -4.6028 -4.710097 -4.667927 -4.67925 -4.683952 -4.612529 -4.653308 -4.658299 -4.63791 -4.65756 -4.800785 -4.630908
2007 6 -4.677973 -4.658443 -4.631942 -4.631677 -4.585667 -4.711205 -4.709028 -4.684395 -4.705581 -4.643851 -4.735927 -4.687419 -4.695134 -4.734776 -4.906381 -4.750389 -4.800065 -4.770723 -4.782563 -4.830381 -4.750446
2007 7 -4.754876 -4.748289 -4.741449 -4.741327 -4.719956 -4.749634 -4.759366 -4.754196 -4.75998 -4.750238 -4.735572 -4.730878 NA -4.795334 -4.795551 -4.856384 -4.898943 -4.811164 -4.84159 -5.097497 -4.908563
2007 8 -4.820327 -4.810564 -4.81411 -4.811373 -4.772041 -4.809977 -4.799862 -4.804806 -4.802364 -4.857231 -4.776788 -4.779756 NA -4.881113 -4.918761 -4.851323 -4.908229 -4.838355 -4.842323 -5.073953 -4.961232
2007 9 -4.886406 -4.880621 -4.870806 -4.870224 NA -4.882367 -4.900582 -4.8852 -4.88911 NA -4.85486 -4.828286 -4.918785 -4.958622 -5.241698 -5.005148 -4.963051 -4.937973 -5.010612 -5.157441 -5.069756
2007 10 -4.963547 -4.953593 -4.933068 -4.932859 -4.894202 -4.935211 -4.928262 -4.978842 NA -5.013253 -4.919627 -4.884576 -4.940646 -4.918586 -5.169895 -5.044668 -5.066543 -5.056851 -5.051988 -5.227567 -5.145249
2007 11 -5.061046 -5.050711 -5.045318 -5.044486 NA -5.075008 -5.073302 -5.094682 NA -5.072186 -5.056934 -5.095176 -5.123786 -5.166467 -5.285828 -5.296855 -5.232432 -5.227832 -5.237296 -5.341488 -5.242043
2007 12 -5.188775 -5.18351 -5.170263 -5.17042 -5.123473 -5.239264 -5.238346 -5.285259 NA -5.425991 -5.387043 -5.328698 -5.613135 -5.432689 -5.54898 -5.330633 -5.359175 -5.334906 -5.364734 -5.334852 -5.267889
2008 1 -5.335474 -5.30525 -5.298297 -5.296691 -5.273018 -5.412705 -5.381683 -5.385327 NA -5.371713 -5.396152 -5.474368 -5.371173 -5.421135 -5.552884 -5.47343 -5.363928 -5.424173 -5.395895 -5.02067 -5.305949
2008 2 -5.343528 -5.326646 -5.345337 -5.329553 NA -5.424324 -5.417916 -5.374013 NA -5.411062 -5.526548 -5.111236 -5.454642 -5.343559 -5.382332 -5.418215 -5.366424 -5.397848 -5.346064 -5.288872 -5.278131
2008 3 -5.304423 -5.312294 -5.30763 -5.306735 NA -5.376011 -5.286344 -5.323101 -5.344733 -5.366536 -5.370033 -5.35965 -5.281219 NA -5.52599 -5.417297 -5.373356 -5.369166 -5.349 -5.347923 -5.319044
2008 4 -5.306493 -5.284662 -5.294791 -5.292657 NA -5.362064 -5.278822 -5.297568 -5.349659 -5.336311 -5.475227 -5.437416 -5.431263 NA -5.351198 -5.425733 -5.453818 -5.372594 -5.44736 -5.468023 -5.339564
2008 5 -5.386013 -5.368527 -5.357905 -5.35631 -5.319759 -5.436488 -5.432941 -5.373357 -5.383381 NA -5.493066 -5.538581 -5.489542 NA -5.562818 -5.490209 -5.47862 -5.507059 -5.490742 -5.591717 -5.383928
2008 6 -5.484186 -5.473918 -5.497482 -5.496967 NA -5.495067 -5.473527 -5.456069 -5.455336 -5.469211 -5.504189 -5.489923 -5.500802 NA -5.760949 -5.590314 -5.576052 -5.639453 -5.589825 -5.670196 -5.552242
2008 7 -5.543729 -5.532816 -5.528368 -5.512586 -5.586156 -5.539419 -5.528273 -5.537339 NA -5.545072 -5.505412 -5.543469 -5.516956 -5.712123 -5.738566 -5.682917 -5.634751 -5.647698 -5.63595 -5.76961 -5.649434
2008 8 -5.636179 -5.619559 -5.611932 -5.628794 -5.685485 -5.636193 -5.652232 -5.626342 -5.667444 -5.678568 -5.644979 -5.682851 -5.622983 -5.760492 -5.666353 -5.761072 -5.712408 -5.691089 -5.743155 -5.888133 -5.825055
2008 9 -5.709295 -5.700889 -5.69305 -5.692717 NA -5.72014 -5.711839 -5.707732 -5.698545 -5.680801 -5.713635 -5.834438 -5.716333 -5.674454 -5.929839 -5.834385 -5.756681 -5.739273 -5.731702 -6.060833 -5.861946
2008 10 -5.782323 -5.789556 -5.752379 -5.751293 -5.779686 -5.77882 -5.764842 -5.785631 -5.778147 -5.757968 -5.726285 -5.824555 -5.660353 -5.944205 -5.890469 NA -5.915717 -5.90692 -5.900676 -6.059829 -5.980787
2008 11 -5.926432 -5.916363 -5.92694 -5.926195 NA -5.87405 -5.946964 -5.953076 -6.005612 -5.938152 -5.921554 -6.003283 NA -6.061729 -6.051243 NA -6.005271 -6.005809 -6.007415 -6.109874 -6.03513
2008 12 -6.102144 -6.089086 -6.066522 -6.066358 NA -6.105613 -6.114258 -6.149827 -6.183129 -6.132141 -6.184049 -6.224901 NA -6.161069 -6.198287 -6.092 -6.154417 -6.153832 -6.156574 NA -6.125362
2009 1 -6.202837 -6.143964 -6.189992 -6.193906 -6.195683 -6.322309 -6.162673 -6.237306 -6.322874 -6.149159 -6.326781 -6.353832 -6.328883 -6.482525 -6.459776 -6.142084 -6.151026 -6.276249 -6.149063 NA -6.207777
2009 2 -6.309468 -6.319859 -6.333958 -6.271434 NA -6.357712 -6.466213 -6.428568 -6.45522 -6.324212 -6.354743 -6.392087 -6.329411 -6.488127 -6.533348 -6.361104 -6.09233 NA -6.132508 -6.260815 -6.267213
2009 3 -6.257314 -6.271985 -6.265097 -6.26208 NA -6.404828 -6.30012 -6.295233 -6.337455 -6.387445 -6.30049 -6.289756 -6.265536 -6.634816 -6.458803 -6.570055 -6.329017 -6.421984 -6.330279 -6.323185 -6.260093
2009 4 -6.284237 -6.263709 -6.236874 -6.234865 NA -6.35682 -6.274435 -6.257166 -6.274974 -6.252543 -6.361374 -6.296866 -6.316222 -6.33595 -6.41747 -6.384993 -6.315127 -6.333863 -6.303 -6.383818 -6.285774
2009 5 -6.353465 -6.345638 -6.355735 -6.35709 -6.401584 -6.375435 -6.339647 -6.352931 -6.374512 -6.366355 -6.394334 -6.36036 NA -6.417726 -6.488598 -6.551622 -6.434144 -6.415075 -6.434333 -6.521794 -6.38543
2009 6 -6.438048 -6.440328 -6.429108 -6.429872 -6.413739 -6.45496 -6.422573 -6.460596 -6.442958 -6.432349 -6.448329 -6.42589 -6.460044 -6.546607 -6.672536 -6.562227 -6.484398 -6.498223 -6.487564 -6.585385 -6.486644
2009 7 -6.512951 -6.507532 -6.481409 -6.480921 -6.452003 -6.504983 -6.508508 -6.529188 -6.545627 -6.504353 -6.477395 -6.443537 NA -6.588794 -6.712214 -6.543854 -6.620274 -6.611726 -6.614792 -6.790665 -6.605376
2009 8 -6.596192 -6.586529 -6.580184 -6.580384 -6.578534 -6.577847 -6.569225 -6.587177 -6.592452 -6.58979 -6.578186 -6.557514 NA -6.524171 -6.871849 -6.673934 -6.68259 -6.753991 -6.691117 -6.822433 -6.714049
2009 9 -6.648604 -6.637865 -6.638257 -6.637581 -6.617772 -6.64048 -6.635852 -6.650411 -6.674959 -6.647939 -6.62453 -6.610112 NA -6.656933 NA -6.823924 -6.735635 -6.806451 -6.724787 -6.958079 -6.800937
2009 10 -6.743952 -6.726359 -6.704064 -6.703781 NA -6.743484 -6.702613 -6.744337 -6.753764 -6.79562 -6.69358 -6.697574 -6.719715 -6.901925 -6.862432 -6.860373 -6.797514 -6.89329 -6.792442 -6.947065 -6.893992
2009 11 -6.849904 -6.825196 -6.80917 -6.809458 NA -6.866537 -6.829089 -6.865335 -6.871699 -6.82803 -6.873197 -6.848678 NA -6.958696 -7.443014 -6.925342 -6.916906 -6.896014 -6.940385 -7.026152 -6.944109
2009 12 -6.921831 -6.919241 -6.910408 -6.910312 -6.916684 -6.995636 -6.989652 -6.987711 -7.001965 NaN -7.058989 -7.037894 -7.046632 -7.094207 -7.131801 -7.03403 -7.097657 -7.136258 -7.095254 -7.029629 -7.058213
2010 1 -7.06684 -7.013889 -6.985234 -6.983766 -6.988643 -7.317894 -7.063739 -7.139062 -6.995383 -7.057968 -7.228201 -7.194752 -7.16239 -7.324387 -7.32453 NA -7.142726 -7.206829 -7.164107 -7.232353 -7.128885
2010 2 -7.173389 -7.128353 -7.166772 -7.162629 -7.054222 -7.333538 -7.260529 -7.278451 -7.068845 -7.182536 -7.366605 -7.336981 -7.361561 -7.294059 -7.31505 -7.179088 -7.070535 -7.053718 -7.058713 -7.101634 -7.061771
2010 3 -7.172696 -7.21339 -7.20216 -7.203298 -7.22848 -7.319879 -7.198944 -7.212686 -7.215156 -7.076658 -7.308444 -7.190558 -7.300973 -7.32769 -7.316509 -7.261217 -7.212472 -7.144176 -7.226251 -7.216417 -7.117627
2010 4 -7.226096 -7.196953 -7.219828 -7.218373 -7.25209 -7.329956 -7.236972 -7.219281 -7.204072 -7.208042 -7.291267 -7.257069 -7.226037 -7.249649 -7.343859 -7.214921 -7.235387 NA -7.344253 -7.264232 -7.207788
2010 5 -7.286642 -7.256324 -7.256623 -7.256257 -7.24153 -7.359842 -7.262754 -7.277301 -7.277065 -7.320387 -7.289248 -7.297598 -7.28456 -7.351483 -7.364551 -7.364123 -7.300272 -7.280881 -7.306045 -7.464608 -7.267841
2010 6 -7.312257 -7.311782 -7.29729 -7.298971 -7.31146 -7.366189 -7.313992 -7.314557 NA -7.284028 -7.307834 -7.37455 -7.227792 -7.382143 -7.398796 -7.415901 -7.390699 -7.395573 -7.373074 -7.50542 -7.378112
2010 7 -7.357856 -7.34789 -7.333324 -7.333165 -7.306569 -7.343176 -7.347212 -7.362341 NA -7.357503 -7.34586 -7.2766 NA -7.33531 -7.488582 -7.501076 -7.552867 -7.422016 -7.551424 -7.617024 -7.481485
2010 8 -7.396194 -7.384707 -7.382168 -7.381802 -7.377128 -7.39832 -7.410804 -7.417177 NA -7.387683 -7.327318 -7.328111 NA -7.468181 -7.517531 -7.5276 -7.53184 -7.560401 -7.527692 -7.656476 -7.563289
2010 9 -7.487657 -7.473352 -7.4518 -7.451437 -7.445494 -7.490929 -7.500167 -7.503229 NA -7.469844 -7.46202 -7.380393 -7.39581 -7.465982 -7.55435 -7.706508 NA -7.529326 -7.529042 -7.76141 -7.654215
2010 10 -7.594179 -7.572753 -7.555272 -7.555742 -7.515461 -7.603468 -7.656031 -7.605879 NA -7.533637 -7.557494 -7.519882 -7.574436 -7.608065 -7.749222 -7.772672 -7.786304 NA -7.776439 -7.891426 -7.748669
2010 11 -7.721238 -7.726488 -7.745028 -7.740839 NA -7.746357 -7.671347 -7.750485 NA -7.680291 -7.783697 -7.852824 -7.85958 -7.979817 -7.88433 -7.846577 -7.854282 -7.792509 -7.857906 -7.923777 -7.854381
2010 12 -7.855363 -7.840844 -7.747411 -7.810192 -7.747351 -7.897605 -8.003906 -7.936973 NA -7.889846 -8.029052 -7.988213 NA -8.069383 -8.126846 -7.985636 -8.000705 -8.032867 -7.944666 -7.856573 -7.914631
2011 1 -8.044847 -8.020757 -8.000289 -8.000542 -7.886668 -8.098588 -8.351849 -8.349101 NA -8.158664 -8.309996 -8.206536 -8.005237 -8.279724 -8.516067 -8.098114 -8.162284 NA -8.174896 -8.044162 -8.051779
2011 2 -8.173742 -8.120052 -7.980555 -7.980335 -7.937799 -8.504331 -8.271435 -8.406553 NA -8.10347 -8.270668 -8.251166 -8.274383 -8.360625 -8.332703 NA -8.142472 -8.095603 -8.141992 -7.963631 -7.994065
2011 3 -8.171728 -8.205431 -8.202993 -8.194663 -8.260982 -8.26333 -8.23844 -8.251939 NA -8.09296 -8.276804 -8.23216 -8.171695 -8.349902 -8.253904 -8.122055 -8.236525 -8.234665 -8.268381 -8.0518 -7.955281
2011 4 -8.201451 -8.196754 -8.232957 -8.228696 -8.148665 -8.287852 -8.307106 -8.289533 NA -8.201242 -8.340171 -8.3337 -8.266987 NA -8.405467 -8.268301 -8.176443 -8.218714 NA -8.211027 -8.184998
2011 5 -8.245828 -8.245213 -8.211168 -8.210546 -8.256345 -8.269405 -8.146687 -8.257441 NA -8.351274 -8.345841 -8.350331 -8.285226 NA -8.400109 NA -8.331091 -8.338551 -8.261474 -8.368334 -8.245254
2011 6 -8.329804 -8.313682 -8.337488 -8.338298 NA -8.405416 -8.399781 -8.368134 NA -8.289377 -8.366908 -8.345853 -8.345532 NA -8.390539 -8.366361 -8.387625 -8.430394 -8.384134 -8.474107 -8.387757
2011 7 -8.407606 -8.39733 -8.389949 -8.389872 NA -8.405787 -8.421182 -8.413278 NA -8.400865 -8.391581 -8.395563 NA NA -8.640142 -8.437848 -8.395567 -8.460797 -8.400109 -8.614246 -8.482423
2011 8 -8.431516 -8.430036 -8.425874 -8.425873 -8.406482 -8.454925 -8.429042 -8.425932 -8.447215 -8.427007 -8.436989 -8.384777 -8.385332 -8.471082 -8.638254 -8.473563 -8.521982 -8.575977 -8.526104 -8.640426 -8.54202
2011 9 -8.481247 -8.472203 -8.46364 -8.463686 -8.444843 -8.511506 -8.466335 -8.476366 -8.469437 -8.478194 -8.494475 -8.508495 -8.533866 -8.5471 -8.601856 -8.555196 -8.510453 -8.513135 -8.503346 -8.77818 -8.649855
2011 10 -8.559871 -8.558051 -8.549898 -8.550291 -8.545073 -8.560383 -8.582861 -8.573663 -8.573161 -8.660994 -8.542812 -8.60868 -8.738572 -8.71277 -8.746254 -8.703864 -8.653165 -8.7746 -8.652527 -8.838681 -8.736413
2011 11 -8.635933 -8.634988 -8.608708 -8.624881 -8.611835 -8.650881 -8.664431 -8.683955 -8.758965 -8.644912 -8.662857 -8.700565 -8.753318 -8.781507 -8.901538 -8.847083 -8.848649 -8.871 -8.856446 -8.933409 -8.822639
2011 12 -8.811251 -8.775611 -8.764745 -8.860227 NA -8.835472 -9.050049 -8.943976 -8.847322 -8.945033 -8.978888 -8.968599 -9.106578 -9.094202 -9.270307 -8.883528 -8.884114 -8.929171 -8.878153 -9.00105 -8.944731
2012 1 -9.009189 -9.010203 -8.976243 -8.976107 NA -9.068605 -9.260304 -9.199025 -9.244864 -8.949343 -9.182633 -9.251933 NA -9.280715 -9.345015 -8.936136 -9.062514 -9.091365 -9.182767 -9.13681 -9.064179
2012 2 -9.229488 -9.263101 -9.224686 -9.324404 -9.09137 -9.297192 -9.441233 -9.304535 -9.25176 -9.263059 -9.26654 -9.332495 -9.168245 -9.063872 -9.501339 -9.113715 -8.976459 -9.113358 -9.037045 -9.014196 -8.955524
2012 3 -9.134464 -9.126731 -9.104383 -9.104895 -9.090734 -9.158403 -9.283058 -9.201984 -9.114033 -9.174496 -9.254651 -9.140313 -9.043858 -9.79511 -9.360692 -9.240186 -9.216818 -9.182336 -9.219914 -9.225457 -8.966392
2012 4 -9.124266 -9.151326 -9.171483 -9.171469 -9.21869 -9.127302 -9.100205 -9.114101 -9.117184 -9.130653 -9.195828 -9.284875 -9.156937 -9.409962 -9.265737 -9.150165 -9.343592 -9.215214 -9.334407 -9.231048 -9.088167
2012 5 -9.141793 -9.139406 -9.099658 -9.099535 NA -9.198113 -9.109656 -9.158972 -9.124227 -9.13362 -9.204423 -9.227146 -9.1969 -9.341432 -9.292653 -9.175384 -9.268048 -9.225735 -9.267185 -9.349973 -9.201802
2012 6 -9.224119 -9.223889 -9.214379 -9.21472 -9.206773 -9.202907 -9.218845 -9.231738 -9.224376 -9.217727 -9.234514 -9.187288 -9.286469 -9.343864 -9.322097 -9.234303 -9.33443 -9.302011 -9.298762 -9.424858 -9.252684
2012 7 -9.234523 -9.231581 -9.236604 -9.237183 NA -9.226293 -9.221934 -9.233847 -9.236359 -9.218768 -9.231828 -9.258064 NA -9.268271 -9.423637 -9.39692 -9.356345 -9.353954 -9.328033 -9.518076 -9.384959
2012 8 -9.27122 -9.27101 -9.276282 -9.27626 -9.278188 -9.270914 -9.253653 -9.272943 -9.267878 -9.271907 -9.203028 -9.197891 NA -9.351743 -9.433339 -9.441591 -9.35774 -9.424053 -9.311841 -9.506119 -9.436611
2012 9 -9.330591 -9.320277 -9.302687 -9.302643 NA -9.308099 -9.294395 -9.323493 -9.296628 -9.298413 -9.321489 -9.246728 -9.324275 -9.374834 -9.387146 NA -9.397855 -9.396612 -9.414454 -9.706533 -9.530577
2012 10 -9.459282 -9.440826 -9.424535 -9.424552 NA -9.44208 -9.433837 -9.468342 -9.427514 -9.481187 -9.458492 -9.433505 -9.514106 -9.58958 -9.747957 NA -9.563259 -9.618626 -9.563202 -9.70251 -9.624888
2012 11 -9.571244 -9.567364 -9.506029 -9.506905 -9.525362 -9.584313 -9.580902 -9.602537 -9.515686 -9.536034 -9.571809 -9.573859 -9.671605 -9.801427 NA NA -9.732713 -9.762033 -9.745136 -9.880188 -9.693463
2012 12 -9.700184 -9.690328 -9.699375 -9.700019 -9.632266 -9.772833 -9.777424 -9.780307 -9.749456 -9.801394 -9.775001 -9.773871 -9.796743 -9.841198 -10.05893 NA -9.903211 -9.889423 -9.899102 -9.975711 -9.783098
2013 1 -9.868943 -9.854955 -9.924284 -9.92532 NA -9.925099 -9.866849 -9.961738 -9.976175 NA -10.06012 -9.999655 -10.12559 -10.08336 -10.23124 NA -9.946357 -10.0486 -9.937373 -10.04497 -9.888139
2013 2 -9.984212 -9.954138 -9.94979 -9.942589 NA -10.12501 -10.0294 -10.04182 -10.04434 -9.980724 -10.12552 -10.16061 -9.948933 -10.12446 -10.24269 -10.0493 -9.925949 -10.04666 -9.924197 -10.01391 -9.850178
2013 3 -10.03516 -10.05295 -10.05265 -10.04008 -10.09749 -10.08871 -10.02875 -10.06415 -10.03349 -9.998439 -10.08848 -10.0514 -10.08613 -10.13056 -10.19506 -10.16169 -10.00323 -10.06595 -9.997219 -10.01473 -9.934349
2013 4 -9.97831 -9.977502 -9.994129 -9.994131 -10.01096 -10.05735 -9.997416 -10.01561 -9.969658 -10.00619 -9.967491 -10.03943 -9.959794 -10.00115 -10.10212 -10.16041 -10.03876 -10.05038 -10.05238 -10.08049 -9.954296
2013 5 -10.02159 -10.00746 -10.00648 -10.00587 -9.960443 -10.05559 -10.0619 -10.04907 -10.00859 -9.991308 -10.03903 -9.999466 -9.995341 -10.10213 -10.12703 -10.10332 -10.07417 -10.07425 -10.07065 -10.19286 -9.995953
2013 6 -10.06367 -10.0763 -10.11689 -10.11678 -10.17055 -10.11352 -10.03803 -10.07316 -10.05878 -10.07154 -10.04449 -9.998152 -9.992348 -10.15784 -10.12942 -10.15401 -10.08812 -10.1198 -10.08472 -10.30187 -10.16809
2013 7 -10.12127 -10.1179 -10.10759 -10.10765 -10.09928 -10.12302 -10.13534 -10.12703 -10.15165 -10.08771 -10.08629 -10.07542 -10.06001 -10.14191 -10.30761 -10.15652 -10.19223 -10.32293 -10.24241 -10.40482 -10.24804
2013 8 -10.16263 -10.15542 -10.14342 -10.17084 -10.12144 -10.15005 -10.15386 -10.15639 -10.14231 -10.16019 -10.11429 -10.03896 NA -10.10353 -10.2022 NA -10.33316 -10.16733 -10.36235 -10.43261 -10.32273
2013 9 -10.26261 -10.25478 -10.25602 -10.25576 -10.20917 -10.24843 -10.25876 -10.26413 -10.25571 -10.25553 -10.22037 -10.23176 -10.33541 -10.27176 -10.37588 NA -10.37889 -10.42491 -10.39439 -10.54127 -10.43536
2013 10 -10.34427 -10.33041 -10.31862 -10.31869 -10.30707 -10.34673 -10.34147 -10.35787 -10.36668 -10.32183 -10.31461 -10.32012 -10.43011 -10.41851 -10.42656 NA -10.50155 -10.43629 -10.4944 -10.62539 -10.52669
2013 11 -10.48751 -10.48552 -10.43597 -10.38807 -10.38817 -10.50057 -10.56597 -10.54121 -10.51612 -10.39114 -10.51106 -10.53534 -10.52211 -10.66735 -10.56636 -10.58349 -10.71779 -10.69491 -10.71296 -10.71741 -10.6032
2013 12 -10.64964 -10.63136 -10.60797 -10.60781 -10.55694 -10.69191 -10.71411 -10.76379 -10.76403 -10.78153 -10.71973 -10.71913 -10.8799 -10.96918 -10.93107 NA -10.79341 -10.78888 -10.78824 -10.79916 -10.63271
2014 1 -10.70198 -10.69818 -10.6791 -10.67894 -10.66038 -10.80476 -10.87356 -10.83461 -10.80969 -10.81649 -10.83466 -10.79199 -10.81365 -11.00106 -10.97957 NA -10.96538 -10.946 -10.96203 -10.91074 -10.6744
2014 2 -10.81773 -10.78591 -10.81454 -10.81379 -10.75073 -10.93509 -10.79008 -10.86166 -10.81989 -10.90774 -10.97498 -10.93094 -10.82353 -10.92584 -11.01251 NA -10.88056 -10.80947 -10.88023 -10.82467 -10.67216
2014 3 -10.80527 -10.77555 -10.76801 -10.76734 -10.73584 -10.96505 -10.84803 -10.83516 -10.82394 -10.87762 -10.90848 -10.78254 -10.86311 -10.92815 -10.88216 -10.93516 -10.84565 -10.85855 -10.86705 -10.73323 -10.69873
2014 4 -10.80315 -10.80676 -10.81323 -10.81628 -10.8382 -10.79846 -10.82051 -10.81603 -10.80984 -10.79937 -10.92256 -10.85959 -10.81445 -10.99503 -10.95059 -10.90031 -10.71154 -10.81795 -10.73263 -10.80639 -10.7579
2014 5 -10.77947 -10.77069 -10.77282 -10.7491 -10.79657 -10.80566 -10.812 -10.81005 -10.78218 -10.74615 -10.82525 -10.78504 -10.72889 -10.94049 -10.92963 -10.92339 -10.90607 -10.88978 -10.89215 -11.02148 -10.82378
2014 6 -10.82238 -10.82589 -10.81267 -10.83632 -10.78985 -10.81743 -10.81242 -10.82246 -10.81778 -10.818 -10.83498 -10.86338 -10.88294 -11.00072 -10.95609 -11.05014 -11.05226 -11.07666 -11.06444 -11.12409 -10.93267
2014 7 -10.87966 -10.87432 -10.87366 -10.87374 -10.84467 -10.87267 -10.87192 -10.86365 -10.87794 -10.86715 -10.85743 -10.80938 NA -10.9738 -11.02672 -11.05193 -11.02081 NA NA -11.1996 -11.02886
2014 8 -10.94365 -10.94591 -10.90195 -10.90184 -10.85745 -10.96828 -10.95866 -10.93608 -10.8952 -10.93854 -10.8894 -10.95008 -10.89174 -11.11594 -10.99233 -11.05507 -10.99402 -10.89895 -10.95995 -11.14315 -11.1255
2014 9 -11.00173 -10.98873 -10.98169 -10.98166 -10.97229 -11.00769 -11.00424 -10.98809 -10.94348 -10.98945 -10.98538 -11.00555 -10.96337 -10.98643 -11.11303 -11.22543 -11.1616 -11.28656 -11.18236 -11.28125 -11.21018
2014 10 -11.10769 -11.09528 -11.0838 -11.08414 -11.06808 -11.10372 -11.09833 -11.11345 -11.08787 -11.12399 -11.12958 -11.1515 -11.08277 -11.10721 -11.44951 -11.35389 -11.24425 -11.34207 -11.24159 -11.40897 -11.31357
2014 11 -11.25451 -11.23048 -11.23344 -11.23351 -11.19428 -11.27402 -11.29828 -11.29282 -11.30326 -11.23596 -11.3103 -11.32081 -11.32642 -11.40858 -11.51412 -11.3731 -11.55187 -11.48077 -11.5207 -11.59708 -11.41078
2014 12 -11.44794 -11.41352 -11.40524 -11.36001 -11.31397 -11.47102 -11.67482 -11.58385 -11.49801 -11.53839 -11.55456 -11.69089 -11.70384 -11.79786 NA NA -11.78512 -11.70832 -11.75201 -11.47464 -11.55265
2015 1 -11.61746 -11.60243 -11.57717 -11.56066 -11.5005 -11.78433 -11.72157 -11.74033 -11.7335 -11.82369 -11.85124 -11.7966 -11.81329 -11.93888 -12.037 -11.43961 -11.72027 -11.77946 -11.71316 -11.69926 -11.59763
2015 2 -11.70317 -11.72832 -11.71362 -11.74087 -11.67595 -11.865 -11.94956 -11.9232 -11.81739 -11.92227 -11.88653 -11.87783 -11.83189 -12.10134 -12.00726 -11.64001 -11.64432 -11.82902 -11.65708 -11.62433 -11.71032
2015 3 -11.72711 -11.76473 -11.81336 -11.79608 NA -11.89388 -11.80504 -11.81908 -11.78478 -11.64009 -11.81529 -11.74452 -11.62523 -11.93267 -11.89536 NA -11.82662 -11.80196 -11.82472 -11.67144 -11.63773
2015 4 -11.73114 -11.72677 -11.69728 -11.69722 -11.66124 -11.7242 -11.70803 -11.71113 -11.71873 -11.7581 -11.81013 -11.78854 -11.70379 -11.75127 -11.73411 NA -11.79265 -11.80627 -11.79112 -11.71343 -11.714
2015 5 -11.71371 -11.70952 -11.72418 -11.72263 -11.72263 -11.71877 -11.7504 -11.7244 -11.69687 -11.70572 -11.76537 -11.7471 -11.73656 -11.94082 -11.99457 -11.77847 -11.79262 -11.84456 -11.79907 -11.90082 -11.74442
2015 6 -11.75681 -11.74558 -11.73561 -11.75929 -11.71181 -11.75156 -11.73583 -11.74797 -11.77033 -11.73866 -11.7645 -11.71632 -11.76933 -11.8207 -11.9798 -11.83848 -11.85038 -11.86792 -11.84621 -12.05815 -11.90004
2015 7 -11.80655 -11.81048 -11.79766 -11.81073 NA -11.77934 -11.76108 -11.74301 -11.77745 -11.78966 -11.70788 -11.74494 NA -11.9542 -11.89041 -11.81041 -11.9122 -11.96075 -11.89451 -12.11896 -11.98447
2015 8 -11.81592 -11.80196 -11.78656 -11.78631 -11.78784 -11.78722 -11.78894 -11.79102 -11.81029 -11.79522 -11.8311 -11.78343 NA -11.85577 -11.97044 NA -11.85489 -12.13999 -11.90828 -12.06962 -12.03043
2015 9 -11.86151 -11.84395 -11.85036 -11.85111 -11.84421 -11.82574 -11.80975 -11.83838 -11.84197 -11.8352 -11.84553 -11.85232 NA -11.83 -12.08984 -12.15065 -12.01098 -12.01897 -12.03894 -12.27166 -12.11781
2015 10 -12.00128 -11.98889 -11.97511 -11.97416 -11.93043 -11.97915 -11.98115 -11.99049 -11.9945 -11.97098 -11.97675 -11.96069 -12.20995 -12.06767 -12.13475 NA -12.00782 -12.01041 -12.00726 -12.28048 -12.26489
2015 11 -12.15064 -12.13042 -12.09718 -12.09639 -12.01874 -12.1475 -12.18236 -12.18494 -12.0777 -12.20041 -12.19108 -12.17737 -12.26294 -12.32764 -12.30821 -12.25526 -12.34534 -12.30179 -12.33614 -12.39154 -12.32481
2015 12 -12.34778 -12.31494 -12.27884 -12.27891 -12.28466 -12.37533 -12.40051 -12.42784 -12.35868 -12.38847 -12.41612 -12.53015 -12.79489 -12.62974 -12.65815 -12.62204 -12.5387 -12.6879 -12.5364 -12.52823 -12.43517
2016 1 -12.5322 -12.58501 -12.57417 -12.5738 NA -12.72811 -12.90384 -12.7483 -12.71038 -12.75851 -12.80731 -12.85422 -12.94536 -12.77284 -12.99632 NA -12.57265 -12.70562 -12.57316 -12.5998 -12.51565
2016 2 -12.80169 -12.87406 -12.77671 -12.77867 NA -13.05216 -12.98124 -13.01357 -12.8055 -12.9713 -12.93437 -13.02113 -13.00534 -12.92215 -13.08733 -12.60091 -12.79562 -12.75131 -12.80621 -12.70885 -12.65022
2016 3 -12.77578 -12.72807 -12.73932 -12.73439 -12.70865 -13.00441 -12.85789 -12.84284 -12.89694 -12.82165 -12.89556 -12.87782 -12.76394 -12.81893 -13.00542 NA -12.74208 NA -12.69566 -12.76204 -12.75318
2016 4 -12.80471 -12.87043 -12.95633 -12.95721 NA -12.86611 -12.76546 -12.7591 -12.729 -12.82062 -12.90845 -12.93101 -12.99241 -12.90562 -12.95525 NA -12.83729 -12.8167 -12.82801 -12.84395 -12.76693
2016 5 -12.74766 -12.7365 -12.72942 -12.71928 -12.71906 -12.74845 -12.75469 -12.74036 -12.73595 -12.74876 -12.8635 -12.77602 -12.92478 -12.79863 -12.81091 -12.83133 -12.85486 -12.87077 -12.8626 -12.94088 -12.78929
2016 6 -12.76847 -12.74971 -12.78846 NA -12.7712 -12.74036 -12.72907 -12.71229 -12.75658 -12.69656 -12.77948 -12.75486 -13.01677 -12.75154 -13.15421 -13.05318 -12.97634 -12.98337 -12.97235 -13.05604 -12.9074
2016 7 -12.78395 -12.77835 -12.80244 -12.80542 -12.79752 -12.74563 -12.73802 -12.708 -12.73388 -12.77615 -12.79448 -12.77577 NA -12.88328 -12.99835 -12.94899 -12.9176 -12.96518 -12.93336 -13.0917 -12.96284
2016 8 -12.85572 -12.85318 -12.84924 -12.84939 -12.84948 -12.82965 -12.8515 -12.83863 -12.81918 -12.8596 -12.81371 -12.83963 -12.71336 -12.89585 -13.04779 -12.94685 -12.95127 -12.98518 -12.94857 -13.08628 -13.12865
2016 9 -12.91174 -12.90646 -12.90015 -12.90013 -12.89139 -12.89732 -12.88985 -12.89209 -12.89676 -12.89086 -12.86089 -12.82142 NA -12.90534 -13.06969 -13.15163 -13.0598 -13.05576 -13.05944 -13.20953 -13.09507
2016 10 -13.00021 -12.98297 -12.94375 -12.94376 -12.92214 -13.00016 -13.0132 -13.00992 -12.99807 NA -13.05195 -13.02625 -13.10194 NaN -13.20841 -13.33067 -13.16809 -13.16238 -13.16314 -13.30375 -13.21515
2016 11 -13.15498 -13.14423 -13.14049 -13.14119 -13.11389 -13.17059 -13.20763 -13.18588 -13.16308 -13.2379 -13.2215 -13.26717 -13.19764 -13.34778 -13.41994 -13.30082 -13.41825 -13.34689 -13.34848 -13.49161 -13.28801
2016 12 -13.34337 -13.34288 -13.27833 -13.27821 NA -13.3599 -13.35973 -13.39451 -13.50144 -13.32083 -13.37955 -13.46983 -13.54797 -13.66527 -13.76618 -13.65594 -13.52359 -13.5272 -13.52294 -13.59549 -13.44369
2017 1 -13.50758 -13.52064 -13.49242 -13.61626 -13.47111 -13.87321 -13.81585 -13.72932 -13.55237 -13.53204 -13.78945 -13.79683 NA -13.91644 -14.02773 -13.7065 -13.75444 -13.72817 -13.74841 -13.67566 -13.66092
2017 2 -13.76708 -13.72076 -13.69038 -13.74987 -13.69654 NA -13.89982 -13.91418 -13.80809 -13.77851 -14.00859 -13.83105 -13.83241 -13.86478 -13.89927 -13.80002 -13.81845 -13.8426 -13.8458 -13.65748 -13.62664
2017 3 -13.82171 -13.77932 -13.78441 -13.77123 NA NA -13.82878 -13.88255 -13.80344 -13.86438 -14.05827 -14.17995 -13.81024 NA -13.96877 -13.71769 -13.81485 -13.88029 -13.88204 -13.74689 -13.6984
2017 4 -13.85235 -13.85014 -13.82764 -13.82992 NA NA -13.82041 -13.81043 -13.81394 -13.90575 -13.99907 -13.98388 -14.03688 NA -13.9146 -13.77809 -13.72988 -13.83884 -13.85831 -13.7657 -13.74544
2017 5 -13.79421 -13.80361 -13.81266 -13.81318 -13.80556 NA -13.72808 -13.74959 -13.80499 -13.81819 -13.8018 -13.89077 -13.87569 -13.99817 -13.80781 -13.92812 -13.86556 -13.9005 -13.87961 -13.94267 -13.78166
2017 6 -13.75227 -13.73685 -13.73355 -13.74595 -13.77814 NA -13.73137 -13.7032 -13.76565 -13.7551 -13.76891 -13.77635 NA -14.02183 -13.94096 -13.93691 -13.898 -13.91799 -13.89639 -14.10816 -13.90157
2017 7 -13.66791 -13.63831 -13.60922 -13.70577 -13.71229 NA -13.62625 -13.61143 -13.68228 -13.73396 -13.71597 -13.69315 -13.89427 -13.94781 -13.79799 -13.85561 -13.90075 -13.93733 -13.93934 -14.12983 -13.99252
2017 8 -13.79404 -13.79645 -13.76082 -13.77871 -13.77278 NA -13.76411 -13.74597 -13.75905 -13.75245 -13.73074 -13.71935 NA -13.97596 -14.09728 -14.01913 -13.96117 -13.87553 -13.87378 -14.19249 -14.0089
2017 9 -13.84103 -13.83408 -13.85048 -13.85048 -13.82796 NA -13.88666 -13.84501 -13.86336 -13.84157 -13.76686 -13.7106 NA -13.93555 -13.99887 -14.11254 -13.98104 -14.00649 -14.00314 -14.19398 -14.11791
2017 10 -14.02456 -13.99789 -13.97997 -13.97993 -13.95706 NA -14.01934 -14.00822 -14.06017 -13.96814 -13.97606 -13.90491 NA -14.04723 -14.4438 -14.11037 -14.21565 -14.2013 -14.18594 -14.36284 -14.22813
2017 11 -14.22052 -14.20869 -14.17554 NA -14.1019 NA -14.35829 -14.27482 -14.29568 -14.26653 -14.28363 -14.22189 NA -14.55162 -14.58834 -14.41832 -14.34338 -14.29019 -14.26104 -14.5481 -14.3807
2017 12 -14.36265 -14.34763 -14.34531 -14.34871 -14.30002 -14.55639 -14.44052 -14.45142 -14.47215 -14.43835 -14.55828 -14.49714 NA -14.65837 -14.70873 -14.57162 -14.51307 -14.57988 -14.56105 -14.49961 -14.51768
2018 1 NA NA NA NA NA NA NA -14.54428 NA NA NA NA NA NA NA NA NA NA NA -14.64441 -14.59128
2018 2 NA NA NA NA NA NA NA NA NA NA NA NA NA NA NA NA NA NA NA NA NA
2018 3 NA NA NA NA NA NA NA NA NA NA NA NA NA NA NA NA NA NA NA NA NA
2018 4 NA NA NA NA NA NA NA NA NA NA NA NA NA NA NA NA NA NA NA NA NA
2018 5 NA NA NA NA NA NA NA NA NA NA NA NA NA NA NA NA NA NA NA NA NA
2018 6 NA NA NA NA NA NA NA NA NA NA NA NA NA NA NA NA NA NA NA NA NA
2018 7 NA NA NA NA NA NA NA NA NA NA NA NA NA NA NA NA NA NA NA NA NA
2018 8 NA NA NA NA NA NA NA NA NA NA NA NA NA NA NA NA NA NA NA NA NA
2018 9 NA NA NA NA NA NA NA NA NA NA NA NA NA NA NA NA NA NA NA NA NA
2018 10 NA NA NA NA NA NA NA NA NA NA NA NA NA NA NA NA NA NA NA NA NA
2018 11 NA NA NA NA NA NA NA NA NA NA NA NA NA NA NA NA NA NA NA NA NA
2018 12 NA NA NA NA NA NA NA NA NA NA NA NA NA NA NA NA NA NA NA NA NA
2019 1 NA NA NA NA NA NA NA NA NA NA NA NA NA NA NA NA NA NA NA NA NA
2019 2 NA NA NA NA NA NA NA NA NA NA NA NA NA NA NA NA NA NA NA NA NA
2019 3 NA NA NA NA NA NA NA NA NA NA NA NA NA NA NA NA NA NA NA NA NA
2019 4 NA NA NA NA NA NA NA NA NA NA NA NA NA NA NA NA NA NA NA NA NA
2019 5 NA NA NA NA NA NA NA NA NA NA NA NA NA NA NA NA NA NA NA NA NA
2019 6 NA NA NA NA NA NA NA NA NA NA NA NA NA NA NA NA NA NA NA NA NA
2019 7 NA NA NA NA NA NA NA NA NA NA NA NA NA NA NA NA NA NA NA NA NA
2019 8 NA NA NA NA NA NA NA NA NA NA NA NA NA NA NA NA NA NA NA NA NA
2019 9 NA NA NA NA NA NA NA NA NA NA NA NA NA NA NA NA NA NA NA NA NA
2019 10 NA NA NA NA NA NA NA NA NA NA NA NA NA NA NA NA NA NA NA NA NA
2019 11 NA NA NA NA NA NA NA NA NA NA NA NA NA NA NA NA NA NA NA NA NA
2019 12 NA NA NA NA NA NA NA NA NA NA NA NA NA NA NA NA NA NA NA NA NA
2020 1 NA NA NA NA NA NA NA NA NA NA NA NA NA NA NA NA NA NA NA NA NA
2020 2 NA NA NA NA NA NA NA NA NA NA NA NA NA NA NA NA NA NA NA NA NA
2020 3 NA NA NA NA NA NA NA NA NA NA NA NA NA NA NA NA NA NA NA NA NA
2020 4 NA NA NA NA NA NA NA NA NA NA NA NA NA NA NA NA NA NA NA NA NA
2020 5 NA NA NA NA NA NA NA NA NA NA NA NA NA NA NA NA NA NA NA NA NA
2020 6 NA NA NA NA NA NA NA NA NA NA NA NA NA NA NA NA NA NA NA NA NA
2020 7 NA NA NA NA NA NA NA NA NA NA NA NA NA NA NA NA NA NA NA NA NA
2020 8 NA NA NA NA NA NA NA NA NA NA NA NA NA NA NA NA NA NA NA NA NA
2020 9 NA NA NA NA NA NA NA NA NA NA NA NA NA NA NA NA NA NA NA NA NA
2020 10 NA NA NA NA NA NA NA NA NA NA NA NA NA NA NA NA NA NA NA NA NA
2020 11 NA NA NA NA NA NA NA NA NA NA NA NA NA NA NA NA NA NA NA NA NA
2020 12 NA NA NA NA NA NA NA NA NA NA NA NA NA NA NA NA NA NA NA NA NA
