year month SPO_NOAA_insitu SPO_NOAA_flask SPO_SIO_O2_flask SPO_SIO_CDK_flask SPO_CSIRO_flask HBA_NOAA_flask SYO_NOAA_flask SYO_TU_insitu MAA_CSIRO_flask CYA_CSIRO_flask PSA_NOAA_flask PSA_SIO_O2_flask DRP_NOAA_flask MQA_CSIRO_flask CRZ_NOAA_flask BHD_NIWA_insitu CGO_NOAA_flask CGO_SIO_O2_flask CGO_CSIRO_flask AMS_LSCE_insitu CPT_SAWS_insitu
1998 1 NA NA NA NA NA NA NA NA NA NA NA NA NA NA NA NA NA NA NA NA NA
1998 2 NA NA NA NA NA NA NA NA NA NA NA NA NA NA NA NA NA NA NA NA NA
1998 3 NA NA NA NA NA NA NA NA NA NA NA NA NA NA NA NA NA NA NA NA NA
1998 4 NA NA NA NA NA NA NA NA NA NA NA NA NA NA NA NA NA NA NA NA NA
1998 5 NA NA NA NA NA NA NA NA NA NA NA NA NA NA NA NA NA NA NA NA NA
1998 6 NA NA NA NA NA NA NA NA NA NA NA NA NA NA NA NA NA NA NA NA NA
1998 7 NA NA NA NA NA NA NA NA NA NA NA NA NA NA NA NA NA NA NA NA NA
1998 8 NA NA NA NA NA NA NA NA NA NA NA NA NA NA NA NA NA NA NA NA NA
1998 9 NA NA NA NA NA NA NA NA NA NA NA NA NA NA NA NA NA NA NA NA NA
1998 10 NA NA NA NA NA NA NA NA NA NA NA NA NA NA NA NA NA NA NA NA NA
1998 11 NA NA NA NA NA NA NA NA NA NA NA NA NA NA NA NA NA NA NA NA NA
1998 12 NA NA NA NA NA NA NA NA NA NA NA NA NA NA NA NA NA NA NA NA NA
1999 1 NA NA NA NA NA NA NA NA NA NA NA NA NA NA NA NA NA NA NA NA NA
1999 2 NA NA NA NA NA NA NA NA NA NA NA NA NA NA NA NA NA NA NA NA NA
1999 3 NA NA NA NA NA NA NA NA NA NA NA NA NA NA NA NA NA NA NA NA NA
1999 4 NA NA NA NA NA NA NA NA NA NA NA NA NA NA NA NA NA NA NA NA NA
1999 5 NA NA NA NA NA NA NA NA NA NA NA NA NA NA NA NA NA NA NA NA NA
1999 6 NA NA NA NA NA NA NA NA NA NA NA NA NA NA NA NA NA NA NA NA NA
1999 7 NA NA NA NA NA NA NA NA NA NA NA NA NA NA NA NA NA NA NA NA NA
1999 8 NA NA NA NA NA NA NA NA NA NA NA NA NA NA NA NA NA NA NA NA NA
1999 9 NA NA NA NA NA NA NA NA NA NA NA NA NA NA NA NA NA NA NA NA NA
1999 10 NA NA NA NA NA NA NA NA NA NA NA NA NA NA NA NA NA NA NA NA NA
1999 11 NA NA NA NA NA NA NA NA NA NA NA NA NA NA NA NA NA NA NA NA NA
1999 12 NA NA NA NA NA NA NA NA NA NA NA NA NA NA NA NA NA NA NA NA NA
2000 1 366.3819 366.3872 366.4113 366.4053 366.4521 366.2222 366.3656 366.2914 NA 366.3597 366.1175 366.1975 NA 366.1824 NA 365.199 365.4467 365.9086 365.7468 366.3316 366.105
2000 2 366.4056 366.5116 366.4024 366.3995 366.3102 366.7762 366.3902 366.334 366.4777 366.3689 366.6348 366.5312 NA 366.0599 366.6079 369.9942 366.8279 367.7266 366.9256 366.352 366.4737
2000 3 366.3763 366.4337 366.4506 366.4503 366.4664 366.2806 366.4626 366.3967 366.4473 366.3698 366.1649 366.1847 NA 366.3936 366.241 367.3642 365.9035 365.912 365.6984 366.5855 366.5126
2000 4 366.4121 366.3684 366.3298 366.3353 366.2742 366.4098 366.3329 366.386 366.2381 366.3592 366.4583 366.4137 NA 366.3247 366.4247 365.6551 366.4604 366.659 366.4528 366.2141 366.2167
2000 5 366.605 366.5935 366.5909 366.5903 366.5724 366.5293 366.6225 366.6315 366.6267 NA 366.7412 366.6006 NA 366.615 366.4828 366.2978 366.5455 366.6098 366.4351 366.3775 366.1689
2000 6 366.8195 366.8066 366.7733 366.7728 366.7032 366.8191 366.9248 366.8449 366.8287 NA 366.891 366.9706 NA 366.8304 366.8672 367.8735 366.7997 366.7565 366.9515 366.6251 366.7669
2000 7 367.1824 367.222 367.1313 367.1331 367.0114 367.1928 367.282 367.17 367.0732 NA 367.2193 367.3404 NA 367.2331 367.1711 367.2791 367.2037 367.3363 367.2129 366.958 367.269
2000 8 367.5538 367.4979 367.436 367.4358 367.3376 367.5225 367.6003 367.5192 367.4228 NA 367.7224 367.7679 NA 367.4729 367.5532 367.8003 366.9974 366.7967 366.9466 367.1901 367.4713
2000 9 367.7801 367.7463 367.6856 367.6849 367.6496 367.8053 367.8132 367.77 367.7964 NA 367.8181 367.855 NA 367.7917 367.7165 367.5913 367.389 367.6299 367.3568 367.1502 367.3076
2000 10 367.8588 367.8519 367.8721 367.8662 NA 367.8212 367.5192 367.7493 367.6886 NA 367.7898 367.9688 NA 367.6448 367.434 368.1952 367.6759 367.508 367.6417 367.2954 367.387
2000 11 367.8495 367.8171 367.8264 367.8234 367.8083 367.7945 367.8234 367.7993 367.8097 NA 367.6263 367.5837 NA 367.6376 367.6138 367.3685 367.2137 367.6031 367.5765 367.47 367.6562
2000 12 368.0404 368.0167 367.9697 367.969 367.9067 367.8567 367.9056 367.9329 367.9442 NA 367.6358 367.563 NA 367.8972 367.7872 368.3868 367.3676 367.8666 367.395 367.4673 367.3662
2001 1 367.888 367.9213 367.9399 367.939 367.9978 367.6946 367.5234 367.7347 367.901 NA 367.3489 367.4889 NA 367.6327 367.3141 NA 367.0199 367.5202 367.1741 367.8129 367.3662
2001 2 367.602 NA 367.5563 367.5581 367.6326 367.51 367.3493 367.4507 367.5317 NA 367.1257 366.998 NA 367.4255 366.9435 NA 367.6238 367.1649 366.9994 367.9203 367.2669
2001 3 367.569 NA 367.567 367.5739 367.5808 367.5227 367.3118 367.5089 367.7195 NA 367.4409 367.4459 NA 367.676 367.4656 368.1654 367.7036 367.7146 367.6754 368.2272 367.5429
2001 4 367.8587 NA 367.8001 367.8092 367.6579 367.7532 367.9047 367.8702 367.8978 NA 368.0137 368.0171 NA 367.9033 367.809 368.3789 367.5906 367.9305 367.619 368.0207 367.7937
2001 5 368.0936 NA 368.083 368.0511 368.0192 368.0196 368.1362 368.0622 368.0631 NA 368.1681 368.3048 NA 368.0943 368.1152 367.9401 367.9863 367.9688 367.9539 367.9497 367.9962
2001 6 368.3602 NA 368.3127 368.3118 368.2432 368.2897 368.2994 368.3584 368.3381 NA 368.3978 368.3123 NA 368.3431 368.3807 368.7358 368.423 368.4146 368.3799 368.2996 368.528
2001 7 368.7875 368.905 368.7006 368.7004 368.5292 368.6526 368.6959 368.7988 368.7174 NA 368.7136 368.6394 NA 369.2027 368.7329 369.0395 369.0884 369.0402 369.1361 368.8049 368.7956
2001 8 369.2502 369.2244 369.1543 369.1543 368.9604 369.1874 369.1917 369.2578 369.3039 NA 369.2442 369.5024 NA 369.2196 369.263 369.2129 369.1526 369.1544 368.9566 369.2594 369.0098
2001 9 369.6088 369.5412 369.6125 369.5243 369.4278 369.686 369.5935 369.6212 369.6141 NA 369.6525 NA NA 369.7465 369.5586 369.2648 369.7797 369.7761 369.6523 369.5375 369.4939
2001 10 369.8616 369.8442 369.8412 369.8413 369.8665 369.9055 369.831 369.7949 369.8893 NA 370.2897 370.3473 NA 369.81 369.836 370.7296 370.1014 370.2287 370.0321 369.6824 369.4634
2001 11 369.9374 369.8769 369.9311 369.8606 369.8149 370.0133 369.8931 369.9056 369.8871 NA 369.9364 369.9516 NA 369.8 NA 369.9805 369.1059 369.1672 368.9941 369.7066 369.4575
2001 12 369.6463 369.6043 369.7152 369.6571 NA 369.6876 369.5704 369.5914 369.5841 NA 369.6246 369.5025 NA 369.6271 NA 371.0404 369.2276 368.9822 369.1086 369.5985 369.3327
2002 1 369.6418 369.6777 369.6792 369.679 NA 369.5938 369.622 369.5582 369.6613 369.6159 369.4543 369.3298 NA 369.4694 NA 368.9682 368.9354 NA 368.9937 369.8076 369.3977
2002 2 369.4741 369.5182 369.6002 369.5989 NA 369.157 369.3534 369.3467 369.3065 369.253 369.2723 369.0852 NA 369.317 NA 369.6064 369.466 369.7255 369.5737 369.8076 369.2414
2002 3 369.534 369.5415 369.5307 369.5316 369.4416 369.5014 369.4909 369.4464 369.3847 369.161 369.4023 369.3505 NA 369.5477 NA 369.9654 369.3368 369.5711 369.2474 369.6479 369.5816
2002 4 369.7313 369.6754 369.6627 369.6625 369.6742 369.6504 369.7208 369.7175 369.7343 NA 369.8653 370.1744 NA 369.6549 369.6413 369.943 369.1455 369.4715 369.4203 369.7765 369.6937
2002 5 370.027 369.981 369.9392 369.9377 370.0339 369.9434 369.9838 370.0438 NA NA 369.916 369.9904 NA 369.9203 NA 369.746 370.1314 370.1759 369.9917 369.9068 369.862
2002 6 370.4184 370.3934 370.3221 370.3222 370.2112 370.4178 370.3219 370.4514 NA 370.4306 370.258 370.3439 NA 370.4188 370.531 370.2216 370.737 370.8182 370.6129 370.4362 370.4996
2002 7 370.9243 370.8651 370.8041 370.8056 370.682 370.9315 370.8775 370.9502 NA 370.9295 371.1695 370.9736 NA 371.2564 370.9833 370.8388 371.1446 371.2151 370.9196 371.0364 370.918
2002 8 371.4733 371.387 371.3455 371.3446 371.1375 371.5019 371.4976 371.5176 NA 371.4058 371.6042 371.7438 NA 371.5316 371.4837 372.1631 371.3035 371.2523 371.3797 371.5279 371.4782
2002 9 371.8744 371.8409 371.8107 371.812 371.7246 371.8411 371.8152 371.8796 NA 371.8304 372.0081 371.8739 NA 371.9731 371.9219 372.2126 371.7437 371.7157 371.7579 371.836 371.6641
2002 10 372.0466 372.0641 372.0678 372.0676 372.0641 372.0387 372.0559 372.035 NA 371.9997 371.9802 371.9838 NA 372.0941 371.7939 372.0446 371.7257 371.7083 371.7592 371.7662 371.7482
2002 11 372.0169 372.0224 372.0322 372.043 372.036 371.9835 371.9781 371.9461 372.038 372.0218 371.9063 371.9138 NA 371.8789 371.8775 371.2588 371.8128 372.4114 371.9172 371.9392 371.6184
2002 12 371.9073 371.9102 371.9217 371.9225 371.9989 371.9185 371.9139 371.8532 371.8297 371.9524 371.5397 371.6053 NA 371.5923 NA 372.0126 371.8758 372.0962 371.9441 372.0867 371.8222
2003 1 372.0072 372.049 372.0355 372.0355 371.9805 371.8554 371.9571 371.8941 371.8329 371.8447 371.3649 371.4186 NA 371.8635 371.7516 372.3519 371.4804 371.9007 371.8796 372.1196 371.8264
2003 2 371.8823 371.9641 371.9889 371.9819 NA 371.6753 371.987 371.8832 371.9503 372.0075 371.7446 371.7138 NA 371.7508 371.7623 372.0948 372.1172 373.348 372.5951 372.161 372.0368
2003 3 372.0052 371.9292 371.8132 371.813 371.5789 371.9392 371.863 371.9925 372.0837 371.9754 371.8553 371.8042 NA 371.8254 NA 371.842 372.1643 372.4483 372.3021 372.252 372.2157
2003 4 372.228 372.1093 372.1249 372.1264 372.0395 372.1655 372.1581 372.221 372.4031 372.2595 372.2939 372.2736 NA 372.1966 NA 372.7602 372.6344 372.7931 372.6956 372.6689 372.4637
2003 5 372.522 372.5419 372.4574 372.4564 NA 372.5007 372.5536 372.507 372.4873 372.5945 372.7673 372.7916 NA 372.4993 NA 373.7038 372.7145 372.6748 372.7271 372.6968 372.6028
2003 6 372.8126 372.8502 372.7482 372.7482 372.6714 372.8829 372.8706 372.8458 372.8895 372.7485 372.882 372.8815 NA 372.8774 NA 373.4749 372.9724 373.1449 372.9892 373.0033 372.9368
2003 7 373.2396 373.195 373.1439 373.1445 372.9926 373.2226 373.1215 373.2549 373.1813 373.3721 373.457 373.2758 NA 373.4628 373.2346 373.2304 373.224 373.1596 373.1749 373.4146 373.3685
2003 8 373.8116 373.7027 373.6224 373.6226 373.4103 373.9219 373.7547 373.8231 373.7932 373.8014 373.9153 374.0171 NA 373.8585 373.8136 374.2732 373.5568 373.7079 373.611 373.7947 373.7896
2003 9 374.1407 374.1221 374.1287 374.1276 374.0508 374.1423 374.1546 374.1409 374.1348 374.1362 374.1757 374.35 NA 374.1932 374.0597 374.2884 373.9889 374.2523 374.0219 373.9229 373.8611
2003 10 374.1391 374.1638 374.1922 374.1915 374.2706 374.0697 374.0935 374.0971 373.9917 374.0994 374.1469 373.9777 NA 374.0241 373.9705 373.9485 374.0722 374.0453 374.1098 373.8728 373.7228
2003 11 374.0052 373.9989 373.9566 373.9619 373.9486 373.9711 373.9939 373.9917 NA 374.007 373.9487 373.9239 NA 373.772 373.7226 374.2185 373.8992 374.007 373.7544 373.8048 373.7717
2003 12 373.9931 373.9641 373.9222 373.9421 373.9325 373.9077 373.9633 373.9475 373.9667 373.956 373.6999 373.8355 NA 373.7168 373.8427 372.483 372.6107 375.1586 373.5807 374.146 373.6802
2004 1 374.0198 373.9886 373.9945 374.0118 373.9607 373.7968 373.8436 373.8866 373.5286 373.9838 373.3957 373.6918 NA 373.9341 373.6441 375.2832 374.876 374.9808 375.3094 374.2923 373.9929
2004 2 373.8767 373.8927 373.864 373.8619 NA 373.7234 373.845 373.8576 373.8788 373.9461 373.7506 373.7759 NA 373.9232 373.8096 372.7441 373.5507 373.0069 373.6716 374.2715 373.9719
2004 3 374.0654 374.0588 374.0725 374.0736 374.1649 373.8969 374.0034 373.9481 374.0543 374.1371 373.7621 373.9744 NA 373.9991 373.7739 374.1136 374.1869 374.1848 374.0593 374.193 373.8068
2004 4 374.1667 374.1263 374.1499 374.1482 374.1362 374.0125 374.113 374.1458 374.2045 374.0449 374.2869 374.2815 NA 374.0843 373.988 374.749 374.3487 374.6483 374.199 374.3873 374.5421
2004 5 374.3833 374.4008 374.3068 374.3094 374.1959 374.367 374.3537 374.3884 374.3968 374.3422 374.5556 374.5734 NA 374.4115 374.3185 374.6045 374.6286 374.6075 374.5407 374.3889 374.6196
2004 6 374.7155 374.7312 374.5951 374.6357 374.5373 374.7013 374.7232 374.7078 374.7825 374.7862 374.7721 374.8125 NA 374.9696 374.7281 375.3155 374.6681 374.8059 374.7449 374.7277 374.8848
2004 7 375.0895 375.0703 375.0285 375.0262 375.0034 375.1071 375.05 375.113 375.0972 375.0862 375.1541 375.1099 NA 375.3752 375.1363 375.7251 375.1819 375.3718 375.164 375.301 375.2029
2004 8 375.5423 375.4501 375.4537 375.4378 375.3495 375.4942 375.6006 375.556 375.5368 375.5741 375.6421 375.4946 NA 375.5222 375.5003 375.439 375.6124 375.7813 375.4158 374.9194 375.6932
2004 9 375.7137 375.7072 375.7171 375.675 NA 375.6779 375.6731 375.7254 375.6787 375.8069 375.8338 375.9293 NA 375.2242 375.297 375.8236 375.3842 374.6237 375.0663 375.0429 375.4493
2004 10 375.7335 375.75 375.7588 375.7574 375.7997 375.7169 375.7816 375.7305 375.7529 375.7521 375.7155 375.762 NA 375.6674 375.603 375.3128 375.1221 374.3259 374.8247 375.5291 375.4861
2004 11 375.6336 375.6498 375.6336 375.6119 375.7221 375.6677 375.6862 375.64 375.5879 375.6422 375.7036 375.6179 NA 375.4117 375.5562 374.0892 375.0185 374.8007 374.1621 375.4538 375.6878
2004 12 375.6569 375.6371 375.646 375.629 375.6585 375.592 375.706 375.5874 375.6188 375.6096 375.3581 375.2538 NA 375.4898 375.241 374.9296 375.5107 375.5937 375.5389 375.6949 375.6491
2005 1 375.6502 375.6163 375.633 375.6664 375.638 375.2169 375.4867 375.488 375.4899 375.3869 375.2098 374.9912 NA 375.4658 375.2789 NA 375.3312 375.4553 375.1403 375.9247 375.7003
2005 2 375.2465 375.0048 374.989 375.1186 374.9088 375.2346 375.2298 375.144 375.4368 375.1936 375.124 375.2893 NA 375.4986 375.2595 NA 374.7454 374.2263 374.3729 375.3815 375.2896
2005 3 375.4019 375.3677 375.4378 375.3366 375.2812 375.3291 375.1115 375.2922 375.3143 375.4672 375.1919 375.2224 NA 375.1507 375.3053 376.2253 375.0714 374.8603 375.1238 375.5516 375.6259
2005 4 375.6053 375.6068 375.5563 375.5543 375.5115 375.6025 375.6316 375.5999 375.5778 375.5894 375.6837 375.662 NA 375.646 375.743 NA 375.5901 375.3366 375.3692 375.6159 375.8279
2005 5 376.1096 376.0607 376.0145 376.0151 375.869 376.0898 376.1706 376.1221 376.259 376.1088 376.137 376.4982 NA 375.7411 376.1649 NA 376.2696 376.2911 376.1985 376.3146 376.2677
2005 6 376.6704 376.6376 376.6364 376.636 376.6351 376.645 376.5529 376.7162 376.6769 376.7708 376.7943 376.6653 NA 376.9898 376.8734 NA 377.1592 377.4641 377.1583 377.002 376.8934
2005 7 377.1742 377.1763 377.1761 377.1762 NA 377.1295 377.3041 377.1851 377.2245 377.2661 377.2657 377.2672 NA 377.1146 377.3083 NA 377.2269 377.552 377.5088 377.3726 377.4579
2005 8 377.598 377.5448 377.4945 377.494 377.3589 377.5988 377.6425 377.5896 377.647 377.5247 377.7476 377.869 NA 377.7503 377.5891 377.4519 377.6853 377.4493 377.548 377.6903 377.5451
2005 9 377.9415 377.8895 377.8781 377.877 377.7957 377.9513 377.935 377.9251 377.9079 377.8515 378.0365 378.0788 NA 377.7762 377.8636 NA 377.5135 377.5078 376.439 377.887 377.6079
2005 10 377.9803 377.985 378.0029 378.0032 377.9996 377.9647 377.9094 377.9333 377.9421 378.0194 377.9083 377.941 NA 377.9108 377.6863 NA 377.878 377.1965 377.4123 377.7367 377.5556
2005 11 377.9768 377.9621 377.9577 377.9578 NA 377.9924 377.9404 377.957 377.931 377.9841 378.0939 377.9668 NA 378.0643 377.8603 NA 377.5723 376.5608 376.406 377.923 377.8509
2005 12 377.937 377.9455 377.9542 377.9557 377.9896 377.834 377.9097 377.9168 377.9526 377.9616 377.5448 377.3158 NA 377.9603 377.7364 NA 379.9375 377.6296 378.8808 378.8037 377.8667
2006 1 377.9375 377.9819 377.9747 377.9885 377.9028 377.3915 378.0739 377.8748 377.9506 377.8261 377.0444 377.0355 NA 377.6577 377.7005 378.2237 377.5401 377.3331 377.2585 378.1157 378.1261
2006 2 377.6897 377.6676 377.6975 377.6976 377.6743 377.5459 377.5954 377.679 377.74 377.6711 377.3616 377.2943 NA 377.7006 377.8299 NA 377.6745 377.2916 377.2087 378.1401 378.1322
2006 3 377.9122 377.8892 377.8476 377.8552 377.7669 377.8653 377.8406 377.8281 377.9031 377.753 377.7252 377.7098 377.9238 NA 377.7386 378.3202 377.8464 377.4719 377.8077 378.148 377.9244
2006 4 377.9708 377.9477 377.9728 378.0111 377.9183 377.9488 377.993 377.9994 377.9634 377.878 378.0613 378.486 377.9573 377.9426 377.9088 378.7151 377.9259 377.9138 377.9041 378.2643 378.2307
2006 5 378.2355 378.2156 378.2013 378.2217 378.1583 378.2439 378.2386 378.2507 378.2176 378.2228 378.3062 378.2626 378.3712 378.0135 378.249 378.3329 377.9925 377.7709 378.0037 378.3359 378.4107
2006 6 378.4425 378.4196 378.405 378.4121 378.3879 378.4378 378.44 378.447 NA 378.496 378.4675 378.561 378.3408 378.594 378.4496 378.6064 378.3895 378.2597 378.3681 378.4761 378.4896
2006 7 378.7839 378.7038 378.6096 378.6042 378.5134 378.8866 378.808 378.8115 379.0231 379.0645 379.0003 379.0727 NA 378.7683 378.8657 378.9638 378.9065 378.7088 378.7586 378.9344 378.8668
2006 8 379.2996 379.2697 379.2401 379.2748 NA 379.2474 379.2663 379.3149 379.3268 379.4004 379.2284 379.2834 379.447 379.4474 379.3609 379.3701 379.2775 379.3196 379.3582 379.374 379.1888
2006 9 379.4983 379.4334 379.3954 379.4017 NA 379.5157 379.4247 379.5054 379.535 379.5433 379.5614 379.5447 379.6297 380.0588 379.4713 380.1156 379.3993 379.199 379.2875 379.4551 379.5317
2006 10 379.5847 379.5687 379.5533 379.5536 379.5674 379.5961 379.5765 379.5779 379.5888 379.5974 379.6537 379.8376 379.8119 379.5497 379.4797 380.8612 379.4187 379.4499 379.3098 379.5014 379.455
2006 11 379.5244 379.5323 379.5388 379.5343 379.5655 379.5288 379.5045 379.5081 379.5498 379.5197 379.3166 379.1467 379.4662 379.4065 379.3391 377.8817 379.3195 379.2305 379.0184 379.3719 379.3019
2006 12 379.5053 379.5434 379.5524 379.5543 379.5223 379.3819 379.5066 379.4817 379.5161 379.4573 379.2692 379.368 379.1645 379.1203 379.4088 378.8851 379.3874 379.4221 379.1835 379.9669 379.385
2007 1 379.511 379.4245 379.3999 379.3685 379.3908 379.2762 379.4348 379.3791 379.3644 379.3178 378.9031 378.8281 379.3975 379.2741 379.1743 380.1642 379.2723 378.7867 379.256 379.9409 379.452
2007 2 379.5368 379.5664 379.5955 379.5951 379.5865 379.1278 379.3197 379.3888 379.3176 379.548 379.3195 379.3302 379.2685 379.5551 379.4512 379.5667 379.44 379.4313 379.4165 379.9175 379.7195
2007 3 379.5386 379.5472 379.4485 379.5217 379.5936 379.5583 379.3183 379.4651 379.4777 379.5993 379.3834 379.532 379.8121 379.331 379.3629 379.3712 379.3292 379.4995 379.2384 379.4823 379.6182
2007 4 379.8222 379.7935 379.7795 379.7421 379.717 379.7663 379.7577 379.8506 379.8504 379.8245 379.7782 379.7853 379.8328 379.774 379.8131 380.7569 NA NA NA 379.715 380.0006
2007 5 380.0962 380.0632 380.0664 380.0664 380.0367 380.0418 380.1071 380.1163 380.0943 380.1062 380.0693 380.0027 380.1915 380.2786 380.1214 381.3638 379.9396 380.0389 379.7212 379.7881 380.4488
2007 6 380.4837 380.4146 380.3671 380.3676 380.346 380.7243 380.4553 380.4754 380.5244 380.2734 380.4768 380.4184 380.5795 380.6251 380.4152 380.6696 380.9284 380.3962 380.3484 380.3939 380.7864
2007 7 380.918 380.8444 380.828 380.8279 380.6917 380.9043 380.8898 380.9625 380.9922 380.9055 380.9754 380.8387 NA 380.8174 380.9466 381.1582 381.1842 380.8583 381.1139 381.0568 380.6577
2007 8 381.3987 381.3339 381.3598 381.3032 381.1348 381.4703 381.3849 381.4335 381.6148 381.5995 381.6171 381.5365 NA 381.7153 381.4595 381.2243 381.4214 381.002 381.0614 381.4906 381.2794
2007 9 381.7631 381.7376 381.7148 381.7152 NA 381.7569 381.7376 381.7587 381.7689 NA 381.7911 381.5687 381.7074 381.5864 381.6162 381.5955 381.7266 381.7186 381.6267 381.8901 381.5025
2007 10 381.7927 381.7681 381.7684 381.7692 381.802 381.7881 381.7792 381.7171 NA 381.7737 381.8044 381.8388 381.5913 381.722 381.627 381.5735 382.1457 381.9662 382.2524 381.801 381.4943
2007 11 381.7531 381.7735 381.7704 381.7737 NA 381.6853 381.741 381.7032 NA 381.6893 381.7829 381.7022 381.6945 381.5103 381.5608 382.0495 381.6205 381.1398 381.1357 381.5392 381.209
2007 12 381.7542 381.7185 381.7097 381.7086 381.7973 381.6536 381.621 381.6075 NA 381.6041 381.4864 381.372 382.058 381.5527 381.6192 381.9967 380.895 382.562 380.6793 381.8681 381.3362
2008 1 381.7545 381.7567 381.7973 381.7989 381.8289 381.6125 381.6666 381.6461 NA 381.7601 381.2545 380.9865 381.5862 381.5113 381.3672 381.4207 382.1116 379.86 381.1813 382.5255 381.5651
2008 2 381.6976 381.738 381.7421 381.7681 NA 381.5103 381.6815 381.6928 NA 381.4432 381.4589 382.2016 381.5594 382.1353 381.5583 381.9621 381.8378 382.1381 381.4149 382.115 381.9273
2008 3 381.8171 381.8204 381.8104 381.8116 NA 381.779 381.8591 381.7543 381.804 381.6213 381.7983 381.6828 381.8992 381.6615 381.8577 381.968 381.8716 382.2293 381.7765 382.013 381.7995
2008 4 381.9419 381.9141 381.9133 381.9147 NA 381.7238 381.9639 381.91 381.8045 381.9131 382.0432 382.1508 381.9688 382.0097 381.8536 382.7134 381.5338 382.2328 381.3014 382.0673 381.6384
2008 5 382.1062 382.0687 382.057 382.0582 382.0418 382.0806 382.3188 382.1579 382.1333 NA 382.1817 382.1181 382.2946 382.1544 382.2218 382.037 381.9782 382.4121 382.0572 382.1665 382.7474
2008 6 382.4129 382.3419 382.3948 382.3937 NA 382.2574 382.4118 382.4116 382.2562 382.4634 382.5422 382.6571 382.5918 382.9021 382.7342 382.5488 382.7694 383.219 382.4777 382.5034 382.6064
2008 7 383.0167 382.8858 382.8571 382.8591 383.3467 383.0085 383.0438 383.0409 NA 383.1723 383.1045 383.2718 383.0001 383.1837 383.5434 383.6534 383.0173 382.8255 382.9951 383.2056 383.1758
2008 8 383.436 383.4247 383.4232 383.4138 383.45 383.4554 383.4031 383.4431 383.4008 383.4073 383.5103 383.5569 383.4901 383.7968 383.4513 384.0652 383.9743 383.9086 383.7609 383.3397 383.0502
2008 9 383.5524 383.5257 383.4999 383.4991 NA 383.5362 383.5345 383.5236 383.5169 383.5141 383.5967 383.5731 383.6613 383.5806 383.5241 383.0963 383.6904 381.9595 383.8932 383.5137 383.0266
2008 10 383.6949 383.6515 383.6845 383.6871 383.6874 383.6816 383.6522 383.6748 383.6751 383.6845 383.7519 383.6423 383.6874 383.8209 383.5564 NA 383.4858 383.6225 383.458 383.4409 383.2309
2008 11 383.6748 383.6872 383.677 383.6755 NA 383.7398 383.6268 383.6209 383.5849 383.6913 383.6651 383.6257 NA 384.2908 383.4564 NA 383.6662 384.3329 383.4156 383.4851 383.4253
2008 12 383.5081 383.5436 383.5681 383.5681 NA 383.503 383.4377 383.4927 383.5339 383.5057 383.4218 383.3035 NA 383.5234 383.4088 383.3882 382.0312 383.6218 381.7704 NA 383.4326
2009 1 383.4696 383.5185 383.4722 383.4797 383.4763 383.2885 383.5433 383.4034 383.3584 383.5373 382.9852 383.0059 383.0356 383.3907 383.3626 382.8108 382.2906 383.4268 381.8726 NA 383.545
2009 2 383.2423 383.2147 383.1991 383.3144 NA 383.1594 383.1155 383.1727 383.1349 383.2424 383.096 383.2194 383.0278 382.9264 382.4393 383.1316 383.0918 NA 382.3911 383.3505 383.3305
2009 3 383.289 383.289 383.278 383.282 NA 383.0828 383.2691 383.2616 383.1832 383.1462 383.2465 383.3543 383.1939 383.1739 383.1062 383.0434 383.5005 383.5945 383.1398 383.4261 383.2889
2009 4 383.4537 383.4354 383.4504 383.4513 NA 383.4987 383.4314 383.4323 383.5057 383.4642 383.4887 383.5611 383.5062 383.3471 383.3836 382.6754 383.4418 383.0453 383.5403 383.6826 383.3762
2009 5 383.6788 383.6028 383.6001 383.6021 383.5478 383.6106 383.7109 383.6679 383.678 383.4808 383.5456 383.6687 NA 383.4204 383.5336 383.4448 383.78 383.3599 383.7705 383.7996 383.8138
2009 6 383.9413 383.8764 383.8411 383.8413 383.7733 383.8717 383.9441 383.9744 383.9633 383.994 383.9638 383.8618 384.0298 384.0722 384.0375 384.4208 383.9689 384.8097 383.974 384.0109 383.9117
2009 7 384.3316 384.2714 384.239 384.242 384.1953 384.2554 384.2712 384.3191 384.3757 384.3712 384.381 384.272 NA 384.2403 384.5457 383.8553 384.3557 384.8335 384.1228 384.3152 384.4553
2009 8 384.6404 384.6282 384.6224 384.623 384.536 384.5765 384.6457 384.6354 384.7692 384.6679 384.6313 384.4982 NA 384.4207 384.755 385.1831 384.7894 384.9714 384.7361 385.0665 384.6125
2009 9 384.9592 384.9132 384.8916 384.8907 384.8373 384.967 384.8986 384.9638 384.949 384.8832 384.9466 384.9873 NA 384.8601 NA 385.2867 385.3167 385.0144 385.3716 385.0533 384.677
2009 10 385.1739 385.1471 385.1258 385.1264 NA 385.1678 385.1407 385.1663 385.171 385.1528 385.1729 385.1381 385.1458 385.2923 385.2016 385.2691 384.6867 387.3929 384.4409 385.0411 385.1948
2009 11 385.2023 385.2016 385.2195 385.2202 NA 385.1835 385.2286 385.2084 385.1623 385.1799 385.0872 385.085 NA 384.9707 384.9376 386.8123 384.4333 387.9327 384.1215 385.1801 385.7747
2009 12 385.1696 385.1994 385.2201 385.2203 385.2299 385.0059 385.1353 385.1033 385.0906 385.1929 384.6793 384.599 384.3937 384.9252 384.9168 385.0152 385.0136 386.1306 384.563 385.4422 385.0979
2010 1 385.0658 385.1552 385.1824 385.1857 385.08 384.4536 385.0218 384.9586 385.0662 385.1373 384.7175 384.6995 384.7529 384.9713 384.4804 NA 384.1064 384.0909 383.9102 385.2891 384.7819
2010 2 384.6892 384.7544 384.6609 384.6755 385.0194 384.5716 384.4564 384.5726 384.8497 384.6364 384.29 384.3545 384.1885 384.5881 384.6056 385.0095 387.2726 382.6259 387.8137 385.0266 384.8013
2010 3 384.7085 384.6651 384.6942 384.6932 384.7052 384.6618 384.5693 384.7011 384.6375 384.8459 384.6342 384.7093 384.995 385.0009 384.5752 385.319 385.1904 384.9098 385.2725 385.051 385.0396
2010 4 384.9627 384.9796 384.9248 384.9265 384.921 384.9801 384.9299 384.9847 384.9946 384.9071 384.862 385.3895 385.1173 384.8582 384.9439 385.1728 386.0089 NA 385.5277 385.228 385.2954
2010 5 385.2522 385.168 385.1006 385.1 384.9818 385.2248 385.2201 385.2196 385.1639 385.1601 385.5161 385.2595 384.9199 385.2035 385.1688 386.1152 385.2559 385.0414 385.2512 385.6595 385.4156
2010 6 385.7699 385.6872 385.6249 385.6248 385.4194 385.6029 385.9112 385.7911 NA 385.8035 385.8574 385.7026 386.174 385.7987 385.7489 386.1359 386.0504 385.1657 386.0204 385.8084 386.071
2010 7 386.3738 386.2331 386.1815 386.1828 386.0416 386.3969 386.3288 386.3871 NA 386.4024 386.435 386.3577 NA 386.2995 386.6019 387.2799 386.7525 386.6759 386.2809 386.5801 386.9291
2010 8 387.1261 387.0269 386.934 386.9313 386.7045 387.1296 387.1626 387.1607 NA 386.9722 387.299 387.3803 NA 387.1248 387.2832 388.0692 387.3041 388.2378 387.0844 387.3502 387.3814
2010 9 387.3963 387.3932 387.3839 387.384 387.4064 387.4175 387.4248 387.4217 NA 387.3975 387.5572 387.3998 387.4623 387.4678 387.4763 385.7498 NA 387.5204 387.5758 387.1955 387.3309
2010 10 387.4016 387.4081 387.4012 387.3985 387.3934 387.4036 387.4315 387.4044 NA 387.4154 387.3387 387.5075 387.4908 387.2819 387.3788 387.6732 387.0171 NA 386.8339 387.333 387.0484
2010 11 387.4069 387.359 387.3725 387.3617 NA 387.457 387.4547 387.4071 NA 387.2993 387.487 387.4574 387.2485 387.1027 387.2827 387.2353 386.7567 387.3571 387.0067 387.2678 387.1862
2010 12 387.3404 387.3678 387.4599 387.3846 387.4599 387.2689 387.1986 387.221 NA 387.2797 386.7533 386.8859 NA 386.8601 387.1626 386.9893 387.505 387.7179 387.1044 387.5143 387.3129
2011 1 387.2534 387.2695 387.2877 387.2878 387.3013 387.1053 386.8016 386.9371 NA 387.1886 386.2205 386.3433 387.8576 387.0513 386.8287 387.2282 387.2104 NA 387.3111 387.4057 387.1659
2011 2 387.002 387.1407 387.2202 387.2225 387.394 386.7813 386.8109 386.8535 NA 387.0751 386.8879 386.605 386.9866 386.7316 386.8519 NA 386.9983 387.3137 387.0129 387.3884 387.1417
2011 3 386.9046 386.8187 386.8036 386.8212 386.8133 386.8782 386.7802 386.7446 NA 386.949 386.7685 386.8977 387.3833 387.2009 387.0376 388.0918 387.5849 387.2011 387.8055 387.6072 387.3644
2011 4 387.1245 387.1233 387.1096 387.1149 387.0755 387.1072 387.0475 387.0816 NA 387.1087 387.0639 386.9648 387.0565 387.3401 387.3438 387.9728 387.7938 387.0148 NA 387.3081 387.363
2011 5 387.3576 387.3501 387.3903 387.3904 387.3478 387.3219 387.3837 387.3251 NA 387.3448 387.5573 387.4129 387.3689 387.6918 387.6262 NA 387.4767 387.6121 387.2273 387.4761 387.7927
2011 6 387.6527 387.5408 387.5298 387.5291 387.4304 387.6753 387.589 387.6402 NA 387.5873 387.6914 387.6522 387.5327 NA 387.6452 388.177 387.5577 387.828 387.5754 387.594 387.8942
2011 7 388.101 388.0465 388.0228 388.0218 NA 388.1098 388.1732 388.0921 NA 388.0774 387.8844 387.9553 NA NA 388.2576 388.4119 388.0713 388.1748 387.898 388.2183 388.0255
2011 8 388.6099 388.5553 388.5242 388.5242 388.3663 388.6185 388.5861 388.6256 388.6327 388.7472 388.6542 388.4844 388.4624 388.6329 388.5173 388.4162 388.6044 389.2169 388.6234 388.7564 388.7307
2011 9 388.9641 388.9229 388.912 388.9123 388.8506 389.0038 388.9221 388.9516 388.9559 389.102 389.1375 388.9584 389.0037 389.2101 388.9525 388.8079 388.8743 389.3414 387.9829 388.8594 388.9451
2011 10 389.1155 389.1543 389.1506 389.1518 389.1908 389.1298 389.1172 389.0945 389.0871 389.0288 389.0366 389.1145 389.0628 388.9974 389.0517 389.4158 389.1202 389.4287 389.061 389.0365 388.968
2011 11 389.1626 389.1128 389.1226 389.1279 389.0332 389.0967 389.0957 389.0848 389.0276 389.1124 388.9847 389.1549 389.1267 389.3919 388.992 389.012 386.754 389.1138 386.6205 389.0229 389.005
2011 12 389.0691 389.0762 389.062 389.0534 NA 388.9377 388.8449 388.9312 389.0678 388.8782 388.6617 388.6043 388.4614 388.6235 388.8512 388.4832 389.5715 388.1668 390.0374 389.0021 389.2804
2012 1 388.9803 389.0082 389.0218 389.0217 NA 388.7484 388.7668 388.7653 388.8145 389.0062 388.0978 387.2821 NA 388.765 388.799 388.5675 389.259 388.6218 389.3111 389.1909 NA
2012 2 388.5791 388.4511 388.5392 388.3305 388.9228 388.5531 388.1558 388.527 388.6518 388.5997 388.5133 388.3506 388.6474 389.0765 388.1085 388.6136 389.0251 389.6669 388.8208 389.294 389.1397
2012 3 388.8016 388.7752 388.8101 388.8107 388.8399 388.791 388.5987 388.7032 388.758 388.6269 388.7208 388.6615 389.0503 388.5839 388.9114 389.0541 389.1426 388.6984 389.1586 389.232 389.1443
2012 4 389.0694 389.0365 388.9872 388.9872 388.8876 389.0792 389.0258 389.0587 389.0742 389.0531 389.1167 389.0104 389.0313 388.8344 388.9701 389.2592 389.575 389.6659 389.603 389.5112 388.9726
2012 5 389.2838 389.2474 389.2577 389.2583 NA 389.3195 389.254 389.3124 389.2527 389.258 389.1806 388.9668 389.4637 389.0017 389.3386 388.2413 389.1192 389.901 389.1427 389.4395 389.6981
2012 6 389.6778 389.5864 389.5351 389.5344 389.4483 389.6864 389.5656 389.6941 389.6111 389.6808 389.6825 389.7709 389.7132 389.797 389.8423 389.9132 390.0364 389.536 390.0509 389.891 390.1962
2012 7 390.2715 390.175 390.1186 390.1172 NA 390.2002 390.2654 390.2747 390.2291 389.9352 390.4709 390.2007 NA 390.2558 390.5112 391.056 390.2476 390.1568 390.3759 390.5878 390.5555
2012 8 390.9104 390.8236 390.7327 390.7329 390.5234 390.9245 390.9463 390.929 390.9366 390.8363 391.1481 390.9022 NA 390.8783 391.1464 391.5465 391.2568 391.4707 390.854 391.1839 391.1033
2012 9 391.2922 391.2461 391.2218 391.2225 NA 391.2941 391.2365 391.2696 391.2234 391.2606 391.2126 391.1143 391.4951 391.2881 391.2697 NA 391.4956 391.3895 391.5746 391.2554 391.248
2012 10 391.329 391.3253 391.327 391.3269 NA 391.2843 391.2957 391.3136 391.3548 391.3408 391.0988 391.1232 391.1045 391.2033 391.1816 NA 391.4789 391.1062 391.4273 391.2564 391.1748
2012 11 391.3318 391.3203 391.3467 391.3454 391.3186 391.3179 391.3241 391.3236 391.3272 391.3214 391.3594 391.2565 391.1951 391.1198 NA NA 391.5814 390.9626 391.442 391.2124 391.3428
2012 12 391.4009 391.3947 391.3757 391.3919 391.4091 391.3533 391.2791 391.3269 391.3288 391.3567 391.1824 391.1009 391.1065 391.0955 391.2414 NA 391.4388 391.3134 391.5947 391.5014 391.6597
2013 1 391.353 391.3122 391.2654 391.2621 NA 391.2516 391.3425 391.2227 391.2026 NA 390.7723 391.1185 390.5125 391.0688 391.0048 NA 391.6608 390.3072 391.9777 391.6483 391.4277
2013 2 391.2853 391.3158 391.3128 391.3002 NA 391.1247 391.2268 391.1985 391.2448 391.2693 390.7099 390.7799 391.3775 391.2402 390.8822 389.4908 391.6558 391.1148 391.914 391.4588 391.7853
2013 3 391.3274 391.2786 391.2629 391.282 391.194 391.3485 391.3164 391.2281 391.2977 391.3408 391.2371 391.4699 391.2959 391.1945 391.2028 390.9944 391.4952 387.9372 392.2042 391.9954 392.1062
2013 4 391.7614 391.6482 391.5676 391.5676 391.4172 391.7524 392.0482 391.7032 391.6064 391.453 392.1289 392.0752 391.7777 391.3558 391.8167 392.2386 391.8877 391.5756 391.5503 392.3004 392.7278
2013 5 392.2276 392.1645 392.1133 392.1142 392.0652 392.2147 392.2344 392.2094 392.2214 392.0674 392.1715 392.4043 392.4387 392.4192 392.3309 392.4974 392.3264 392.876 392.0804 392.593 392.8515
2013 6 392.6025 392.5805 392.577 392.5771 392.4008 392.6652 392.6523 392.631 392.6696 392.5565 392.6857 392.5527 392.5609 392.6402 392.6296 394.2824 392.5195 392.4307 392.5063 392.9015 392.8676
2013 7 393.2153 393.0925 393.0367 393.0368 392.8386 393.1988 393.2155 393.2176 393.1398 393.0254 393.2284 393.2232 393.1646 393.089 393.3726 393.0767 393.9988 394.3918 393.8506 393.4722 393.7371
2013 8 393.7944 393.7277 393.6913 393.693 393.4772 393.7692 393.769 393.7496 393.7667 393.817 393.6603 393.5451 NA 393.6445 393.7524 NA 393.8443 394.2192 393.8011 394.1291 393.9613
2013 9 394.0851 394.0908 394.0865 394.0866 393.9761 394.0973 394.0375 394.0765 394.074 394.094 394.0419 393.8668 394.0317 394.0306 394.1128 NA 394.0856 394.4236 394.2317 394.139 394.2203
2013 10 394.11 394.1112 394.0965 394.0965 394.0948 394.0764 394.1111 394.0875 394.1033 394.1368 394.0732 394.0041 393.2573 394.1388 394.121 NA 394.1004 394.1945 394.1047 394.0271 394.0339
2013 11 393.9909 393.9891 394.0348 394.0348 394.0615 393.9674 393.9266 393.9469 393.9776 394.0558 393.8956 393.8889 393.6215 393.9418 393.9351 393.3785 394.3414 393.9765 394.3209 394.0602 394.0405
2013 12 393.9294 393.9155 393.9548 393.9552 394.0078 393.8955 393.8885 393.7829 393.6443 393.5726 393.5502 393.7517 393.4744 393.3833 393.7502 NA 393.1579 394.1976 393.2347 394.1726 394.2082
2014 1 393.9095 393.9213 393.9357 393.936 393.9237 393.7758 393.7683 393.8354 393.7464 393.7135 392.7517 392.9603 393.4379 393.6453 393.8621 NA 392.2389 394.2609 391.8626 393.9257 394.0799
2014 2 393.5848 393.646 393.5686 393.5703 393.7706 393.3998 393.7159 393.608 393.7462 393.4367 393.0728 393.2079 393.4053 393.376 393.3356 NA 393.6798 394.6926 393.5948 393.8624 393.9478
2014 3 393.7422 393.7778 393.7684 393.77 393.7835 393.5701 393.7446 393.7122 393.6204 393.6534 393.5749 393.5416 393.6344 393.5538 393.523 393.8416 393.9877 393.8506 394.0088 394.2823 394.3009
2014 4 393.88 393.9134 393.9323 393.93 393.9031 393.9098 393.8267 393.8541 393.8596 393.8477 393.9514 393.8825 394.0305 393.6373 393.8376 396.0884 394.5084 394.0505 394.8272 394.4335 394.1431
2014 5 394.2557 394.1727 394.1335 394.1335 393.9926 394.2137 394.2086 394.2229 394.1062 394.3651 394.4213 394.7096 394.9505 394.5158 394.1225 395.5237 394.4547 394.3053 394.4072 394.3793 394.5981
2014 6 394.5957 394.5457 394.5264 394.5245 394.508 394.5931 394.5152 394.6114 394.5075 394.6537 394.6515 394.6063 394.7014 394.4487 394.8634 395.7325 394.7625 394.8121 394.6879 394.5297 394.9543
2014 7 395.0267 394.9314 394.8883 394.8883 394.7704 394.9978 395.0339 395.0539 395.0162 395.1681 394.9509 394.818 NA 395.0702 395.0733 395.4274 395.1954 NA NA 395.319 395.24
2014 8 395.5119 395.4283 395.3797 395.3798 395.288 395.5983 395.5365 395.5143 395.4409 395.4904 395.5489 395.7095 395.6393 395.5418 395.5336 394.6382 395.3418 394.1796 395.3777 395.5926 395.8189
2014 9 395.8407 395.7634 395.7482 395.7485 395.6773 395.8233 395.9259 395.8513 395.7123 395.8348 396.0811 396.2291 395.9217 395.8822 395.9135 396.5811 395.915 396.2774 396.0128 395.9226 396.0328
2014 10 395.8586 395.8703 395.8708 395.8708 395.8584 395.8304 395.8573 395.8654 395.8809 395.8663 395.865 395.9061 395.8237 395.8034 395.6688 394.9964 396.1643 395.8019 396.3313 395.7463 395.7801
2014 11 395.8647 395.8927 395.8865 395.8865 395.8735 395.8377 395.8367 395.8428 395.8464 395.9254 395.7744 395.8546 395.8315 395.8537 395.753 396.3776 395.3665 396.6981 395.4339 395.9168 396.0988
2014 12 395.7787 395.8104 395.8092 395.8203 395.8316 395.675 395.4533 395.5921 395.6429 395.5779 395.2953 395.2056 395.0909 395.6214 NA NA 395.7978 395.8102 396.0094 396.5491 396.291
2015 1 395.7833 395.7909 395.7783 395.811 395.8972 395.4732 395.6569 395.6749 395.7128 395.4968 395.1122 395.0072 395.3238 395.3889 395.1612 394.3646 398.5119 394.0756 397.5901 396.0507 396.1511
2015 2 395.7699 395.733 395.7371 395.6964 395.8012 395.6167 395.5515 395.603 395.7075 395.5213 395.7164 395.3024 395.4065 395.6069 395.3056 396.3387 397.6749 396.5688 397.014 396.1526 395.9346
2015 3 395.8685 395.8353 395.8404 395.8403 NA 395.6286 395.8563 395.7548 395.7681 395.9323 395.7864 395.894 396.0569 395.7033 395.892 NA 395.6813 395.4846 395.6031 396.4135 396.4637
2015 4 396.1842 396.1236 396.1067 396.1066 396.0091 396.231 396.1421 396.1447 396.1483 396.0658 396.1241 396.2224 396.0642 396.1215 396.3044 NA 396.6219 397.4965 396.4953 396.7094 396.5543
2015 5 396.6265 396.5484 396.5072 396.5076 396.4056 396.5895 396.5571 396.6345 396.7665 396.6312 396.8843 396.817 396.7148 396.8555 396.1925 396.9169 396.4969 397.5566 396.4326 396.8674 397.1836
2015 6 396.9664 396.9312 396.9268 396.9269 396.9557 396.9993 396.9184 397.0082 396.9912 397.0642 396.9436 396.9112 397.1785 397.2362 396.3709 398.7828 397.3644 397.2952 397.4185 397.0688 397.8836
2015 7 397.4708 397.3612 397.3106 397.3112 NA 397.4707 397.4998 397.4895 397.5181 397.1571 397.5983 397.4485 NA 397.5256 397.543 397.6101 397.5437 397.3016 397.5584 397.6375 397.6943
2015 8 398.0058 397.906 397.8647 397.8644 397.7192 398.0085 397.9517 398.0227 398.0002 398.0798 398.2903 398.1212 NA 398.1095 398.2722 NA 397.5944 397.7446 397.736 398.184 398.3682
2015 9 398.3777 398.3835 398.3686 398.3664 398.2665 398.3584 398.4529 398.4013 398.4073 398.4611 398.4382 398.425 NA 398.3626 398.2923 398.0349 398.0637 397.4113 398.0453 398.258 398.536
2015 10 398.3843 398.372 398.3649 398.3657 398.2785 398.3822 398.3765 398.4026 398.4054 398.4391 398.4089 398.5502 398.4961 398.4195 398.2989 NA 398.0023 396.9236 397.6435 398.2715 398.3867
2015 11 398.5367 398.5072 398.4823 398.4827 398.4273 398.5105 398.4757 398.4984 398.4899 398.4757 398.4441 398.4638 398.4549 398.4737 398.4497 398.5331 398.4147 398.3541 397.8465 398.4781 398.7107
2015 12 398.5695 398.5463 398.5773 398.553 398.4884 398.608 398.6374 398.5866 398.5832 398.5981 398.5505 398.6004 398.6809 398.4392 398.4884 399.1153 397.811 397.5743 397.4884 398.7357 398.94
2016 1 398.5937 398.5157 398.552 398.5533 398.7388 398.3657 398.3291 398.3826 398.4739 398.2454 397.97 398.2397 396.8298 398.7951 397.9389 NA 398.2307 397.2816 398.0395 398.876 398.9646
2016 2 398.4565 398.4076 NA 398.396 NA 398.2079 398.3746 398.3922 398.4094 398.328 398.2582 398.336 398.2915 399.126 398.2476 399.0642 398.8866 398.8609 398.6415 399.0104 399.0021
2016 3 398.9631 398.9845 NA 398.9764 398.8833 398.7103 398.9449 398.8846 398.8176 398.9342 398.7795 398.8119 399.107 399.2525 398.9507 NA 398.5703 NA 398.4862 399.4716 399.4219
2016 4 399.3504 399.1637 NA 399.0474 NA 399.3187 399.3683 399.3405 399.5687 399.3176 399.3892 NA 399.4147 400.0881 399.6372 NA 399.7169 399.4222 399.5862 399.9086 399.9608
2016 5 400.0065 399.9491 NA 400.0293 399.8398 400.0073 399.8601 399.984 399.9479 400.0296 400.045 NA 399.8161 399.9312 399.9451 400.2847 400.1503 400.1116 400.1862 400.2353 400.5811
2016 6 400.5235 400.4736 NA 400.4955 400.3237 400.4981 400.5014 400.5522 400.4758 400.5041 400.5595 NA 401.3868 400.5099 400.6762 401.0768 400.7449 NA 400.7267 400.6824 400.9925
2016 7 401.0785 400.9979 NA 400.9411 400.7451 401.1138 401.1339 401.0593 401.2213 401.0678 401.0631 NA NA 401.2299 401.3834 401.2833 401.583 NA 401.5117 401.2268 401.2503
2016 8 401.497 401.4611 NA 401.4481 401.4419 401.475 401.5517 401.4994 401.4256 401.4984 401.6353 NA 401.349 401.4076 401.4814 400.7758 401.3214 NA 401.1304 401.4664 401.5191
2016 9 401.645 401.6267 NA 401.5995 401.5738 401.6021 401.6025 401.6329 401.6173 401.7029 401.3294 NA NA 401.563 401.5814 401.7647 401.8277 NA 401.9004 401.643 401.642
2016 10 401.6374 401.6803 NA 401.7035 401.7614 401.6262 401.6312 401.6386 401.6489 NA 401.4302 NA 401.6673 401.6291 401.5051 401.6007 401.493 NA 401.4883 401.5089 401.5523
2016 11 401.4843 401.5013 NA 401.5008 401.557 401.487 401.443 401.4479 401.4629 401.4288 401.4633 NA 401.374 401.4391 401.2944 399.795 401.0818 NA 400.8805 401.4275 401.5053
2016 12 401.4477 401.4928 NA 401.5258 NA 401.4264 401.4202 401.3895 401.2304 401.4589 400.916 NA 400.3889 401.1328 401.1698 400.7822 401.2158 NA 401.0953 401.7073 401.4566
2017 1 401.3075 NA NA NA NA 401.0202 401.1927 NA NA NA 400.8913 NA NA NA 401.0654 NA 400.636 NA NA NA NA
2017 2 401.1059 NA NA NA NA NA NA NA NA NA 400.7549 NA 400.8461 NA 400.9166 NA 401.3119 NA NA NA NA
2017 3 401.0547 NA NA NA NA NA NA NA NA NA 400.9352 NA 401.221 NA 400.8877 NA 401.9235 NA NA NA NA
2017 4 NA NA NA NA NA NA NA NA NA NA NA NA NA NA NA NA NA NA NA NA NA
2017 5 NA NA NA NA NA NA NA NA NA NA NA NA NA NA NA NA NA NA NA NA NA
2017 6 NA NA NA NA NA NA NA NA NA NA NA NA NA NA NA NA NA NA NA NA NA
2017 7 NA NA NA NA NA NA NA NA NA NA NA NA NA NA NA NA NA NA NA NA NA
2017 8 NA NA NA NA NA NA NA NA NA NA NA NA NA NA NA NA NA NA NA NA NA
2017 9 NA NA NA NA NA NA NA NA NA NA NA NA NA NA NA NA NA NA NA NA NA
2017 10 NA NA NA NA NA NA NA NA NA NA NA NA NA NA NA NA NA NA NA NA NA
2017 11 NA NA NA NA NA NA NA NA NA NA NA NA NA NA NA NA NA NA NA NA NA
2017 12 NA NA NA NA NA NA NA NA NA NA NA NA NA NA NA NA NA NA NA NA NA
2018 1 NA NA NA NA NA NA NA NA NA NA NA NA NA NA NA NA NA NA NA NA NA
2018 2 NA NA NA NA NA NA NA NA NA NA NA NA NA NA NA NA NA NA NA NA NA
2018 3 NA NA NA NA NA NA NA NA NA NA NA NA NA NA NA NA NA NA NA NA NA
2018 4 NA NA NA NA NA NA NA NA NA NA NA NA NA NA NA NA NA NA NA NA NA
2018 5 NA NA NA NA NA NA NA NA NA NA NA NA NA NA NA NA NA NA NA NA NA
2018 6 NA NA NA NA NA NA NA NA NA NA NA NA NA NA NA NA NA NA NA NA NA
2018 7 NA NA NA NA NA NA NA NA NA NA NA NA NA NA NA NA NA NA NA NA NA
2018 8 NA NA NA NA NA NA NA NA NA NA NA NA NA NA NA NA NA NA NA NA NA
2018 9 NA NA NA NA NA NA NA NA NA NA NA NA NA NA NA NA NA NA NA NA NA
2018 10 NA NA NA NA NA NA NA NA NA NA NA NA NA NA NA NA NA NA NA NA NA
2018 11 NA NA NA NA NA NA NA NA NA NA NA NA NA NA NA NA NA NA NA NA NA
2018 12 NA NA NA NA NA NA NA NA NA NA NA NA NA NA NA NA NA NA NA NA NA
2019 1 NA NA NA NA NA NA NA NA NA NA NA NA NA NA NA NA NA NA NA NA NA
2019 2 NA NA NA NA NA NA NA NA NA NA NA NA NA NA NA NA NA NA NA NA NA
2019 3 NA NA NA NA NA NA NA NA NA NA NA NA NA NA NA NA NA NA NA NA NA
2019 4 NA NA NA NA NA NA NA NA NA NA NA NA NA NA NA NA NA NA NA NA NA
2019 5 NA NA NA NA NA NA NA NA NA NA NA NA NA NA NA NA NA NA NA NA NA
2019 6 NA NA NA NA NA NA NA NA NA NA NA NA NA NA NA NA NA NA NA NA NA
2019 7 NA NA NA NA NA NA NA NA NA NA NA NA NA NA NA NA NA NA NA NA NA
2019 8 NA NA NA NA NA NA NA NA NA NA NA NA NA NA NA NA NA NA NA NA NA
2019 9 NA NA NA NA NA NA NA NA NA NA NA NA NA NA NA NA NA NA NA NA NA
2019 10 NA NA NA NA NA NA NA NA NA NA NA NA NA NA NA NA NA NA NA NA NA
2019 11 NA NA NA NA NA NA NA NA NA NA NA NA NA NA NA NA NA NA NA NA NA
2019 12 NA NA NA NA NA NA NA NA NA NA NA NA NA NA NA NA NA NA NA NA NA
2020 1 NA NA NA NA NA NA NA NA NA NA NA NA NA NA NA NA NA NA NA NA NA
2020 2 NA NA NA NA NA NA NA NA NA NA NA NA NA NA NA NA NA NA NA NA NA
2020 3 NA NA NA NA NA NA NA NA NA NA NA NA NA NA NA NA NA NA NA NA NA
2020 4 NA NA NA NA NA NA NA NA NA NA NA NA NA NA NA NA NA NA NA NA NA
2020 5 NA NA NA NA NA NA NA NA NA NA NA NA NA NA NA NA NA NA NA NA NA
2020 6 NA NA NA NA NA NA NA NA NA NA NA NA NA NA NA NA NA NA NA NA NA
2020 7 NA NA NA NA NA NA NA NA NA NA NA NA NA NA NA NA NA NA NA NA NA
2020 8 NA NA NA NA NA NA NA NA NA NA NA NA NA NA NA NA NA NA NA NA NA
2020 9 NA NA NA NA NA NA NA NA NA NA NA NA NA NA NA NA NA NA NA NA NA
2020 10 NA NA NA NA NA NA NA NA NA NA NA NA NA NA NA NA NA NA NA NA NA
2020 11 NA NA NA NA NA NA NA NA NA NA NA NA NA NA NA NA NA NA NA NA NA
2020 12 NA NA NA NA NA NA NA NA NA NA NA NA NA NA NA NA NA NA NA NA NA
