year month SPO_NOAA_insitu SPO_NOAA_flask SPO_SIO_O2_flask SPO_SIO_CDK_flask SPO_CSIRO_flask HBA_NOAA_flask SYO_NOAA_flask SYO_TU_insitu MAA_CSIRO_flask CYA_CSIRO_flask PSA_NOAA_flask PSA_SIO_O2_flask DRP_NOAA_flask MQA_CSIRO_flask CRZ_NOAA_flask BHD_NIWA_insitu CGO_NOAA_flask CGO_SIO_O2_flask CGO_CSIRO_flask AMS_LSCE_insitu CPT_SAWS_insitu
1998 1 NaN NaN NaN NaN NaN NaN NA NaN NaN NaN NaN NaN NA NaN NaN NA NaN NaN NaN NaN NaN
1998 2 NaN NaN NaN NaN NaN NaN NA NaN NaN NaN NaN NaN NA NaN NaN NaN NaN NaN NaN NaN NaN
1998 3 NaN NaN NaN NaN NaN NaN NA NaN NaN NaN NaN NaN NA NaN NaN NaN NaN NaN NaN NaN NaN
1998 4 NaN NaN NaN NaN NaN NaN NA NaN NaN NaN NaN NaN NA NaN NaN NaN NaN NaN NaN NaN NaN
1998 5 NaN NaN NaN NaN NaN NaN NA NaN NaN NaN NaN NaN NA NaN NaN NA NaN NaN NaN NaN NaN
1998 6 NaN NaN NaN NaN NaN NaN NA NaN NaN NaN NaN NaN NA NaN NaN NaN NaN NaN NaN NaN NaN
1998 7 NaN NaN NaN NaN NaN NaN NA NaN NaN NaN NaN NaN NA NaN NaN NaN NaN NaN NaN NaN NaN
1998 8 NaN NaN NaN NaN NaN NaN NA NaN NaN NaN NaN NaN NA NaN NaN NaN NaN NaN NaN NaN NaN
1998 9 NaN NaN NaN NaN NaN NaN NA NaN NaN NaN NaN NaN NA NaN NaN NaN NaN NaN NaN NaN NaN
1998 10 NaN NaN NaN NaN NA NaN NA NaN NaN NaN NaN NaN NA NaN NaN NA NaN NaN NaN NaN NaN
1998 11 NaN NaN NaN NaN NaN NaN NA NaN NaN NaN NaN NaN NA NaN NaN NaN NaN NaN NaN NaN NaN
1998 12 NaN NaN NaN NaN NA NaN NA NaN NaN NaN NaN NaN NA NaN NaN NaN NaN NaN NaN NaN NaN
1999 1 NaN NaN NaN NaN NaN NaN NaN NaN NaN NaN NaN NaN NA NaN NaN NaN NaN NaN NaN NaN NaN
1999 2 NaN NaN NaN NaN NaN NaN NaN NaN NaN NaN NaN NaN NA NaN NA NaN NaN NaN NaN NaN NaN
1999 3 NaN NaN NaN NaN NaN NaN NaN NaN NaN NaN NaN NaN NA NaN NaN NaN NaN NaN NaN NaN NaN
1999 4 NaN NaN NaN NaN NaN NaN NaN NaN NaN NA NaN NaN NA NaN NA NaN NaN NaN NaN NaN NaN
1999 5 NaN NaN NaN NaN NaN NaN NaN NaN NaN NaN NaN NaN NA NaN NaN NaN NaN NaN NaN NaN NaN
1999 6 NaN NaN NaN NaN NA NaN NaN NaN NaN NaN NaN NaN NA NaN NaN NaN NaN NaN NaN NaN NaN
1999 7 NaN NaN NaN NaN NaN NaN NaN NaN NaN NaN NaN NaN NA NaN NA NaN NaN NaN NaN NaN NaN
1999 8 NaN NaN NaN NaN NaN NaN NaN NaN NaN NaN NaN NaN NA NaN NA NaN NaN NaN NaN NaN NaN
1999 9 NaN NaN NaN NaN NaN NaN NaN NaN NaN NaN NaN NaN NA NaN NA NaN NaN NaN NaN NaN NaN
1999 10 NaN NaN NaN NaN NaN NaN NaN NaN NaN NaN NaN NaN NA NaN NA NA NaN NaN NaN NaN NaN
1999 11 NaN NaN NaN NaN NaN NaN NaN NaN NaN NaN NaN NaN NA NaN NA NaN NaN NaN NaN NaN NaN
1999 12 NaN NaN NaN NaN NaN NaN NaN NaN NaN NaN NaN NaN NA NaN NaN NaN NaN NaN NaN NaN NaN
2000 1 0.001436026 0.001991395 0.001991395 0.001991395 1.517666e-07 0.002353159 0.001135678 0.002363936 NA 0.001451822 0.0005548694 0.0005548694 NA 0.002685697 NA 0.02980089 0.03738632 0.03738632 0.04855755 0.007620488 0.05025337
2000 2 0.01926317 0.02371121 0.02371121 0.02371121 0.006333476 0.02396581 0.02048946 0.02014806 0.02049251 0.005917725 0.03193455 0.03193455 NA 0.03448673 NaN 0.1357481 0.08618138 0.08618138 0.05581505 0.03884094 0.0946238
2000 3 0.0739026 0.07011351 0.07011351 0.07011351 0.04919875 0.07083727 0.07901055 0.06141684 0.04870915 0.05302586 0.07760603 0.07760603 NA 0.06057691 0.1104968 0.1170318 0.1060236 0.1060236 0.1089962 0.115894 0.1492097
2000 4 0.137413 0.1298494 0.1298494 0.1298494 0.0971373 0.1319393 0.1503061 0.148152 0.1383035 0.1205107 0.1444125 0.1444125 NA 0.3509471 0.1719795 0.1927979 0.1945079 0.1945079 0.1953908 0.2105381 0.2809768
2000 5 0.2570788 0.2506633 0.2506633 0.2506633 0.2126679 0.269136 0.280732 0.2567175 0.2448536 NA 0.2524415 0.2524415 NA 0.3005825 0.3093894 0.3394866 0.3265257 0.3265257 0.3263602 0.3372376 0.4416638
2000 6 0.4122156 0.4070492 0.4070492 0.4070492 0.3335578 0.4130336 0.4670886 0.4279152 0.3843196 NA 0.4118422 0.4118422 NA 0.4402584 0.4804985 0.6171437 0.536765 0.536765 0.543836 0.4970697 0.5776323
2000 7 0.5837614 0.5956419 0.5956419 0.5956419 0.5172797 0.5832729 0.6439074 0.5829851 0.5382038 NA 0.5563596 0.5563596 NA 0.6558739 0.6227363 0.5992936 0.6786363 0.6786363 0.6722105 0.6911456 0.7558069
2000 8 0.8005694 0.7828201 0.7828201 0.7828201 0.6933601 0.773425 0.8430378 0.7944843 0.7106073 NA 0.7988004 0.7988004 NA 0.7849849 0.7966417 0.9015639 0.9049748 0.9049748 0.9066854 0.8790529 0.9958557
2000 9 1.005728 0.9940305 0.9940305 0.9940305 0.9052954 1.016493 1.06274 1.014019 1.017025 NA 1.006731 1.006731 NA 1.059801 0.9347794 1.092405 1.087794 1.087794 1.047821 1.104628 1.129027
2000 10 1.202435 1.200645 1.200645 1.200645 NA 1.193163 NaN 1.200773 1.153182 NA 1.226957 1.226957 NA 1.199996 1.244241 1.305962 1.258246 1.258246 1.266036 1.29909 1.38668
2000 11 1.408565 1.351073 1.351073 1.351073 1.287907 1.385368 1.391947 1.399658 1.387484 NA 1.414494 1.414494 NA 1.442674 1.471856 1.424374 1.524459 1.524459 1.526557 1.454546 1.637949
2000 12 1.564636 1.556359 1.556359 1.556359 1.51337 1.543245 1.557806 1.555055 1.529841 NA 1.551524 1.551524 NA 1.576362 1.525774 1.621441 1.573399 1.573399 1.581195 1.733005 1.740417
2001 1 1.730373 1.672143 1.672143 1.672143 1.603566 1.725989 1.844521 1.74206 1.681568 NA 1.762436 1.762436 NA 1.851041 1.904365 NA 1.939301 1.939301 1.935381 1.903396 1.998301
2001 2 1.998141 NA NA NA 1.875628 2.005222 2.011667 1.992538 1.995055 NA 1.995164 1.995164 NA 2.125209 2.059562 NA 2.117069 2.117069 2.116188 2.259458 2.275175
2001 3 2.219135 NA NA NA 2.075032 2.249136 2.132676 2.243035 2.329231 NA 2.259937 2.259937 NA 2.418262 2.373962 2.374864 2.481747 2.481747 2.478808 2.607196 2.540573
2001 4 2.57839 NA NA NA 2.405119 2.547372 2.620197 2.581929 2.618751 NA 2.605268 2.605268 NA 2.74844 2.621782 2.751032 2.621404 2.621404 2.648754 2.778487 2.882495
2001 5 2.916128 NA NA NA 2.735841 2.867924 3.026342 2.919951 2.962512 NA 3.024863 3.024863 NA 3.048412 3.058625 3.063391 3.17085 3.17085 3.155251 3.125403 3.187462
2001 6 3.242252 NA NA NA 3.125978 3.188856 3.217593 3.247955 3.254449 NA 3.264039 3.264039 NA 3.27588 3.444631 3.374513 3.381898 3.381898 3.388505 3.413987 3.495517
2001 7 3.546439 3.62561 3.62561 3.62561 3.381087 3.448865 3.491206 3.554667 3.467929 NA 3.526671 3.526671 NA 3.769743 3.605065 3.679404 3.756842 3.756842 3.783781 3.658182 3.726808
2001 8 3.821916 3.783299 3.783299 3.783299 3.652515 3.763215 3.816737 3.834988 3.866556 NA 3.805069 3.805069 NA 3.856946 3.98324 3.908841 3.911325 3.911325 3.930231 4.006037 4.057468
2001 9 4.184482 4.144835 4.144835 4.144835 3.978962 4.220351 4.142527 4.165525 4.208133 NA 4.467013 4.467013 NA 4.250739 4.285456 4.284886 4.223643 4.223643 4.226538 4.347352 4.372976
2001 10 4.424479 4.423226 4.423226 4.423226 4.446289 4.411789 4.509862 4.425935 4.458339 NA 4.485037 4.485037 NA 4.46626 4.446036 4.661754 4.558298 4.558298 4.560241 4.502624 4.660063
2001 11 4.686961 4.716964 4.716964 4.716964 4.741565 4.625621 4.661388 4.659461 4.680115 NA 4.700037 4.700037 NA 4.680905 NA 4.831552 4.885221 4.885221 4.919458 4.785277 4.904503
2001 12 4.887622 4.907568 4.907568 4.907568 NA 4.846214 4.887142 4.876243 4.884459 NA 4.888952 4.888952 NA 4.997672 NA 5.127833 4.943075 4.943075 4.943401 5.008764 5.076494
2002 1 5.110993 5.079034 5.079034 5.079034 NA 5.036761 5.12136 5.093579 5.150332 5.191936 5.08216 5.08216 NA 5.108356 NA 5.256774 5.203613 5.203613 5.203007 5.264212 5.289894
2002 2 5.29215 5.274683 5.274683 5.274683 NA 5.322187 5.399362 5.314839 5.264187 5.396094 5.321083 5.321083 NA 5.413425 NA 5.40785 5.473222 5.473222 5.5134 5.582691 5.624091
2002 3 5.644383 5.613959 5.613959 5.613959 5.595737 5.589826 5.688206 5.639157 5.471802 5.48843 5.685461 5.685461 NA 5.713101 NA 5.771878 5.813193 5.813193 5.818355 5.852014 5.981409
2002 4 6.023683 6.041778 6.041778 6.041778 5.864972 6.004359 6.073651 5.969645 6.035325 NA 6.017866 6.017866 NA 6.068746 6.168448 6.140777 6.078767 6.078767 6.078043 6.205857 6.314176
2002 5 6.382143 6.35305 6.35305 6.35305 6.371168 6.34474 6.324857 6.417796 NA NA 6.287727 6.287727 NA 6.420026 NA 6.497096 6.472664 6.472664 6.436331 6.485844 6.541819
2002 6 6.675256 6.672694 6.672694 6.672694 6.564699 6.670359 6.632462 6.683752 NA 6.700575 6.689623 6.689623 NA 6.679007 6.863344 6.782258 6.799052 6.799052 6.817234 6.776988 6.857256
2002 7 6.975523 6.942906 6.942906 6.942906 6.811287 6.980372 6.928955 6.981378 NA 6.974212 7.045915 7.045915 NA 7.167138 7.114061 7.135189 7.170509 7.170509 7.043228 7.132757 7.167418
2002 8 7.309868 7.282721 7.282721 7.282721 7.123403 7.297479 7.287568 7.31104 NA 7.219448 7.357067 7.357067 NA 7.330431 7.365953 7.394465 7.331886 7.331886 7.333154 7.435493 7.535032
2002 9 7.609629 7.595913 7.595913 7.595913 7.461103 7.555187 7.551507 7.585933 NA 7.528909 7.646055 7.646055 NA 7.731895 7.697485 7.673054 7.64477 7.64477 7.649374 7.796379 7.886796
2002 10 7.907721 7.889637 7.889637 7.889637 7.850954 7.868236 7.871585 7.904069 NA 7.937328 7.89539 7.89539 NA 8.05631 7.951984 7.875526 7.987999 7.987999 7.940236 8.022891 8.061909
2002 11 8.084841 8.089417 8.089417 8.089417 8.042908 8.068907 8.067661 8.086923 8.055053 8.014856 8.10604 8.10604 NA 8.200012 NaN 8.218367 8.191508 8.191508 8.196029 8.263004 8.242662
2002 12 8.275288 8.24603 8.24603 8.24603 8.17808 8.26101 8.271618 8.225108 8.256613 8.318271 8.34078 8.34078 NA 8.345273 NA 8.416446 8.358421 8.358421 8.357281 8.440456 8.54246
2003 1 8.493566 8.465376 8.465376 8.465376 8.413694 8.462498 8.490249 8.499486 8.43829 8.491909 8.515798 8.515798 NA 8.656595 NaN 8.586665 8.662315 8.662315 8.618859 8.675544 8.686488
2003 2 8.76458 8.70699 8.70699 8.70699 NA 8.73337 8.879893 8.758583 8.70348 8.731881 8.782999 8.782999 NA 8.73527 NaN 8.976921 8.935831 8.935831 8.919755 8.97469 9.04967
2003 3 9.082467 9.058716 9.058716 9.058716 8.974389 9.033868 9.019063 9.066256 9.067729 9.144714 9.11982 9.11982 NA 9.136263 NA 9.272022 9.250898 9.250898 9.188117 9.269745 9.379361
2003 4 9.367807 9.295417 9.295417 9.295417 9.175094 9.336841 9.32037 9.385338 9.382969 9.374474 9.455634 9.455634 NA 9.53669 NA 9.506804 9.475859 9.475859 9.493002 9.577145 9.784343
2003 5 9.695545 9.697987 9.697987 9.697987 NA 9.697165 9.738996 9.684574 9.661903 9.715361 9.785232 9.785232 NA 9.7926 NA 10.00202 9.969783 9.969783 9.950921 9.871677 9.997848
2003 6 10.03283 10.03882 10.03882 10.03882 9.899659 10.09517 10.0724 10.03773 10.08209 10.04527 10.06921 10.06921 NA 10.08184 NA 10.16675 10.11775 10.11775 10.14042 10.23901 10.2419
2003 7 10.37353 10.39857 10.39857 10.39857 10.21144 10.34855 10.28848 10.36391 10.28554 10.4458 10.42662 10.42662 NA 10.579 10.36853 10.39224 10.48844 10.48844 10.49226 10.57039 10.60805
2003 8 10.74129 10.68969 10.68969 10.68969 10.51217 10.76397 10.68986 10.73658 10.70405 10.77144 10.76697 10.76697 NA 10.8227 10.81298 10.97033 10.82081 10.82081 10.82686 10.87492 10.94546
2003 9 11.07806 11.09826 11.09826 11.09826 10.90953 11.03867 11.03946 11.07046 11.15488 11.08713 11.09356 11.09356 NA 11.08118 11.13257 11.22666 11.07789 11.07789 11.10165 11.21739 11.28062
2003 10 11.33741 11.31955 11.31955 11.31955 11.28787 11.34824 11.33341 11.31708 11.35068 11.28457 11.34466 11.34466 NA 11.37041 11.36889 11.57136 11.37933 11.37933 11.35452 11.49952 11.63181
2003 11 11.60159 11.59784 11.59784 11.59784 11.51232 11.58401 11.61887 11.60767 NA 11.61765 11.56274 11.56274 NA 11.64801 11.59528 11.65153 11.76391 11.76391 11.70054 11.75817 11.82035
2003 12 11.78337 11.75352 11.75352 11.75352 11.68958 11.77177 11.76675 11.77879 11.78047 11.82247 11.79145 11.79145 NA 11.80518 11.82127 11.9279 11.83575 11.83575 11.89811 11.96495 11.95959
2004 1 12.04877 12.00074 12.00074 12.00074 11.91303 12.00331 11.96389 11.9397 12.08884 11.97456 12.04498 12.04498 NA 12.08896 12.00785 12.19053 12.07202 12.07202 12.0868 12.22351 12.29681
2004 2 12.25736 12.33883 12.33883 12.33883 NA 12.22773 12.24629 12.32511 12.31125 12.2397 12.33971 12.33971 NA 12.35986 12.25993 12.3568 12.38883 12.38883 12.4042 12.45654 12.56866
2004 3 12.59259 12.59177 12.59177 12.59177 12.54114 12.58373 12.52774 12.57974 12.5999 12.50846 12.5783 12.5783 NA 12.55736 12.5345 12.78622 12.71793 12.71793 12.67263 12.81398 12.83997
2004 4 12.96804 12.92751 12.92751 12.92751 12.78185 12.89587 13.00287 12.97534 13.02125 12.88258 13.01713 13.01713 NA 13.05624 13.02652 13.199 13.0426 13.0426 13.13037 13.22389 13.38154
2004 5 13.29989 13.3175 13.3175 13.3175 13.10663 13.3335 13.3051 13.31162 13.30949 13.24048 13.42836 13.42836 NA 13.54703 13.35605 13.63845 13.48414 13.48414 13.53289 13.52521 13.86944
2004 6 13.71251 13.75488 13.75488 13.75488 13.48415 13.70726 13.66301 13.71399 13.7709 13.7713 13.69109 13.69109 NA 13.82076 13.85801 14.10026 13.82429 13.82429 13.80549 13.88482 14.10479
2004 7 14.01568 14.01821 14.01821 14.01821 13.9245 14.0094 13.95713 14.02925 14.02157 14.04369 14.08587 14.08587 NA 14.24846 14.08521 14.23618 14.08658 14.08658 14.09394 14.18829 14.34464
2004 8 14.36141 14.29091 14.29091 14.29091 14.20429 14.33499 14.39061 14.37233 14.36284 14.39077 14.40356 14.40356 NA 14.656 14.32242 14.36974 14.58618 14.58618 14.50873 14.70007 14.75489
2004 9 14.72546 14.72214 14.72214 14.72214 NA 14.68111 14.65782 14.70427 14.76147 14.73004 14.76787 14.76787 NA 14.80681 14.75823 15.02988 14.94987 14.94987 14.93268 14.89441 14.93091
2004 10 15.02247 15.01678 15.01678 15.01678 14.89036 15.0549 14.97568 15.01619 15.02998 15.03801 15.04389 15.04389 NA 15.04218 15.06632 15.00383 15.11722 15.11722 15.10159 15.16238 15.2842
2004 11 15.24328 15.22327 15.22327 15.22327 15.10884 15.20628 15.13698 15.23823 15.23657 15.21584 15.33773 15.33773 NA 15.44857 15.27262 15.4487 15.36858 15.36858 15.27984 15.4177 15.56208
2004 12 15.49866 15.47067 15.47067 15.47067 15.38423 15.45906 15.53079 15.48942 15.48766 15.48512 15.50472 15.50472 NA 15.59627 15.51431 15.55982 15.63533 15.63533 15.61664 15.64223 15.71705
2005 1 15.68594 15.67001 15.67001 15.67001 15.61563 15.68061 15.65335 15.68718 15.72716 15.70618 15.73131 15.73131 NA 15.78348 15.8117 NA 15.85627 15.85627 15.84354 15.93793 15.99093
2005 2 15.95809 15.93823 15.93823 15.93823 15.87011 15.86887 15.94389 15.97167 15.91775 15.97282 16.04425 16.04425 NA 16.18156 16.12162 NA 16.10891 16.10891 16.13735 16.15913 16.30234
2005 3 16.33016 16.29956 16.29956 16.29956 16.15659 16.34226 16.38583 16.35824 16.24699 16.28707 16.34381 16.34381 NA 16.25536 16.44219 16.58066 16.36559 16.36559 16.39469 16.60491 16.72422
2005 4 16.66713 16.67346 16.67346 16.67346 16.49236 16.68175 16.68215 16.64701 16.60022 16.6288 16.70394 16.70394 NA NA 16.82348 NA 16.91844 16.91844 17.0934 16.90332 16.97097
2005 5 17.06232 17.04027 17.04027 17.04027 16.9298 17.01615 17.09051 17.06603 17.10575 17.08463 17.16263 17.16263 NA 16.94682 17.18243 NA 17.37232 17.37232 17.26431 17.28879 17.36309
2005 6 17.43626 17.41209 17.41209 17.41209 17.4125 17.42306 17.37061 17.45629 17.4398 17.49643 17.45636 17.45636 NA 17.55777 17.56476 NA 17.62902 17.62902 17.58588 17.62871 17.68965
2005 7 17.75408 17.76281 17.76281 17.76281 NA 17.72235 17.83911 17.75707 17.80312 17.79802 17.80444 17.80444 NA 17.85026 17.91772 NA 17.85089 17.85089 17.96122 17.95608 18.10325
2005 8 18.11584 18.08415 18.08415 18.08415 17.8832 18.12938 18.18852 18.0943 18.1827 18.10173 18.18943 18.18943 NA 18.35899 18.14946 18.2388 18.11872 18.11872 18.01817 18.29617 18.36948
2005 9 18.51782 18.48179 18.48179 18.48179 18.32338 18.54293 18.47324 18.50127 18.4731 18.53463 18.60686 18.60686 NA 18.48846 18.5524 NA 18.58784 18.58784 18.5629 18.70675 18.80941
2005 10 18.84631 18.85235 18.85235 18.85235 18.65243 18.80939 18.84199 18.84156 18.86159 18.82031 18.86134 18.86134 NA 18.74333 19.03744 NA 18.87215 18.87215 18.89264 19.03345 19.06039
2005 11 19.10492 19.07602 19.07602 19.07602 NA 19.09905 19.10312 19.08293 19.07866 19.08419 19.12114 19.12114 NA 19.17106 19.20904 NA 19.17032 19.17032 19.17201 19.24935 19.36973
2005 12 19.36114 19.31888 19.31888 19.31888 19.22256 19.32644 19.38367 19.37124 19.35519 19.33276 19.34091 19.34091 NA 19.52502 19.38938 NA 19.49812 19.49812 19.45469 19.59242 19.53079
2006 1 19.53767 19.51726 19.51726 19.51726 19.42325 19.60512 19.48835 19.5451 19.51405 19.56919 19.59887 19.59887 NA 19.58129 19.69871 19.82486 19.67907 19.67907 19.62558 19.80738 19.8047
2006 2 19.75692 19.72842 19.72842 19.72842 19.64336 19.70441 19.82138 19.76852 19.76453 19.76752 19.8223 19.8223 NA 19.92172 20.10513 NA 19.95643 19.95643 19.93054 20.16461 20.18093
2006 3 20.16681 20.13964 20.13964 20.13964 19.90361 20.22232 20.15246 20.18066 20.18344 20.09782 20.16967 20.16967 20.40919 NA 20.4071 20.55613 20.2752 20.2752 20.36623 20.43216 20.48296
2006 4 20.5709 20.57132 20.57132 20.57132 20.42013 20.57152 20.55285 20.57438 20.57035 20.45081 20.56124 20.56124 20.49365 20.70243 20.59428 20.96736 20.64201 20.64201 20.64715 20.88573 20.94327
2006 5 20.96414 20.91074 20.91074 20.91074 20.80244 20.97722 20.95943 21.01313 20.91026 20.94927 20.95156 20.95156 21.07597 21.12627 21.10984 21.20216 21.0444 21.0444 21.15371 21.30178 21.33436
2006 6 21.35224 21.30258 21.30258 21.30258 21.16306 21.38012 21.36821 21.36878 NA 21.39874 21.39667 21.39667 21.52941 21.60161 21.45869 21.58098 21.52989 21.52989 21.53025 21.64192 21.84944
2006 7 21.70206 21.66448 21.66448 21.66448 21.49762 21.72574 21.65729 21.69334 21.8673 21.85937 21.71859 21.71859 NA 21.93681 21.87639 21.91806 21.91598 21.91598 21.80373 21.98536 22.07287
2006 8 22.14697 22.10063 22.10063 22.10063 NA 22.09472 22.06386 22.12273 22.13989 22.23387 22.07518 22.07518 22.09209 22.22111 22.25369 22.25507 22.32612 22.32612 22.19915 22.2998 22.43373
2006 9 22.48489 22.44954 22.44954 22.44954 NA 22.51345 22.35363 22.48964 22.54003 22.58893 22.546 22.546 22.66882 22.79302 22.5287 22.64159 22.66786 22.66786 22.76792 22.6891 22.80298
2006 10 22.85258 22.79601 22.79601 22.79601 22.64919 22.81229 22.83299 22.82391 22.80313 22.8869 22.89258 22.89258 22.89256 22.83424 22.95214 23.01808 22.88804 22.88804 22.85667 22.93918 23.06838
2006 11 23.1458 23.09322 23.09322 23.09322 23.02214 23.12103 23.1963 23.12659 23.03913 23.0973 23.15041 23.15041 23.10163 23.13706 23.14634 23.34069 23.26069 23.26069 23.22115 23.27016 23.36909
2006 12 23.3461 23.3224 23.3224 23.3224 23.28274 23.31807 23.41297 23.36418 23.37031 23.34586 23.3863 23.3863 23.38327 23.36163 23.53013 23.40452 23.44622 23.44622 23.42808 23.58012 23.59767
2007 1 23.59474 23.55326 23.55326 23.55326 23.4416 23.60983 23.62382 23.59792 23.60603 23.5862 23.68638 23.68638 23.64606 23.69675 23.69654 23.72421 23.77461 23.77461 23.75532 23.81104 23.91404
2007 2 23.84544 23.82295 23.82295 23.82295 23.7168 23.78933 23.95894 23.87772 23.96848 23.85822 23.98202 23.98202 23.94795 24.00922 24.12214 24.10637 23.8898 23.8898 23.89111 24.08556 24.26033
2007 3 24.24522 24.17337 24.17337 24.17337 23.98048 24.30212 24.17346 24.25832 24.15146 24.14697 24.32334 24.32334 24.50302 24.34983 24.30567 24.63968 24.47788 24.47788 24.42518 24.61822 24.58491
2007 4 24.67799 24.62945 24.62945 24.62945 24.52451 24.58436 24.64758 24.72394 24.69269 24.65342 24.61304 24.61304 24.60029 24.71843 24.92056 24.97224 NA NA NA 24.92124 25.05716
2007 5 25.11575 25.05369 25.05369 25.05369 24.908 25.08685 25.07617 25.10809 25.0875 25.08443 25.1126 25.1126 25.06753 25.44459 25.10089 25.24125 25.18067 25.18067 25.18232 25.27288 25.36935
2007 6 25.48478 25.46295 25.46295 25.46295 25.34313 25.57999 25.51404 25.47912 25.52925 25.2871 25.45605 25.45605 25.42629 25.53303 25.61957 25.54511 25.66653 25.66653 25.62377 25.64248 25.74446
2007 7 25.84101 25.79843 25.79843 25.79843 25.63935 25.82868 25.79963 25.86018 25.86585 25.82864 25.79659 25.79659 NA 25.89322 25.93492 25.93291 26.01126 26.01126 25.92342 26.08737 26.11987
2007 8 26.20186 26.16599 26.16599 26.16599 26.04154 26.20808 26.20002 26.20718 26.27773 26.29612 26.28516 26.28516 NA 26.46923 26.33856 26.22899 26.3576 26.3576 26.24642 26.4302 26.46513
2007 9 26.58338 26.54599 26.54599 26.54599 NA 26.56642 26.53923 26.57333 26.52869 NA 26.65286 26.65286 26.77497 27.11055 26.90587 26.73707 26.67974 26.67974 26.75822 26.75911 26.87663
2007 10 26.95151 26.89046 26.89046 26.89046 26.76609 26.89897 26.85485 26.92464 NA 27.09358 26.91481 26.91481 27.00878 26.90076 27.02449 26.9797 27.06092 27.06092 27.04974 27.09592 27.18663
2007 11 27.2656 27.25316 27.25316 27.25316 NA 27.23795 27.26303 27.26342 NA 27.23216 27.18719 27.18719 27.24954 27.21895 27.26369 27.40241 27.38441 27.38441 27.37048 27.38125 27.43688
2007 12 27.4682 27.4429 27.4429 27.4429 27.37227 27.47326 27.43667 27.47819 NA 27.5633 27.51006 27.51006 27.57958 27.53964 27.59923 27.67298 27.55633 27.55633 27.56943 27.6662 27.73575
2008 1 27.68918 27.64116 27.64116 27.64116 27.64577 27.71117 27.74821 27.70891 NA 27.63863 27.80464 27.80464 27.64222 27.86721 27.82919 27.91443 27.86379 27.86379 27.94921 28.36496 28.07996
2008 2 28.01674 27.9972 27.9972 27.9972 NA 28.04264 28.0679 28.01251 NA 28.08268 28.16438 28.16438 28.04435 28.19435 28.12436 28.20724 28.22583 28.22583 28.27287 28.30635 28.51631
2008 3 28.46372 28.39816 28.39816 28.39816 NA 28.4036 28.46479 28.45643 28.27724 28.32417 28.5667 28.5667 28.71855 NA 28.70445 28.62551 28.75361 28.75361 28.77821 28.78683 28.85318
2008 4 28.9336 28.82426 28.82426 28.82426 NA 28.86561 28.91226 28.93113 28.74249 28.84716 28.90589 28.90589 28.92855 NA 28.90082 29.12288 29.14516 29.14516 29.15132 29.18694 29.2328
2008 5 29.33303 29.2447 29.2447 29.2447 29.20527 29.3277 29.4836 29.35251 29.36447 NA 29.36188 29.36188 29.53246 NA 29.55191 29.39796 29.60483 29.60483 29.62152 29.54693 29.77954
2008 6 29.7009 29.63112 29.63112 29.63112 NA 29.58515 29.70693 29.6852 29.53874 29.71977 29.79506 29.79506 29.85037 NA 30.01243 29.93979 29.84854 29.84854 29.89969 29.87748 29.95047
2008 7 30.09706 30.03884 30.03884 30.03884 30.31435 30.08896 30.10669 30.10403 NA 30.17407 30.11965 30.11965 30.02273 30.2743 30.39113 30.44047 30.18049 30.18049 30.20059 30.28461 30.40579
2008 8 30.46941 30.42095 30.42095 30.42095 30.59203 30.47547 30.45788 30.45933 30.51942 30.45504 30.52094 30.52094 30.43266 30.64618 30.46786 30.72576 30.54109 30.54109 30.60563 30.67152 30.6791
2008 9 30.84148 30.75339 30.75339 30.75339 NA 30.83974 30.82716 30.8307 30.78908 30.80154 30.92437 30.92437 30.95788 30.9776 30.99562 30.88277 30.89332 30.89332 30.85313 31.08943 31.05088
2008 10 31.16726 31.14484 31.14484 31.14484 31.16607 31.16665 31.08759 31.15436 31.12955 31.10304 31.20008 31.20008 31.20036 31.50459 31.20921 NA 31.25554 31.25554 31.23998 31.35072 31.42816
2008 11 31.46102 31.44444 31.44444 31.44444 NA 31.43875 31.46272 31.45038 31.49436 31.44147 31.47577 31.47577 NA 31.91043 31.54015 NA 31.54906 31.54906 31.56848 31.56901 31.68407
2008 12 31.69314 31.65434 31.65434 31.65434 NA 31.67066 31.67551 31.69721 31.65624 31.65261 31.71229 31.71229 NA 31.74868 31.71112 31.88019 31.82985 31.82985 31.83616 NA 31.99297
2009 1 31.94449 31.90106 31.90106 31.90106 31.83374 31.92986 31.85257 31.93444 31.95072 31.84849 32.02252 32.02252 31.88325 32.22593 32.07324 32.15492 32.18709 32.18709 32.17366 NA 32.24673
2009 2 32.24746 32.2361 32.2361 32.2361 NA 32.15784 32.28417 32.26935 32.32088 32.16063 32.23238 32.23238 32.20389 32.42304 32.31372 32.29572 32.7483 32.7483 32.59327 32.58491 32.61798
2009 3 32.65414 32.60162 32.60162 32.60162 NA 32.62513 32.60018 32.65868 32.63139 32.6214 32.66944 32.66944 32.78595 33.09088 32.65113 32.94809 32.90874 32.90874 32.88816 32.82797 33.07078
2009 4 33.02858 32.98348 32.98348 32.98348 NA 33.10143 33.09686 33.0473 33.08593 32.93894 33.09116 33.09116 33.08591 33.10946 33.17138 33.29177 33.20361 33.20361 33.16049 33.55532 33.40893
2009 5 33.55355 33.46216 33.46216 33.46216 33.34209 33.50093 33.57085 33.52819 33.54612 33.31584 33.49903 33.49903 NA 33.58295 33.54057 33.91993 33.56849 33.56849 33.56809 33.69876 33.88087
2009 6 33.91831 33.87619 33.87619 33.87619 33.77306 33.89283 33.92411 33.94784 33.90952 33.95329 33.8891 33.8891 33.99238 34.02855 34.16516 34.19441 34.16371 34.16371 34.16294 34.02806 34.24061
2009 7 34.28902 34.2493 34.2493 34.2493 34.14505 34.22447 34.25158 34.28994 34.31897 34.29475 34.26875 34.26875 NA 34.37791 34.47591 34.2629 34.38733 34.38733 34.40086 34.45619 34.57405
2009 8 34.65416 34.61549 34.61549 34.61549 34.48411 34.56737 34.60966 34.64656 34.75465 34.6396 34.65008 34.65008 NA 34.56739 34.878 34.90172 34.80083 34.80083 34.8766 34.93222 34.94334
2009 9 35.03157 34.9906 34.9906 34.9906 34.87373 35.01371 34.98653 35.04629 35.0172 35.01876 35.0176 35.0176 NA 35.09063 NA 35.33396 35.28451 35.28451 35.318 35.28554 35.32424
2009 10 35.38886 35.35272 35.35272 35.35272 NA 35.36601 35.31241 35.37419 35.37756 35.47939 35.35964 35.35964 35.42414 35.54382 NaN 35.49309 35.41719 35.41719 35.41644 35.55175 35.67749
2009 11 35.64337 35.60305 35.60305 35.60305 NA 35.60124 35.60663 35.6428 35.62726 35.61843 35.65632 35.65632 NA 35.73299 35.83838 35.97305 35.84959 35.84959 35.79803 35.84774 35.85053
2009 12 35.88711 35.83652 35.83652 35.83652 35.7748 35.90021 35.84963 35.879 35.8989 35.88694 35.91592 35.91592 35.9742 35.91442 35.93526 35.8075 36.09447 36.09447 36.15568 36.10663 36.16349
2010 1 36.13411 36.08463 36.08463 36.08463 35.96475 36.17257 36.02742 36.12466 36.03102 36.07503 36.12295 36.12295 35.99296 36.24681 36.24906 NA 36.23926 36.23926 36.24934 36.36045 36.41263
2010 2 36.43798 36.42943 36.42943 36.42943 36.29512 36.37444 36.46456 36.46641 36.55316 36.43264 36.47857 36.47857 36.39895 36.52998 36.55199 36.5164 36.7311 36.7311 36.72207 36.73781 36.85141
2010 3 36.80329 36.74352 36.74352 36.74352 36.57624 36.84016 36.82614 36.79409 36.8752 36.72646 36.82668 36.82668 36.95024 37.22761 36.84172 36.99114 36.95718 36.95718 36.91794 36.91723 37.28957
2010 4 37.21554 37.1783 37.1783 37.1783 36.99061 37.33037 37.17106 37.20652 37.27089 37.17048 37.26182 37.26182 37.35951 37.35224 37.3661 37.26791 37.47151 37.47151 37.47367 37.4761 37.57304
2010 5 37.65671 37.60509 37.60509 37.60509 37.43354 37.62227 37.67468 37.63568 37.541 37.52871 37.7765 37.7765 37.55112 37.74666 37.71862 37.87653 37.57751 37.57751 37.58977 37.97103 37.89946
2010 6 38.06297 38.00795 38.00795 38.00795 37.82881 37.9526 38.1344 38.05454 NA 38.05556 38.1312 38.1312 38.01392 38.13822 38.17826 38.26122 38.19655 38.19655 38.1597 38.27038 38.46168
2010 7 38.50836 38.44889 38.44889 38.44889 38.29248 38.51595 38.4937 38.51149 NA 38.5137 38.52062 38.52062 NA 38.46839 38.60881 38.71117 38.74499 38.74499 38.74467 38.74154 38.80968
2010 8 38.91202 38.86842 38.86842 38.86842 38.71383 38.90185 38.90022 38.91136 NA 38.81776 38.96526 38.96526 NA 39.02955 39.01577 39.14116 39.04621 39.04621 39.08214 39.19953 39.2466
2010 9 39.33416 39.2741 39.2741 39.2741 39.12615 39.34688 39.35753 39.33938 NA 39.26679 39.44814 39.44814 39.43014 39.43299 39.35399 39.5464 NA NA 39.33613 39.48441 39.56928
2010 10 39.66303 39.62231 39.62231 39.62231 39.48531 39.64259 39.77788 39.6515 NA 39.53682 39.70174 39.70174 39.70431 39.57038 39.7884 39.73646 39.77926 39.77926 39.75956 39.86451 39.8753
2010 11 39.95748 39.95973 39.95973 39.95973 NA 39.93014 39.93684 39.96426 NA 39.82852 39.98744 39.98744 40.01106 40.08701 40.04324 40.02867 40.05459 40.05459 40.0219 40.15433 40.25248
2010 12 40.21073 40.15594 40.15594 40.15594 40.02811 40.19116 40.17836 40.20461 NA 40.11711 40.20105 40.20105 NA 40.26172 40.30853 40.20769 40.22498 40.22498 40.19777 40.451 40.50678
2011 1 40.49238 40.44002 40.44002 40.44002 40.33455 40.47223 40.45835 40.49889 NA 40.47859 40.46198 40.46198 40.50028 40.52435 40.51387 40.60849 40.69413 40.69413 40.68841 40.67184 40.79021
2011 2 40.83392 40.79604 40.79604 40.79604 40.67343 40.85019 40.85654 40.81622 NA 40.60885 40.71741 40.71741 40.7347 40.97171 40.89279 NA 40.89376 40.89376 40.89407 41.11726 41.28876
2011 3 41.17959 41.15113 41.15113 41.15113 41.00997 41.15964 41.12576 41.18509 NA 41.01889 41.23927 41.23927 41.30522 41.25035 41.25753 41.3517 41.27308 41.27308 41.1409 41.53568 41.78125
2011 4 41.62022 41.59228 41.59228 41.59228 41.38376 41.67595 41.66571 41.65032 NA 41.57281 41.56971 41.56971 41.64111 NA 41.94816 41.90788 41.9489 41.9489 NA 41.92235 41.9297
2011 5 42.08523 42.06279 42.06279 42.06279 41.96562 42.06932 42.05052 42.07008 NA 42.01548 42.14669 42.14669 42.00283 NA 42.35802 NA 42.22078 42.22078 42.052 42.28831 42.43009
2011 6 42.4832 42.37552 42.37552 42.37552 NA 42.48813 42.47032 42.48556 NA 42.40209 42.46774 42.46774 42.38452 NA 42.5118 42.78134 42.50691 42.50691 42.50926 42.66226 42.73803
2011 7 42.93509 42.88908 42.88908 42.88908 NA 42.92396 42.95995 42.92741 NA 42.83734 42.91376 42.91376 NA NA 43.12438 43.05439 42.88935 42.88935 42.8796 43.12214 43.3229
2011 8 43.32981 43.27439 43.27439 43.27439 43.09901 43.33848 43.29454 43.33894 43.36789 43.40872 43.34483 43.34483 43.15441 43.42171 43.36973 43.46871 43.53078 43.53078 43.5369 43.48813 43.57107
2011 9 43.71653 43.66351 43.66351 43.66351 43.52723 43.74904 43.67799 43.72476 43.75124 43.8452 43.77694 43.77694 43.93942 43.85007 43.81518 43.99366 43.78564 43.78564 43.7797 43.97202 43.96662
2011 10 44.07187 44.06341 44.06341 44.06341 43.99889 44.06769 44.03444 44.0659 44.10767 44.09399 44.12846 44.12846 44.30481 44.16407 44.15869 44.28255 44.41171 44.41171 44.37243 44.3178 44.37731
2011 11 44.42548 44.39952 44.39952 44.39952 44.23737 44.34039 44.39098 44.39461 44.45322 44.3984 44.35871 44.35871 44.43797 44.63909 44.51096 44.67358 44.4928 44.4928 44.50293 44.59795 44.58827
2011 12 44.64749 44.6303 44.6303 44.6303 NA 44.55841 44.66877 44.63551 44.72361 44.64862 44.65633 44.65633 44.69659 44.82343 44.66858 44.87684 44.76824 44.76824 44.76815 44.75935 44.86493
2012 1 44.87903 44.84723 44.84723 44.84723 NA 44.8174 44.92532 44.90329 44.92776 44.80944 44.86844 44.86844 NA 45.0913 44.95268 45.07825 45.19071 45.19071 44.85674 45.13464 44.91083
2012 2 45.21898 45.18748 45.18748 45.18748 45.03931 45.20894 45.28301 45.23263 45.17896 45.18037 45.24044 45.24044 45.16786 45.62621 45.27609 45.41059 45.63336 45.63336 45.45059 45.54453 45.70308
2012 3 45.65573 45.6144 45.6144 45.6144 45.41235 45.68709 45.54489 45.64801 45.57198 45.64254 45.74753 45.74753 45.91684 45.7951 45.7967 45.82079 45.80976 45.80976 45.73927 45.86478 46.15307
2012 4 46.07552 45.96131 45.96131 45.96131 45.8788 46.10984 45.97386 46.09749 46.142 46.17602 46.17783 46.17783 46.26384 46.53413 46.33023 46.20339 46.62348 46.62348 46.62243 46.38589 46.47296
2012 5 46.56586 46.53985 46.53985 46.53985 NA 46.5689 46.49852 46.58356 46.5562 46.61198 46.67857 46.67857 46.62687 46.71464 46.6508 46.62082 46.76937 46.76937 46.77342 46.82132 46.86088
2012 6 46.9869 46.93015 46.93015 46.93015 46.73021 47.02904 46.86874 46.98826 46.95838 46.96755 46.94753 46.94753 47.02575 47.31662 47.1342 47.16433 47.18013 47.18013 47.09859 47.23152 47.35593
2012 7 47.42252 47.36309 47.36309 47.36309 NA 47.36341 47.41802 47.41609 47.43311 47.21782 47.51706 47.51706 NA 47.49338 47.59063 47.64851 47.41199 47.41199 47.42009 47.64383 47.72632
2012 8 47.84852 47.79946 47.79946 47.79946 47.61101 47.84076 47.86722 47.86052 47.85168 47.76509 47.91418 47.91418 NA 48.14765 47.9952 48.13768 48.04647 48.04647 47.98049 48.08989 48.10672
2012 9 48.27595 48.21851 48.21851 48.21851 NA 48.28476 48.18732 48.25637 48.14916 48.19611 48.33164 48.33164 48.49371 48.41783 48.37039 NA 48.39655 48.39655 48.43432 48.5228 48.61292
2012 10 48.65072 48.59624 48.59624 48.59624 NA 48.56402 48.55585 48.64712 48.55367 48.73478 48.6566 48.6566 48.79214 48.70047 48.73213 NA 48.72396 48.72396 48.7198 48.81726 48.88368
2012 11 48.96869 48.94125 48.94125 48.94125 48.8972 48.94689 48.97442 48.96892 48.87181 48.88768 48.88892 48.88892 48.97075 48.96081 NA NA 49.01912 49.01912 49.02797 49.08538 49.21932
2012 12 49.19798 49.17137 49.17137 49.17137 49.09861 49.20859 49.15037 49.19536 49.15331 49.14489 49.15292 49.15292 49.15409 49.30106 49.26023 NA 49.3196 49.3196 49.31988 49.392 49.58021
2013 1 49.45218 49.42774 49.42774 49.42774 NA 49.39875 49.37583 49.45125 49.44844 NA 49.53945 49.53945 49.41479 49.77202 49.46105 NA 49.56437 49.56437 49.55811 49.66127 49.75076
2013 2 49.72983 49.69621 49.69621 49.69621 NA 49.7496 49.81664 49.76187 49.69266 49.76766 49.74092 49.74092 49.97156 49.97906 49.70408 50.17863 50.05725 50.05725 50.04888 50.00537 50.20876
2013 3 50.154 50.08273 50.08273 50.08273 49.91678 50.11535 50.13232 50.1607 50.07058 50.13124 50.22475 50.22475 50.12169 50.22386 50.17208 50.45992 50.36945 50.36945 50.37744 50.48393 50.57896
2013 4 50.64806 50.56619 50.56619 50.56619 50.39733 50.65597 50.84981 50.6354 50.58284 50.48975 50.82982 50.82982 50.65239 50.56317 50.68165 50.90894 50.82104 50.82104 50.76842 50.90488 51.02424
2013 5 51.09388 51.04314 51.04314 51.04314 50.90602 51.0954 51.0812 51.06544 51.12077 50.86833 51.09909 51.09909 51.14107 51.19722 51.20101 51.13677 51.13962 51.13962 51.13364 51.37364 51.45928
2013 6 51.53673 51.48228 51.48228 51.48228 51.33409 51.60721 51.61208 51.53857 51.56149 51.45464 51.49486 51.49486 51.39017 51.59263 51.6364 51.79717 51.40893 51.40893 51.40661 51.7911 51.82919
2013 7 51.93953 51.86249 51.86249 51.86249 51.72118 51.93205 51.92204 51.94304 51.93881 51.88432 51.96743 51.96743 51.90477 51.86239 52.10413 51.93867 52.05646 52.05646 52.25783 52.19246 52.28296
2013 8 52.40941 52.37451 52.37451 52.37451 52.17476 52.36814 52.39929 52.38631 52.35984 52.41215 52.31957 52.31957 NA 52.40268 52.38401 NA 52.48465 52.48465 52.51861 52.66281 52.68859
2013 9 52.83564 52.79621 52.79621 52.79621 52.61677 52.76104 52.82605 52.81871 52.80937 52.90652 52.72003 52.72003 52.95508 52.8294 52.88114 NA 52.90776 52.90776 52.95952 52.98611 53.0281
2013 10 53.1491 53.11406 53.11406 53.11406 53.08907 53.12494 53.11608 53.14214 53.18708 53.08014 53.2054 53.2054 53.48798 53.21 53.15321 NA 53.21746 53.21746 53.21558 53.3314 53.44778
2013 11 53.44949 53.41242 53.41242 53.41242 53.25911 53.44267 53.4762 53.48038 53.51573 53.29354 53.4948 53.4948 53.56942 53.53725 53.41086 53.58315 53.65274 53.65274 53.6525 53.66981 53.72365
2013 12 53.72426 53.66114 53.66114 53.66114 53.62601 53.71061 53.70143 53.73418 53.6724 53.73238 53.72105 53.72105 53.71765 53.80389 53.84798 NA 53.77729 53.77729 53.78093 53.93575 54.06433
2014 1 53.98552 53.96698 53.96698 53.96698 53.83121 53.98244 53.96363 54.01014 53.94882 53.99862 54.03942 54.03942 53.85922 54.28685 54.19509 NA 54.11198 54.11198 54.14351 54.27198 54.47909
2014 2 54.30179 54.21811 54.21811 54.21811 54.07734 54.28489 54.35131 54.33453 54.19276 54.25927 54.38754 54.38754 54.40958 54.52036 54.46517 NA 54.71568 54.71568 54.68148 54.62367 54.85941
2014 3 54.77402 54.73688 54.73688 54.73688 54.59474 54.73542 54.80161 54.77294 54.52225 54.69199 54.82509 54.82509 54.90717 54.96417 54.96419 54.93124 55.01097 55.01097 54.82232 55.29516 55.21408
2014 4 55.30417 55.24861 55.24861 55.24861 55.14442 55.41782 55.25847 55.28806 55.20674 55.27292 55.3454 55.3454 55.31811 55.64742 55.55084 55.62985 55.4933 55.4933 55.42808 55.68127 55.74097
2014 5 55.79612 55.72725 55.72725 55.72725 55.61711 55.76205 55.76727 55.77942 55.6511 55.89084 55.80886 55.80886 55.94534 56.1074 55.81612 56.10826 56.06121 56.06121 55.96128 55.99258 56.06755
2014 6 56.19929 56.17345 56.17345 56.17345 56.02844 56.13514 56.11994 56.20796 56.08918 56.21921 56.2812 56.2812 56.41362 56.18322 56.46113 56.27026 56.41781 56.41781 56.358 56.37267 56.46917
2014 7 56.61101 56.5482 56.5482 56.5482 56.36432 56.60612 56.63896 56.6364 56.63234 56.72684 56.58036 56.58036 NA 56.70769 56.7772 56.89024 56.83409 56.83409 NA 56.82841 56.94393
2014 8 57.06746 57.01897 57.01897 57.01897 56.8314 57.16895 57.10387 57.05125 56.93689 57.07349 57.09844 57.09844 57.22668 57.30551 57.14217 57.38716 57.01934 57.01934 56.97598 57.23632 57.48359
2014 9 57.4799 57.40586 57.40586 57.40586 57.32639 57.47471 57.482 57.44856 57.35582 57.47995 57.61723 57.61723 57.58458 57.49832 57.58064 57.63279 57.53248 57.53248 57.54461 57.67635 57.79137
2014 10 57.82459 57.80378 57.80378 57.80378 57.76462 57.81021 57.79987 57.8305 57.7849 57.86952 57.88032 57.88032 57.87537 57.82759 57.96017 58.02548 57.92074 57.92074 57.90709 58.0158 58.13927
2014 11 58.16904 58.15035 58.15035 58.15035 58.06552 58.13463 58.11965 58.15649 58.17172 58.22628 58.15503 58.15503 58.34201 58.20617 58.21595 58.09196 58.30725 58.30725 58.2613 58.33467 58.49394
2014 12 58.40084 58.3585 58.3585 58.3585 58.22218 58.34957 58.40644 58.39936 58.34972 58.36271 58.39868 58.39868 58.42471 58.47588 NA NA 58.59604 58.59604 58.61979 58.68567 58.71514
2015 1 58.65716 58.62057 58.62057 58.62057 58.53146 58.63529 58.65038 58.65168 58.64892 58.60901 58.6664 58.6664 58.51665 58.74583 58.61613 59.35263 58.65573 58.65573 58.65371 58.89596 59.04495
2015 2 58.98235 58.95215 58.95215 58.95215 58.81325 59.01119 58.99171 59.00473 58.91462 58.99612 59.07875 59.07875 59.08275 59.1617 59.11423 59.50637 59.40259 59.40259 59.39323 59.35135 59.31168
2015 3 59.45687 59.36373 59.36373 59.36373 NA 59.37948 59.4404 59.4769 59.38816 59.41778 59.50057 59.50057 59.77745 59.41488 59.86105 NA 59.56618 59.56618 59.56663 59.8989 59.88774
2015 4 59.95149 59.88689 59.88689 59.88689 59.66275 59.99594 59.91152 59.94089 59.89244 59.9031 59.96064 59.96064 60.02459 59.90665 60.10806 NA 60.22605 60.22605 60.22468 60.35351 60.35446
2015 5 60.41809 60.34338 60.34338 60.34338 60.14164 60.3947 60.35551 60.42211 60.44591 60.43506 60.49475 60.49475 60.47651 60.59959 60.69043 60.77904 60.52255 60.52255 60.55608 60.6464 60.86527
2015 6 60.83895 60.78884 60.78884 60.78884 60.64678 60.8209 60.85139 60.83992 60.89588 60.79376 60.81808 60.81808 60.98814 60.98031 61.09998 60.96474 61.00944 61.00944 61.00609 61.06604 61.17527
2015 7 61.27725 61.22191 61.22191 61.22191 NA 61.25713 61.25252 61.26135 61.26361 60.98123 61.40702 61.40702 NA 61.36058 61.35232 61.32226 61.36386 61.36386 61.29579 61.51273 61.61362
2015 8 61.74417 61.66886 61.66886 61.66886 61.48423 61.71052 61.70732 61.73445 61.70052 61.74306 61.85855 61.85855 NA 61.75232 61.91979 NA 61.73967 61.73967 61.80622 62.02196 62.10374
2015 9 62.15521 62.11769 62.11769 62.11769 61.99745 62.0792 62.11048 62.14007 62.17684 62.15899 62.14442 62.14442 NA 62.16356 62.26607 62.47541 62.28749 62.28749 62.29994 62.41881 62.51994
2015 10 62.54621 62.51178 62.51178 62.51178 62.39961 62.52495 62.48134 62.53889 62.54191 62.53738 62.52599 62.52599 62.54685 62.59846 62.56645 NA 62.45419 62.45419 62.45494 62.73978 62.89225
2015 11 62.85954 62.81688 62.81688 62.81688 62.62948 62.79551 62.84633 62.86096 62.73093 62.88367 62.82288 62.82288 62.86252 62.95747 62.88176 62.89786 63.03636 63.03636 63.03658 62.94152 63.08909
2015 12 63.12365 63.07283 63.07283 63.07283 62.9797 63.13364 63.11876 63.10933 63.04776 63.14435 63.10075 63.10075 63.24633 63.15986 63.18517 63.31662 63.22966 63.22966 63.22409 63.41078 63.44914
2016 1 63.35696 63.37873 63.37873 63.37873 NA 63.35525 63.42092 63.38164 63.33959 63.38889 63.41501 63.41501 63.34171 63.74637 63.4078 NA 63.50864 63.50864 63.50609 63.69189 63.7678
2016 2 63.69878 63.69655 63.69655 63.69655 NA 63.76182 63.738 63.72408 63.6258 63.60637 63.67368 63.67368 63.74147 64.01469 63.70887 64.24301 63.93106 63.93106 63.92196 64.00997 64.09706
2016 3 64.15835 64.11783 64.11783 64.11783 63.95191 64.23423 64.11742 64.14247 64.23691 64.16988 64.12659 64.12659 64.37167 64.40153 64.21502 NA 64.39474 64.39474 64.42778 64.50616 64.47244
2016 4 64.61453 64.55936 64.55936 64.55936 NA 64.63794 64.60842 64.58316 64.70957 64.53972 64.56611 64.56611 64.6356 65.10712 64.77452 NA 64.79471 64.79471 64.80661 64.94863 64.96479
2016 5 65.09371 65.07267 65.07267 65.07267 64.92114 65.07929 65.03155 65.09057 65.06965 65.11658 65.10894 65.10894 65.1536 65.08607 65.07054 65.47261 65.20124 65.20124 65.20063 65.34868 65.56931
2016 6 65.47458 65.42952 65.42952 65.42952 65.3032 65.49112 65.44303 65.47871 65.45882 65.47011 65.58167 65.58167 65.76658 65.55396 65.7725 65.83733 65.73931 65.73931 65.73931 65.72643 65.76531
2016 7 65.91561 65.86351 65.86351 65.86351 65.6945 65.9162 65.91073 65.91703 66.04417 65.92135 65.88067 65.88067 NA 66.03112 66.24041 66.06856 66.15714 66.15714 66.15884 66.1139 66.22805
2016 8 66.37564 66.32822 66.32822 66.32822 66.21883 66.33709 66.43581 66.37994 66.32195 66.38548 66.44909 66.44909 66.30096 66.35474 66.48021 66.30407 66.44253 66.44253 66.44297 66.53999 66.73562
2016 9 66.78492 66.72802 66.72802 66.72802 66.63144 66.78955 66.7678 66.76117 66.71215 66.77577 66.9499 66.9499 NA 66.75627 66.92765 67.0792 66.93763 66.93763 66.93719 66.98198 67.03531
2016 10 67.17951 67.14668 67.14668 67.14668 67.01103 67.22397 67.17869 67.19251 67.15562 NA 67.29762 67.29762 67.27189 67.41619 67.22136 67.40781 67.25736 67.25736 67.25745 67.3483 67.45016
2016 11 67.48764 67.45698 67.45698 67.45698 67.36199 67.51101 67.46644 67.48427 67.45957 67.52887 67.4741 67.4741 67.5432 67.53905 67.57381 67.79507 67.6109 67.6109 67.57392 67.64316 67.66421
2016 12 67.73336 67.71147 67.71147 67.71147 NA 67.68882 67.72299 67.71635 67.73476 67.67905 67.69619 67.69619 67.76631 67.80303 67.79798 67.97283 67.80889 67.80889 67.81093 67.9693 68.02824
2017 1 67.96329 67.93929 67.93929 67.93929 67.88784 67.94761 67.97844 67.97166 68.01005 67.96627 67.87711 67.87711 NA 68.16543 68.04233 68.18453 68.10276 68.10276 68.10741 68.2588 68.23379
2017 2 68.28862 68.26836 68.26836 68.26836 68.10406 NA 68.3065 68.29694 68.27698 68.26578 68.31712 68.31712 68.33579 68.14801 68.68342 68.81075 68.47173 68.47173 68.40857 68.62298 68.6855
2017 3 68.70991 68.66389 68.66389 68.66389 NA NA 68.71322 68.70354 68.60659 68.74769 68.72065 68.72065 69.00521 NA 68.82315 69.247 68.95088 68.95088 68.96265 69.05528 69.1802
2017 4 69.20051 69.15291 69.15291 69.15291 NA NA 69.30015 69.18741 69.15437 69.17954 69.35766 69.35766 69.2522 NA 69.38531 69.35871 69.4073 69.4073 69.43349 69.71601 69.69144
2017 5 69.72645 69.64881 69.64881 69.64881 69.42865 NA 69.84862 69.74131 69.66344 69.74109 69.67936 69.67936 69.85524 69.88862 69.72619 69.92894 69.92383 69.92383 69.85152 69.97436 70.17436
2017 6 70.15154 70.08893 70.08893 70.08893 70.03086 NA 70.11253 70.14142 70.15574 70.13423 70.14224 70.14224 NA 70.2803 70.24324 70.35974 70.37137 70.37137 70.34643 70.37585 70.4484
2017 7 70.58735 70.45959 70.45959 70.45959 70.32829 NA 70.56894 70.59882 70.53273 70.45069 70.44921 70.44921 70.65856 70.6979 70.80592 70.78299 70.77013 70.77013 70.69813 70.88056 70.98229
2017 8 71.08364 71.05296 71.05296 71.05296 70.94025 NA 71.13799 71.08793 71.09802 71.04676 71.0412 71.0412 NA 71.1033 71.18914 71.25646 71.34187 71.34187 71.2166 71.35733 71.34871
2017 9 71.49175 71.44442 71.44442 71.44442 71.26956 NA 71.61273 71.49083 71.47393 71.50815 71.45054 71.45054 NA 71.64183 71.59122 71.73554 71.69485 71.69485 71.64094 71.7087 71.81452
2017 10 71.93619 71.88741 71.88741 71.88741 71.78379 NA 71.96203 71.91398 71.98838 71.84557 71.92336 71.92336 NA 71.8629 72.12467 72.01222 72.22313 72.22313 72.01849 72.09648 72.15416
2017 11 72.24949 72.21872 72.21872 72.21872 72.11606 NA 72.3187 72.26567 72.30218 72.24054 72.22281 72.22281 NA 72.42575 72.39245 72.47007 72.60034 72.60034 72.2417 72.4705 72.49409
2017 12 72.50576 72.47422 72.47422 72.47422 72.39469 72.58287 72.53693 72.49959 72.53777 72.49113 72.53986 72.53986 NA 72.56223 72.59947 72.70432 72.68348 72.68348 72.60177 72.74049 72.79071
2018 1 NA NA NA NA NA NA NA NA NA NA NA NA NA NA NA NA NA NA NA NA NA
2018 2 NA NA NA NA NA NA NA NA NA NA NA NA NA NA NA NA NA NA NA NA NA
2018 3 NA NA NA NA NA NA NA NA NA NA NA NA NA NA NA NA NA NA NA NA NA
2018 4 NA NA NA NA NA NA NA NA NA NA NA NA NA NA NA NA NA NA NA NA NA
2018 5 NA NA NA NA NA NA NA NA NA NA NA NA NA NA NA NA NA NA NA NA NA
2018 6 NA NA NA NA NA NA NA NA NA NA NA NA NA NA NA NA NA NA NA NA NA
2018 7 NA NA NA NA NA NA NA NA NA NA NA NA NA NA NA NA NA NA NA NA NA
2018 8 NA NA NA NA NA NA NA NA NA NA NA NA NA NA NA NA NA NA NA NA NA
2018 9 NA NA NA NA NA NA NA NA NA NA NA NA NA NA NA NA NA NA NA NA NA
2018 10 NA NA NA NA NA NA NA NA NA NA NA NA NA NA NA NA NA NA NA NA NA
2018 11 NA NA NA NA NA NA NA NA NA NA NA NA NA NA NA NA NA NA NA NA NA
2018 12 NA NA NA NA NA NA NA NA NA NA NA NA NA NA NA NA NA NA NA NA NA
2019 1 NA NA NA NA NA NA NA NA NA NA NA NA NA NA NA NA NA NA NA NA NA
2019 2 NA NA NA NA NA NA NA NA NA NA NA NA NA NA NA NA NA NA NA NA NA
2019 3 NA NA NA NA NA NA NA NA NA NA NA NA NA NA NA NA NA NA NA NA NA
2019 4 NA NA NA NA NA NA NA NA NA NA NA NA NA NA NA NA NA NA NA NA NA
2019 5 NA NA NA NA NA NA NA NA NA NA NA NA NA NA NA NA NA NA NA NA NA
2019 6 NA NA NA NA NA NA NA NA NA NA NA NA NA NA NA NA NA NA NA NA NA
2019 7 NA NA NA NA NA NA NA NA NA NA NA NA NA NA NA NA NA NA NA NA NA
2019 8 NA NA NA NA NA NA NA NA NA NA NA NA NA NA NA NA NA NA NA NA NA
2019 9 NA NA NA NA NA NA NA NA NA NA NA NA NA NA NA NA NA NA NA NA NA
2019 10 NA NA NA NA NA NA NA NA NA NA NA NA NA NA NA NA NA NA NA NA NA
2019 11 NA NA NA NA NA NA NA NA NA NA NA NA NA NA NA NA NA NA NA NA NA
2019 12 NA NA NA NA NA NA NA NA NA NA NA NA NA NA NA NA NA NA NA NA NA
2020 1 NA NA NA NA NA NA NA NA NA NA NA NA NA NA NA NA NA NA NA NA NA
2020 2 NA NA NA NA NA NA NA NA NA NA NA NA NA NA NA NA NA NA NA NA NA
2020 3 NA NA NA NA NA NA NA NA NA NA NA NA NA NA NA NA NA NA NA NA NA
2020 4 NA NA NA NA NA NA NA NA NA NA NA NA NA NA NA NA NA NA NA NA NA
2020 5 NA NA NA NA NA NA NA NA NA NA NA NA NA NA NA NA NA NA NA NA NA
2020 6 NA NA NA NA NA NA NA NA NA NA NA NA NA NA NA NA NA NA NA NA NA
2020 7 NA NA NA NA NA NA NA NA NA NA NA NA NA NA NA NA NA NA NA NA NA
2020 8 NA NA NA NA NA NA NA NA NA NA NA NA NA NA NA NA NA NA NA NA NA
2020 9 NA NA NA NA NA NA NA NA NA NA NA NA NA NA NA NA NA NA NA NA NA
2020 10 NA NA NA NA NA NA NA NA NA NA NA NA NA NA NA NA NA NA NA NA NA
2020 11 NA NA NA NA NA NA NA NA NA NA NA NA NA NA NA NA NA NA NA NA NA
2020 12 NA NA NA NA NA NA NA NA NA NA NA NA NA NA NA NA NA NA NA NA NA
