year month SPO_NOAA_insitu SPO_NOAA_flask SPO_SIO_O2_flask SPO_SIO_CDK_flask SPO_CSIRO_flask HBA_NOAA_flask SYO_NOAA_flask SYO_TU_insitu MAA_CSIRO_flask CYA_CSIRO_flask PSA_NOAA_flask PSA_SIO_O2_flask DRP_NOAA_flask MQA_CSIRO_flask CRZ_NOAA_flask BHD_NIWA_insitu CGO_NOAA_flask CGO_SIO_O2_flask CGO_CSIRO_flask AMS_LSCE_insitu CPT_SAWS_insitu
1998 1 362.3701 362.44 362.472 362.4496 362.4567 362.066 NA 362.3704 362.212 362.0237 361.717 362.5256 NA 361.7765 361.7433 NA 362.4865 362.5632 362.4787 362.5314 362.3044
1998 2 362.2511 362.2667 362.2285 362.225 362.2012 361.9573 NA 362.1975 362.2115 361.9072 361.9331 361.987 NA 362.2709 361.7984 362.7038 362.2882 362.2266 362.2243 362.7825 362.7374
1998 3 362.24 362.0832 362.0738 362.081 362.1434 362.0766 NA 362.268 362.2617 362.243 362.2387 362.081 NA 362.1396 362.2345 363.0642 362.6535 362.8777 362.586 362.62 362.9385
1998 4 362.5287 362.5016 362.4622 362.4621 362.3603 362.4535 NA 362.6023 362.8043 362.5641 362.3437 362.8032 NA 362.4794 362.7571 363.3131 362.8383 362.9734 362.7888 362.8497 363.5017
1998 5 363.0036 362.9313 362.8743 362.8773 362.7995 363.0454 NA 363.027 363.1337 363.2628 363.2998 362.9997 NA 363.2446 363.0464 NA 363.5423 362.9908 363.5668 363.0962 363.8947
1998 6 363.5838 363.4336 363.5227 363.5259 363.2671 363.5949 NA 363.627 363.8857 363.6922 363.73 363.5866 NA 363.7336 363.5852 363.9829 363.6384 363.5846 363.6774 363.5752 364.3249
1998 7 364.0873 364.12 363.8946 363.8934 363.7465 364.1752 NA 364.2284 364.4932 364.0456 364.2764 364.2413 NA 364.1133 364.2208 364.4626 364.3551 364.4039 364.2531 364.3757 364.3487
1998 8 364.6389 364.6364 364.5918 364.5779 364.489 364.6896 NA 364.746 364.8283 364.7089 364.7721 364.7746 NA 364.5215 364.6836 364.9598 365.0353 365.1262 365.0396 364.7358 364.6364
1998 9 364.9116 364.8774 364.8616 364.8634 364.8633 364.9103 NA 364.947 364.9923 365.0335 365.035 365.0011 NA 365.0217 365.0188 365.0194 365.0381 365.0723 365.0283 364.8977 364.5399
1998 10 365.0501 365.0744 365.092 365.0768 NA 365.0741 NA 365.0292 365.1081 365.094 365.2209 365.3021 NA 364.9366 365.0247 NA 365.0151 364.9258 365.0304 365.0131 364.5485
1998 11 365.0769 365.0449 365.0724 365.0729 365.0661 365.0589 NA 365.0056 365.0392 364.9667 364.8205 364.896 NA 364.8844 364.6538 364.7853 365.1362 365.2449 365.1812 365.032 364.7083
1998 12 364.9888 364.9786 364.969 364.9689 NA 364.7962 NA 364.9444 364.7885 364.6635 364.7165 364.8271 NA 364.6415 364.7739 364.6108 364.8105 364.7594 364.8038 365.3371 364.7523
1999 1 364.9094 364.8189 364.9075 364.9058 364.8966 364.5426 364.6843 364.813 364.7688 364.7068 364.932 364.7052 NA 364.5593 364.3273 365.2447 365.1398 365.3217 365.0098 365.2019 364.8319
1999 2 364.6973 364.7454 364.3878 364.7299 364.8066 364.6134 364.5972 364.7636 364.7157 364.7584 365.0627 364.9813 NA 364.6257 NA 364.7812 364.9152 364.8917 364.8931 365.0963 364.884
1999 3 364.8338 364.8061 364.7948 364.8269 364.8273 364.8117 364.8187 364.815 364.8946 364.8604 365.0076 364.988 NA 364.8171 364.7896 364.965 364.9501 364.9814 364.9339 365.0659 365.1435
1999 4 365.0224 365.0061 364.9836 364.9905 364.9762 365.027 364.9737 365.0476 365.1615 NA 365.2471 365.2251 NA 364.945 NA 365.0667 365.1045 365.1063 365.0997 364.9557 365.4396
1999 5 365.2151 365.2213 365.1614 365.1622 365.1009 365.2212 365.2087 365.2429 365.5117 365.3373 365.4312 365.4304 NA 365.4346 365.2094 365.1611 365.1294 365.2345 365.1253 365.1053 365.8603
1999 6 365.4572 365.4251 365.387 NA NA 365.4513 365.5291 365.5172 365.5008 365.5478 365.485 365.4742 NA 365.3576 365.6271 365.7603 365.4414 365.4672 365.4814 365.3939 365.9557
1999 7 365.7168 365.6912 365.6148 365.6149 365.5693 365.7666 365.709 365.7938 365.8845 365.7865 365.8452 365.8175 NA 365.7636 NA 365.9008 365.9597 NA 365.8521 365.7534 366.1865
1999 8 366.1632 366.1141 366.049 366.0483 365.9678 366.1603 366.1684 366.1716 366.2542 366.2322 366.1404 366.1757 NA 366.2128 NA 366.4506 366.329 366.3205 366.2835 366.1779 366.0573
1999 9 366.4643 366.4658 366.4683 366.4692 366.4846 366.4628 366.4188 366.4363 366.4684 366.4765 366.5894 366.4316 NA 366.4707 NA 366.3658 366.5956 366.711 366.655 366.35 365.8498
1999 10 366.693 366.7096 366.6677 366.6677 366.5744 366.6455 366.6248 366.6179 366.6284 366.6671 366.6918 366.4284 NA 366.6923 NA NA 366.6439 366.6919 366.6551 366.4846 366.0132
1999 11 366.5922 366.6118 366.5869 366.5679 366.5299 366.6043 366.504 366.5694 366.5424 366.3212 366.2906 366.1479 NA 366.5003 NA 366.3729 366.5528 366.551 366.5323 366.6041 366.334
1999 12 366.4356 366.4185 366.4072 366.5675 366.5709 366.2684 366.2581 366.3791 366.086 366.0383 366.0775 366.1604 NA 366.272 366.0694 366.2506 366.6122 366.6103 366.5506 366.6652 366.5954
2000 1 366.2143 366.2368 366.2885 366.2806 366.3214 365.927 366.2629 366.1808 NA 366.1902 366.0085 365.9563 NA 366.1942 NA 366.1648 366.5849 367.1288 366.7186 366.6601 366.4372
2000 2 366.1551 366.1175 366.1131 366.1126 366.1143 365.7497 366.2568 366.2001 366.0063 366.2552 365.997 366.1122 NA 366.0359 365.8748 366.5979 366.2689 366.3186 366.276 366.3462 366.3756
2000 3 366.1387 366.1984 366.2175 NA 366.2609 366.08 366.1919 366.183 366.1686 366.1179 366.0509 365.9483 NA 366.0938 366.0164 365.9807 366.1208 366.1425 366.1421 366.2941 366.3149
2000 4 366.2337 366.2547 366.2396 366.242 366.2111 366.2029 366.2429 366.2459 366.2683 366.2349 366.5291 366.3909 NA 366.2439 366.1785 366.1526 366.1681 366.1262 366.1705 366.2637 366.0596
2000 5 366.3712 366.3691 366.3105 366.3104 366.273 366.3256 366.4082 366.3971 366.3486 NA 366.4784 366.5995 NA 366.4344 366.4433 366.7422 366.3647 366.3431 366.336 366.2015 366.4245
2000 6 366.6926 366.6651 366.63 366.6299 366.5692 366.7428 366.8289 366.7237 366.7698 NA 366.7798 366.8473 NA 366.905 367.2165 367.4189 366.7509 366.7286 366.8702 366.8185 367.2757
2000 7 367.206 367.249 367.1834 367.1848 367.0228 367.1738 367.2833 367.1848 367.2585 NA 367.2093 367.2712 NA 367.2356 367.3107 367.1033 367.2578 367.2572 367.2498 367.1143 367.2606
2000 8 367.4617 367.4122 367.3706 367.3699 367.3406 367.4323 367.4723 367.4809 367.4755 NA 367.7985 368.01 NA 367.4312 367.6095 367.6066 367.5611 367.4936 367.4924 367.416 367.236
2000 9 367.672 367.6749 367.5891 367.589 367.5311 367.7139 367.7194 367.6999 367.7663 NA 367.7483 367.713 NA 367.8082 367.9929 367.5835 367.5884 367.6449 367.6007 367.4918 367.1343
2000 10 367.8243 367.8085 367.7504 367.7444 NA 367.8377 367.6475 367.808 367.8195 NA 368.1648 368.0981 NA 367.9028 367.6459 367.5339 367.7487 367.6996 367.7439 367.7081 367.3975
2000 11 367.8419 367.851 367.9037 367.9033 367.9331 367.8407 367.8632 367.843 367.8176 NA 367.8652 367.9567 NA 367.7036 367.5362 367.6224 367.5775 367.5376 367.6823 367.7387 367.3765
2000 12 367.8208 367.8278 367.7852 367.7933 367.7831 367.7401 367.7783 367.8101 367.8053 NA 367.6964 367.8306 NA 367.419 367.4255 367.1905 367.6343 367.6196 367.6372 367.5854 367.5221
2001 1 367.7025 367.7607 367.7628 367.7625 367.7996 367.494 367.5708 367.6767 367.718 NA 367.5108 367.5187 NA 367.4705 367.3171 NA 367.6184 367.6383 367.6642 367.6842 367.4342
2001 2 367.4739 NA 367.5505 367.5509 367.61 367.3123 367.4615 367.5064 367.4302 NA 367.2755 367.4765 NA 367.3326 367.2452 NA 367.5368 367.5666 367.5664 367.7077 367.4655
2001 3 367.4083 NA 367.391 367.4096 367.4277 367.3014 367.3745 367.3992 367.4933 NA 367.5882 367.704 NA 367.3866 367.3719 367.4422 367.522 367.5795 367.5389 367.814 368.0331
2001 4 367.6427 NA 367.5673 367.5776 367.478 367.5772 367.5474 367.6173 367.682 NA 367.8571 NA NA 367.611 367.555 367.8092 367.6977 367.8017 367.7251 367.6245 368.161
2001 5 367.8719 NA 367.8632 367.8107 367.7585 367.7879 368.0287 367.9163 368.0258 NA 368.0624 NA NA 367.9103 367.9587 368.0775 368.0703 368.0791 368.0265 367.8401 368.1441
2001 6 368.1961 NA 368.1124 368.1115 368.0159 368.1903 368.1743 368.2859 368.3331 NA 368.3155 NA NA 368.4709 368.3893 368.505 368.3526 368.1683 368.3229 368.0926 368.6651
2001 7 368.6828 368.7828 368.5087 368.5094 368.2989 368.5664 368.5962 368.6886 368.7419 NA 368.8334 NA NA 369.1495 368.7543 369.128 368.9378 368.9489 368.9263 368.7395 368.687
2001 8 369.2079 369.1916 369.0657 369.0656 368.8977 369.2434 369.1431 369.2102 369.3298 NA 369.4979 NA NA 369.2033 369.4545 369.3196 369.0992 369.1981 369.1711 369.1276 369.0818
2001 9 369.5248 369.4699 369.5285 369.4255 369.3285 369.5738 369.518 369.5446 369.6662 NA 369.5783 NA NA 369.6945 369.6421 369.5753 369.5832 369.6147 369.5784 369.4339 369.0776
2001 10 369.874 369.8308 369.8149 369.8108 369.8131 369.9943 369.8415 369.7997 369.8515 NA 370.0431 370.2174 NA 369.7492 369.9332 369.4222 369.6261 369.591 369.6273 369.6253 369.087
2001 11 369.8378 369.8295 369.8495 369.7944 369.802 369.9145 369.8043 369.8062 369.7732 NA 369.9679 369.9832 NA 369.7606 NA 369.5742 369.4874 369.4865 369.4397 369.7289 369.1323
2001 12 369.6933 369.672 369.7169 369.6813 NA 369.5612 369.5562 369.5972 369.4149 NA 369.5892 369.7728 NA 369.6023 NA 369.5739 369.589 369.602 369.5871 369.7631 369.3891
2002 1 369.4844 369.4897 369.5652 369.5624 NA 369.3418 369.4886 369.4679 369.5709 369.341 369.1566 369.1147 NA 369.321 NA 369.3925 369.4663 NA 369.466 369.7839 369.5253
2002 2 369.2411 369.2702 369.2485 369.2402 NA 368.8071 369.2082 369.2918 369.3635 369.2386 369.356 369.0844 NA 369.1812 NA 369.5192 369.4343 369.5859 369.4875 369.7556 369.5085
2002 3 369.3799 369.3037 369.2102 369.2099 369.369 369.186 369.4358 369.4257 369.4155 369.245 369.2691 369.3426 NA 369.4531 NA 369.8127 369.4756 369.4635 369.4871 369.5911 369.8347
2002 4 369.7168 369.729 369.6938 369.693 369.6496 369.6497 369.7319 369.6562 369.7115 NA 369.6735 370.1045 NA 369.7791 369.787 369.8573 369.7093 369.7139 369.7083 369.6347 370.1679
2002 5 370.0324 369.9868 369.9089 369.9088 369.9657 369.9906 369.9687 370.0694 NA NA 369.9551 369.9199 NA 370.0095 NA 370.2366 370.1192 370.1949 370.0676 369.8692 370.709
2002 6 370.4736 370.4996 370.5017 370.5012 370.3481 370.5681 370.4291 370.5696 NA 370.547 370.3651 370.6668 NA 370.6129 370.7577 370.4732 370.5166 370.5832 370.4577 370.3357 370.7756
2002 7 370.9751 370.9363 370.8621 370.8643 370.8051 370.9735 370.9597 371.0186 NA 371.103 371.1722 371.0759 NA 371.1182 371.0906 371.1977 371.2703 371.3064 371.0354 371.0081 371.1123
2002 8 371.4734 371.4344 371.3846 371.386 371.3373 371.5329 371.4933 371.4621 NA 371.3861 371.7333 371.6239 NA 371.6081 371.4819 371.7561 371.4405 371.3162 371.4413 371.4752 371.5311
2002 9 371.801 371.8025 371.7453 371.7454 371.6363 371.7366 371.7305 371.8097 NA 371.8625 371.7672 372.0116 NA 371.8953 371.8405 371.9332 371.7783 371.7099 371.7821 371.8362 371.1985
2002 10 371.9571 371.9453 371.9435 371.9433 371.9228 371.9446 371.9335 371.9624 NA 371.9939 372.0117 372.037 NA 371.7772 371.7392 371.8996 371.9655 371.7817 371.9022 371.8673 371.6374
2002 11 371.9629 371.9597 372.0056 371.9654 372.0103 371.9505 371.9517 371.9689 371.9568 371.9504 371.8904 371.9613 NA 371.5557 371.7142 371.5345 371.9021 371.8502 371.9386 371.9397 371.5942
2002 12 371.7737 371.844 371.917 371.8475 371.9165 371.7985 371.8642 371.8793 371.6278 371.798 371.7383 371.695 NA 371.5257 NA 371.4439 371.6863 371.6644 371.6949 372.0687 371.8801
2003 1 371.848 371.8069 371.7452 371.7437 371.6939 371.6424 371.9722 371.897 371.6365 371.6205 371.6914 371.6573 NA 371.196 371.6783 371.8473 371.8195 371.955 371.8655 371.9666 372.1158
2003 2 371.6802 371.6928 371.7896 371.7453 NA 371.3237 371.6426 371.6804 371.5063 371.7544 371.8015 371.7469 NA 371.4545 371.2992 371.571 371.9557 371.7669 371.955 372.1303 372.3887
2003 3 371.7787 371.7765 371.7067 371.7019 371.7249 371.6694 371.6887 371.7604 371.837 371.8186 372.0912 372.0174 NA 371.4144 NA 371.9978 372.087 372.0235 372.1019 372.0137 372.553
2003 4 371.9793 371.8647 371.8678 371.8668 371.796 371.9624 371.901 371.9777 372.0828 372.0744 372.2236 372.5035 NA 372.0242 NA 372.1688 372.1722 372.2677 372.1904 372.1475 373.046
2003 5 372.3747 372.3707 372.2746 372.2733 NA 372.3496 372.403 372.3677 372.3207 372.4536 372.634 372.6371 NA 372.2702 NA 372.8657 372.6167 372.4848 372.5732 372.3479 373.2094
2003 6 372.7702 372.782 372.6618 372.6615 372.5515 372.883 372.9251 372.8628 372.9467 372.7719 373.0237 372.8911 NA 372.9079 NA 372.8559 372.8522 372.8919 372.8662 372.6214 373.5095
2003 7 373.2311 373.2123 373.1461 373.1462 372.9783 373.2281 373.1144 373.2907 373.128 373.5306 373.5042 373.5111 NA 373.4302 373.2521 373.3514 373.4561 373.4944 373.4662 373.3133 373.6174
2003 8 373.726 373.658 373.5405 373.5396 373.4258 373.7796 373.6786 373.7756 373.7195 373.7751 374.0234 373.9557 NA 373.8328 373.8488 373.6851 373.8866 373.8929 373.8759 373.6393 373.4908
2003 9 373.9468 373.9517 373.9508 373.9516 373.8896 373.9538 373.9735 373.9748 374.0163 374.0307 374.1527 374.0773 NA 374.0775 373.9716 373.8296 373.9603 373.9155 373.9431 373.8391 373.3819
2003 10 374.0241 374.0254 373.9974 373.9974 373.999 374.0432 374.005 374.0085 374.0078 374.0244 374.0772 374.1805 NA 373.8695 373.9638 373.7555 373.8886 373.8899 373.8943 373.9324 373.4916
2003 11 374.0155 374.0133 374.0355 374.0347 374.0129 374.0138 374.0354 373.9859 NA 373.9889 373.9576 373.8907 NA 373.7037 373.8619 373.9043 374.0126 374.0146 374.0716 374.1198 373.7434
2003 12 373.9547 373.93 373.8656 373.9795 373.9387 373.8523 373.9685 373.919 373.8742 373.835 373.7067 373.8473 NA 373.403 373.4803 373.5104 373.7297 373.5438 373.9248 374.2174 373.818
2004 1 373.8178 373.7939 373.8972 373.9688 373.9379 373.5327 373.7478 373.9507 373.1924 373.5274 373.3547 373.4728 NA 373.5825 372.9782 373.5976 373.6227 373.7031 373.5589 374.1262 373.9774
2004 2 373.5123 373.4632 373.5829 373.5821 NA 373.217 373.3806 373.5387 373.3795 373.5301 373.6725 373.8818 NA 373.8088 373.1747 373.7505 373.8505 373.7011 373.8835 373.9808 374.1929
2004 3 373.7028 373.7209 373.74 373.7415 373.8408 373.5805 373.8217 373.7498 373.7583 373.6206 373.5498 373.9396 NA 373.5449 373.8036 373.9056 373.9254 373.8463 373.8626 373.9555 374.3015
2004 4 374.0372 373.975 373.8989 373.8984 373.7939 373.8671 374.0614 374.0083 374.1351 374.0249 374.1294 374.3017 NA 374.0704 374.0386 374.2323 374.1086 374.1089 374.1904 374.1829 374.2041
2004 5 374.3284 374.3369 374.258 374.2577 374.1654 374.3571 374.293 374.3641 374.3811 374.2642 374.3603 374.3608 NA 374.8342 374.5589 374.6112 374.5225 374.5179 374.5715 374.2742 374.4977
2004 6 374.7271 374.7915 374.6398 374.6252 374.527 374.7735 374.7712 374.7464 374.7796 374.89 374.8414 374.807 NA 374.7938 374.9613 374.9644 374.8087 374.7623 374.7777 374.5708 375.3269
2004 7 375.118 375.0892 374.9881 374.9886 374.8715 375.1988 375.0454 375.1883 375.1967 375.3284 375.3311 375.3283 NA 375.1894 375.3292 375.5162 375.3336 375.4067 375.3249 375.0992 375.2294
2004 8 375.5676 375.4645 375.4896 375.4618 375.3818 375.6189 375.5952 375.5813 375.6792 375.6103 376.0349 375.7513 NA 375.5627 375.592 375.6678 375.5818 375.6126 375.5248 375.5645 375.2372
2004 9 375.7668 375.7957 375.7071 375.7269 NA 375.7739 375.7564 375.7532 375.8057 375.9413 375.9016 375.9679 NA 375.793 375.6842 375.7568 375.7103 375.5663 375.732 375.5527 375.008
2004 10 375.7846 375.7971 375.8181 375.8201 375.8774 375.8314 375.7848 375.7644 375.825 375.8522 375.8188 375.754 NA 375.8284 375.613 375.7001 375.7536 375.7553 375.7118 375.6538 375.185
2004 11 375.7913 375.8212 375.8082 375.8073 375.8872 375.7428 375.8074 375.7224 375.6232 375.8055 375.6045 375.577 NA 375.814 375.5372 375.5196 375.8451 375.6838 375.5866 375.7444 375.6768
2004 12 375.5956 375.619 375.6098 375.5733 375.6436 375.5048 375.6954 375.5545 375.5782 375.558 375.428 375.19 NA 375.0796 375.0046 375.1367 375.5934 375.3187 375.5127 375.5798 375.723
2005 1 375.5421 375.5026 375.4568 375.6259 375.6248 374.7753 375.3805 375.4311 375.0145 374.9221 375.1379 375.1337 NA 375.1618 374.8916 NA 375.6264 375.5874 375.6242 375.8062 375.6858
2005 2 375.1975 375.0925 375.0989 375.2542 374.7867 374.9218 375.0653 375.0418 374.8487 375.0654 375.1474 375.4132 NA 375.3122 375.1524 NA 375.3922 375.2733 375.4576 375.4888 375.6183
2005 3 375.3826 375.384 375.306 375.3374 375.4218 375.0108 375.4157 375.3298 375.1768 375.3033 375.3081 375.3444 NA 375.3673 375.4303 375.5251 375.657 375.67 375.633 375.7636 376.2746
2005 4 375.6768 375.6526 375.6059 375.6041 375.5135 375.631 375.7393 375.6982 375.6605 375.6738 375.8404 375.7252 NA NA 375.7423 NA 375.8944 375.797 376.0092 375.8139 376.4329
2005 5 376.1044 376.0665 375.9908 375.9818 375.8845 376.0375 376.0843 376.1357 376.3415 376.1357 376.3464 376.4371 NA 375.9977 376.1825 NA 376.5412 376.5455 376.5221 375.9866 377.008
2005 6 376.5747 376.5557 376.5747 376.5742 376.6076 376.5996 376.4664 376.6247 376.6791 376.716 376.7887 376.9047 NA 376.9413 376.8847 NA 376.9854 377.1992 376.9254 376.6174 377.2557
2005 7 377.1483 377.1736 377.1138 NA NA 377.1258 377.3182 377.1788 377.2089 377.4006 377.3227 377.299 NA 377.4877 377.4773 NA 377.3247 377.3773 377.4111 377.0835 377.7902
2005 8 377.6106 377.5931 377.5097 NA 377.4298 377.6127 377.7731 377.5912 377.6857 377.6384 377.6131 377.7198 NA 377.8027 377.6685 377.7052 377.6278 377.7374 377.4801 377.5239 377.4283
2005 9 377.9115 377.9223 377.8934 377.892 377.9033 377.9003 377.9277 377.9159 377.9846 377.9372 377.8756 377.6644 NA 377.9664 377.8309 NA 377.8955 377.8957 377.9484 377.7424 377.3663
2005 10 377.9587 377.9426 377.9374 377.939 377.97 378.0161 377.9593 377.9379 377.9719 377.9555 378.0123 377.8195 NA 378.1047 377.6675 NA 377.9605 377.9166 377.9074 377.7651 377.3677
2005 11 377.9926 377.989 377.9794 377.9789 NA 377.9414 377.9173 377.9463 377.9518 377.9834 377.9658 377.6435 NA 378.0289 377.6549 NA 377.926 377.9322 377.9331 378.0009 377.8619
2005 12 378.0681 378.0336 378.0433 378.0143 378.0124 377.7112 378.0755 378.0092 377.8662 378.0151 377.5028 377.6092 NA 377.9811 377.5165 NA 378.0884 378.0573 378.0836 378.3701 377.9592
2006 1 377.9299 377.9996 377.9444 378.1443 378.1124 377.0837 378.0193 377.8478 377.7706 377.7238 377.3612 377.1535 NA 377.4744 377.3686 378.5016 378.16 378.1765 378.1145 378.195 378.112
2006 2 377.6038 377.5739 377.5316 377.5306 377.5202 377.1658 377.4061 377.5441 377.3655 377.489 377.1664 377.2318 NA 377.4077 377.6785 NA 377.8203 377.8134 377.7866 378.2924 378.2813
2006 3 377.6268 377.6662 377.6719 377.699 377.6589 377.032 377.5998 377.6107 377.6442 377.6691 377.6742 377.749 377.6675 NA 377.6143 377.9551 377.8319 377.8126 377.8516 378.0318 378.201
2006 4 377.8567 377.811 377.8051 NA 377.7223 377.6549 377.8474 377.8706 377.8673 377.7521 377.8166 378.1031 377.7351 377.9443 377.8286 378.1355 377.914 377.9017 377.9243 377.9458 378.4126
2006 5 378.1855 378.1236 378.0864 378.0735 378.0296 378.1664 378.2337 378.2212 378.0992 378.1926 378.2378 378.2372 378.3693 377.9604 378.3227 378.2412 378.0696 378.1682 377.9223 378.1579 378.924
2006 6 378.5696 378.5378 378.5187 378.5098 378.4794 378.6 378.5756 378.5975 NA 378.6261 378.6192 378.6236 378.71 378.6275 378.8323 378.7265 378.4684 378.5048 378.4642 378.5397 379.0263
2006 7 378.9755 378.9541 378.8491 378.8522 378.7232 379.0042 379.1403 379.0888 379.2816 379.2746 379.1277 379.1643 NA 378.8838 379.1012 379.0698 379.0105 379.0876 378.8839 378.9593 379.0371
2006 8 379.2704 379.2484 379.2564 379.2407 NA 379.3525 379.2643 379.2979 379.3407 379.3569 379.4339 379.4228 379.3432 379.3498 379.33 379.3368 379.1422 378.9879 378.9691 379.1611 379.0712
2006 9 379.5375 379.5232 379.4713 379.4668 NA 379.5596 379.4159 379.5437 379.632 379.6264 379.6318 379.521 379.494 379.6434 379.5572 379.4664 379.5589 379.5031 379.5824 379.3857 379.1341
2006 10 379.6262 379.6408 379.6204 379.617 379.5886 379.6102 379.6108 379.606 379.6013 379.5656 379.678 379.5046 379.6984 379.5079 379.4574 379.3624 379.5426 379.5302 379.5322 379.4819 379.1398
2006 11 379.5963 379.5999 379.6178 379.6165 379.6027 379.6188 379.5776 379.5682 379.6421 379.5226 379.5991 379.712 379.6281 379.3921 379.4929 378.9198 379.5665 379.4654 379.487 379.6287 379.2316
2006 12 379.5445 379.5674 379.5704 NA 379.5425 379.5336 379.5133 379.53 379.4767 379.4266 379.451 379.4876 379.4187 379.2842 379.3627 379.1603 379.6151 379.6397 379.5295 379.7773 379.3992
2007 1 379.3853 379.3223 379.2979 379.2956 379.3368 379.1196 379.3549 379.3439 379.3126 378.999 379.1203 379.0206 379.1512 379.0203 379.1016 379.09 379.4906 379.2995 379.3721 379.7554 379.5988
2007 2 379.1541 379.1519 379.2293 379.2293 379.4416 378.848 379.1454 379.1999 378.9314 378.9007 378.8754 379.0336 378.8589 379.2215 379.3304 379.4646 379.5861 379.5858 379.5843 379.5719 379.96
2007 3 379.3256 379.2653 379.321 379.1596 378.9986 379.303 379.2514 379.2947 379.1843 379.1043 379.2594 379.4616 379.5543 379.532 379.5312 379.6602 379.6215 379.891 379.6218 379.6146 380.1941
2007 4 379.6243 379.6046 379.5746 379.5769 379.5393 379.6195 379.6541 379.7337 379.6187 379.6107 379.6269 379.6822 379.6314 379.8496 379.8761 380.1171 NA NA NA 379.7046 380.7151
2007 5 380.0128 379.9493 379.8762 379.8759 379.7914 379.9877 380.0298 380.0559 380.1158 380.0538 380.1375 380.1013 380.0344 380.3684 380.2625 380.6736 380.3192 380.3322 380.288 379.9382 381.1891
2007 6 380.4386 380.4034 380.3122 380.3123 380.2332 380.7162 380.6178 380.5463 380.6166 380.2218 380.5377 380.6066 380.4495 380.5824 380.8589 380.8467 380.7018 380.5606 380.6365 380.4745 380.9581
2007 7 380.8724 380.8187 380.7769 380.7777 380.6483 380.8987 380.9152 380.9991 381.0067 381.1114 380.8469 380.8128 NA 381.0928 381.3178 381.1076 381.0639 380.9056 381.0047 381.0896 381.0551
2007 8 381.318 381.2749 381.2798 381.2684 381.2128 381.376 381.3793 381.3655 381.5495 381.4633 381.4325 381.3093 NA 381.437 381.5368 381.4069 381.4294 381.4401 381.4221 381.2452 381.2276
2007 9 381.6485 381.6204 381.6053 381.6061 NA 381.6471 381.5843 381.669 381.6725 NA 381.7967 381.6811 381.6793 381.5887 381.7366 381.5451 381.6496 381.5936 381.7002 381.5898 381.3173
2007 10 381.7843 381.7872 381.7936 381.7944 381.8004 381.7851 381.8067 381.781 NA 381.8448 381.8314 381.9998 381.688 381.8456 381.8119 381.5386 381.7517 381.6147 381.7663 381.7017 381.4303
2007 11 381.7543 381.7505 381.7457 381.7446 NA 381.8071 381.8274 381.8117 NA 381.715 381.7364 381.5232 381.6966 381.7034 381.6358 381.512 381.7861 381.7873 381.7787 381.8503 381.6053
2007 12 381.6954 381.6952 381.7407 381.7407 381.7879 381.5734 381.6846 381.6332 NA 381.391 381.3843 381.3716 381.3258 381.3636 381.497 381.5266 381.8434 381.8467 381.8688 381.9522 381.6249
2008 1 381.5673 381.5897 381.6108 381.6087 381.6651 381.3705 381.4215 381.5738 NA 381.4739 381.498 381.3754 381.2731 381.498 381.4452 381.5598 381.8703 381.9069 381.9001 382.5521 381.6893
2008 2 381.5132 381.4849 381.4516 381.4564 NA 381.3775 381.4714 381.4826 NA 381.642 381.6255 382.9446 381.4808 381.9495 381.5226 381.645 381.7851 381.78 381.7876 382.0082 381.9859
2008 3 381.6732 381.6458 381.5997 381.6016 NA 381.5569 381.7441 381.6642 381.5411 381.6489 381.8244 381.586 381.8351 NA 381.8651 381.6881 381.8676 381.9332 381.8472 381.885 382.2412
2008 4 381.8646 381.8171 381.8355 381.8374 NA 381.7938 381.8712 381.9063 381.8286 382.0301 381.8203 381.8106 381.8355 NA 381.9907 382.1066 382.1347 382.0796 382.126 381.8949 382.4335
2008 5 382.0489 382.0106 382.0052 382.0054 382.0052 382.031 382.2826 382.1375 382.121 NA 382.0404 382.0552 382.2192 NA 382.2077 382.0853 382.1302 382.235 382.1536 381.9409 383.4662
2008 6 382.3975 382.3004 382.4003 382.4002 NA 382.2518 382.4842 382.4767 382.29 382.633 382.5743 382.6243 382.7383 NA 382.6804 382.6639 382.6391 382.6872 382.6143 382.4201 383.5639
2008 7 382.8871 382.7986 382.7563 382.5813 383.1385 382.9242 383.008 383.0385 NA 383.1309 382.9103 382.9128 382.7963 383.0824 383.338 383.0446 383.0206 383.0356 383.031 382.9633 383.419
2008 8 383.3074 383.2327 383.2018 383.2203 383.4644 383.3771 383.3494 383.3851 383.3736 383.4617 383.4036 383.4057 383.3678 383.4928 383.4409 383.5156 383.4377 383.4364 383.5386 383.3796 383.2037
2008 9 383.6086 383.5766 383.5824 383.5818 NA 383.5536 383.5962 383.5907 383.6186 383.7194 383.6298 383.3278 383.5542 383.7321 383.5794 383.3673 383.5887 383.5883 383.5749 383.4487 383.1449
2008 10 383.6898 383.6813 383.7321 383.7311 383.6908 383.6138 383.6461 383.6648 383.7236 383.7199 383.9212 383.5226 383.5918 383.6576 383.5852 NA 383.6645 383.5676 383.6709 383.606 383.1316
2008 11 383.5671 383.5861 383.6383 383.6381 NA 383.5266 383.5814 383.5439 383.4496 383.591 383.4522 383.3209 NA 383.8411 383.31 NA 383.7233 383.5297 383.7461 383.567 383.278
2008 12 383.2993 383.3387 383.2794 383.2839 NA 383.1185 383.1205 383.2129 383.0506 383.2642 382.9355 383.0042 NA 383.0576 383.0897 383.3461 383.5924 383.5077 383.5814 NA 383.6222
2009 1 383.1879 383.2115 383.2961 383.2902 383.2462 382.7963 383.2565 383.2465 383.0734 383.2651 382.8199 382.7405 382.8758 383.0872 382.8575 383.847 383.9293 383.5045 383.9155 NA 383.5768
2009 2 383.1259 383.1746 383.1459 383.0943 NA 382.8485 382.9141 382.9728 382.8224 382.9738 383.0187 383.1008 383.0841 382.8356 382.9342 382.8366 384.3045 NA 384.1387 383.3504 383.5977
2009 3 383.2637 383.2517 383.2239 383.2229 NA 383.1024 383.0685 383.1719 383.1128 383.1949 383.0995 383.3688 383.0414 383.1203 383.1008 383.3788 383.4212 383.4201 383.442 383.3877 383.8436
2009 4 383.3841 383.4295 383.385 383.3866 NA 383.2675 383.3598 383.3747 383.3694 383.3701 383.406 383.509 383.3186 383.3441 383.3361 383.5821 383.5512 383.4786 383.5181 383.5138 383.9716
2009 5 383.5935 383.508 383.4392 383.4401 383.2991 383.5393 383.7084 383.6641 383.7327 383.6863 383.6572 383.5821 NA 383.5253 383.6414 383.5216 383.7821 383.6605 383.7643 383.6694 384.7702
2009 6 383.9449 383.8758 383.7821 383.78 383.7002 383.8465 383.9228 383.9903 384.0244 384.0348 383.9836 383.9141 384.0637 383.7653 384.4726 384.0932 384.1821 383.9998 384.1444 383.8743 384.6124
2009 7 384.2974 384.2613 384.1779 384.1797 384.0933 384.2348 384.378 384.3581 384.5566 384.4655 384.2838 384.3418 NA 384.3466 384.6451 384.4425 384.4419 384.491 384.4496 384.4402 384.8107
2009 8 384.6949 384.6165 384.5661 384.566 384.4343 384.6032 384.6434 384.7462 384.9576 384.7137 384.7305 384.8532 NA 384.6837 384.9797 385.116 384.8149 384.8956 384.9024 384.9049 384.7233
2009 9 385.059 385.0352 384.9984 384.9984 384.9759 385.0426 385.0907 385.0801 385.0965 385.0796 385.1662 385.1393 NA 385.0894 NA 384.9403 385.2046 385.2474 385.2043 385.1762 384.9216
2009 10 385.1378 385.1252 385.0845 385.0873 NA 385.1905 385.1381 385.1291 385.2192 385.1961 385.3022 385.2662 385.2043 385.1671 384.9582 384.9144 385.2451 385.2252 385.2384 385.1882 385.0668
2009 11 385.0892 385.109 385.1487 385.1488 NA 384.9256 385.1078 385.0614 384.989 385.17 384.9742 385.0526 NA 385.0044 384.8538 385.1378 385.5484 385.3886 385.2258 385.3328 385.0855
2009 12 385.0554 385.1484 385.0886 385.0897 385.2705 384.833 384.9966 384.9339 384.411 384.9603 384.6243 384.7962 384.8167 384.6612 384.3862 385.0793 385.1703 385.1321 385.19 385.2507 385.0865
2010 1 384.8654 384.94 385.1045 385.1076 385.0221 384.3348 384.8985 384.7803 384.9414 384.7668 384.3939 384.4838 384.5977 384.3596 384.5773 NA 384.9858 384.9544 384.957 384.8887 385.0999
2010 2 384.6991 384.7061 384.6931 384.689 384.8586 383.8555 384.3663 384.4246 384.6685 384.5185 384.0303 383.9681 384.0852 384.5536 384.6598 384.8315 385.2281 385.2407 385.2267 384.9445 385.615
2010 3 384.7581 384.701 384.7447 384.7436 384.7907 384.4883 384.6164 384.6559 384.6945 384.7621 384.3234 384.7486 384.5951 384.6733 384.5723 385.0296 384.8107 384.7604 384.7807 384.9367 385.7776
2010 4 384.9276 384.9016 384.8476 384.8482 384.7624 384.792 384.9162 384.9353 384.9819 384.969 384.8685 384.9737 385.0124 385.0011 384.8701 385.1579 385.1396 NA 384.9567 385.042 385.9152
2010 5 385.2246 385.2134 385.1349 385.1353 385.0398 385.0465 385.2033 385.2619 385.1527 385.1503 385.4266 385.3026 385.1948 385.368 385.1348 385.6448 385.352 385.2741 385.2754 385.4361 385.892
2010 6 385.7633 385.689 385.6781 385.6615 385.3866 385.6522 385.8151 385.7592 NA 385.8198 386.0027 385.8564 385.7666 385.9286 385.9828 386.1901 385.9274 386.1453 385.8574 385.7355 386.5891
2010 7 386.2912 386.1902 386.1287 386.1294 385.9831 386.3453 386.3272 386.3105 NA 386.4915 386.5856 386.3454 NA 386.3512 386.5221 386.7246 386.8074 386.6971 386.8122 386.4969 387.1717
2010 8 386.9811 386.9363 386.8835 386.8826 386.7512 386.9406 386.9751 386.9542 NA 386.88 387.3932 387.2201 NA 387.0673 386.9714 387.1495 387.0762 387.0069 387.1059 387.0692 387.1248
2010 9 387.2182 387.2127 387.2262 387.2282 387.1763 387.2436 387.2298 387.2024 NA 387.284 387.4564 387.3022 387.5059 387.3589 387.2241 387.0829 NA 387.2575 387.2546 387.0688 386.8376
2010 10 387.3711 387.3438 387.3433 387.3447 387.3159 387.5109 387.4568 387.3369 NA 387.3565 387.6103 387.5216 387.464 387.3652 387.3214 386.9855 387.172 NA 387.1857 387.277 386.8206
2010 11 387.4026 387.3732 387.3779 387.3502 NA 387.3893 387.4296 387.3331 NA 387.3463 387.1872 387.3073 387.0221 387.2569 387.1485 387.0114 387.3387 387.2628 387.328 387.5263 387.2228
2010 12 387.3323 387.3475 387.3275 387.3281 387.3274 387.1783 387.1982 387.2638 NA 387.363 387.0813 387.1435 NA 387.1189 386.8589 387.1792 387.1636 387.1697 387.1441 387.7016 387.1859
2011 1 387.0746 387.063 387.1794 387.1766 387.28 386.8024 386.9401 386.8779 NA 386.8492 386.632 386.5965 387.2669 386.8522 386.6815 387.1556 387.2479 NA 387.1973 387.3497 387.2385
2011 2 386.9418 386.7902 386.7659 386.7669 386.494 386.0019 386.9061 386.7235 NA 386.8271 386.838 386.8417 386.987 386.9835 386.7512 NA 387.247 387.2372 387.2453 387.2798 386.9922
2011 3 387.0176 387.0057 386.9546 386.9533 386.9325 386.7715 386.969 386.9355 NA 386.8455 386.8535 387.0058 386.999 386.7674 386.9405 387.2116 387.0752 387.0456 386.9705 387.3364 387.5922
2011 4 387.074 387.0421 386.9841 386.9851 386.9308 386.9748 387.0372 387.0425 NA 387.2141 386.926 386.717 386.8155 NA 387.1802 387.3999 386.992 387.3945 NA 387.2007 387.8293
2011 5 387.2857 387.244 387.2266 387.2264 387.1652 387.2022 387.187 387.2752 NA 387.3403 387.3241 387.1747 387.3442 NA 387.4737 NA 387.4133 387.3871 387.2736 387.2664 388.3612
2011 6 387.6573 387.5745 387.562 387.5626 NA 387.6967 387.6815 387.6761 NA 387.6501 387.7009 387.7641 387.6094 NA 387.8268 388.0511 387.8496 387.9728 387.8455 387.6289 388.299
2011 7 388.1972 388.1185 388.0269 388.0242 NA 388.1823 388.2882 388.2506 NA 388.1029 388.1678 388.1903 NA NA 388.4576 388.5222 388.1947 388.2149 388.1957 388.2397 388.7269
2011 8 388.6354 388.6058 388.5385 388.5391 388.52 388.6275 388.6956 388.6648 388.7757 388.8705 388.7212 388.594 388.5207 388.5519 388.8027 388.9203 388.8782 388.918 388.888 388.5835 388.4988
2011 9 388.9467 388.925 388.8836 388.8835 388.8469 388.9346 388.9478 388.9646 389.1983 389.0431 388.999 388.9177 388.9856 389 388.9783 389.0234 389.1037 389.1164 389.1139 388.9156 388.6903
2011 10 389.1385 389.1203 389.0918 389.0918 389.073 389.144 388.909 389.0873 389.1444 389.0634 389.1666 388.8632 388.9243 389.0714 389.0167 388.8273 389.2253 389.5476 389.3282 389.0017 388.7446
2011 11 389.1519 389.1916 389.1887 389.1537 389.1711 389.1557 389.0784 389.077 388.9831 389.1208 389.1783 388.9611 388.9593 389.313 388.7486 389.0277 389.045 388.9211 389.0601 389.1667 388.7273
2011 12 388.9692 389.0269 389.0222 388.9444 NA 388.8932 388.6714 388.8274 389.1157 388.6747 388.7165 388.8242 388.5222 388.8179 388.5711 388.873 388.9745 388.8516 388.9727 388.9681 388.9445
2012 1 388.6938 388.7112 388.6824 388.6819 NA 388.2445 388.469 388.6563 388.5317 388.9363 388.4194 388.6138 NA 388.3463 388.3567 388.8108 389.0393 388.8073 388.8551 388.903 388.9548
2012 2 388.531 388.4976 388.5007 388.4601 388.4935 388.2711 388.5399 388.5711 388.3973 388.2476 388.5937 388.2389 388.5366 388.5534 387.9782 388.7365 388.9323 388.8335 388.8287 389.0107 389.1423
2012 3 388.7458 388.7007 388.5745 388.5741 388.5286 388.6413 388.7344 388.7427 388.7499 388.6146 388.4793 388.5173 388.7416 388.4802 388.7615 388.8235 388.8055 388.7816 388.7288 388.7951 389.3467
2012 4 388.8774 388.8489 388.8338 388.8328 388.7625 388.917 388.9041 388.9021 389.0012 388.9656 388.9244 388.7898 388.936 388.7893 388.9614 388.9994 389.2511 389.272 389.2453 388.9329 389.6259
2012 5 389.226 389.2139 389.1649 389.1646 NA 389.1948 389.1563 389.2349 389.2698 389.2904 389.4456 389.2882 389.3635 388.9854 389.3245 389.4061 389.3571 389.4382 389.3507 389.2405 390.2763
2012 6 389.6982 389.625 389.5433 389.5426 389.4167 389.7226 389.6237 389.7243 389.7778 389.6544 389.7323 389.7356 389.7573 389.9998 389.8546 390.0712 389.8998 389.9088 389.8721 389.7147 390.4651
2012 7 390.2551 390.1573 390.063 390.0626 NA 390.1936 390.2937 390.2754 390.2815 390.0634 390.6196 390.394 NA 390.4635 390.5368 390.5764 390.2985 390.5187 390.3462 390.4135 390.5887
2012 8 390.8464 390.7914 390.6848 390.6848 390.5375 390.9439 390.8777 390.8856 390.853 390.7963 391.1564 391.1352 NA 391.1165 390.9432 391.2099 390.9499 390.9527 390.9302 390.9239 390.7441
2012 9 391.2619 391.2486 391.2228 391.223 NA 391.2542 391.2262 391.2276 391.2462 391.2755 391.5143 391.6417 391.0681 391.3441 391.2 NA 391.3291 391.3343 391.3497 391.166 390.8898
2012 10 391.3896 391.3738 391.374 391.3729 NA 391.3694 391.3359 391.362 391.38 391.4395 391.4626 391.4517 391.3557 391.3297 391.1777 NA 391.3558 391.4339 391.3548 391.2656 390.9958
2012 11 391.4829 391.5084 391.5647 391.5619 391.5585 391.3897 391.3983 391.4356 391.4635 391.3204 391.3893 391.3067 391.228 391.1901 NA NA 391.4782 391.1797 391.441 391.3514 391.2212
2012 12 391.4543 391.4766 391.4853 391.4852 391.4488 391.3808 391.2835 391.3523 391.1664 391.2155 391.0284 391.2269 391.2113 391.2166 390.5765 NA 391.1785 391.0544 391.1775 391.3802 391.5417
2013 1 391.249 391.2271 391.0939 391.0914 NA 391.1687 391.4024 391.297 391.0618 NA 391.0935 391.6829 390.8746 391.0028 390.7911 NA 391.4344 391.3504 391.445 391.5481 391.5933
2013 2 391.1302 391.1748 391.2075 391.2455 NA 390.9266 390.9051 391.0644 391.2502 390.9747 390.4717 390.6717 391.3037 390.9311 390.7548 391.2933 391.7502 391.5358 391.7273 391.5095 392.0854
2013 3 391.2834 391.1898 391.1147 391.1028 391.0919 391.2762 391.1901 391.1954 391.2103 391.1989 391.2373 391.3873 391.0648 391.2271 391.1637 391.5677 391.7245 391.9872 391.7477 391.7087 392.4496
2013 4 391.6991 391.646 391.5492 391.5493 391.4408 391.6838 391.9845 391.652 391.5942 391.5504 391.8158 391.6331 391.6889 391.5408 391.6055 392.3328 391.9839 391.5111 391.9485 391.8573 392.9755
2013 5 392.0967 392.0476 392.0033 392.0028 391.9075 392.0775 392.0972 392.0695 392.1389 391.919 392.2207 392.1571 392.3382 392.0189 392.214 392.431 392.3022 392.2328 392.2778 392.1985 393.4378
2013 6 392.6736 392.5264 392.5131 392.5124 392.2836 392.6758 392.6969 392.621 392.5984 392.4937 392.627 392.6 392.7309 392.5176 392.8246 393.2305 392.6783 392.7077 392.6276 392.8187 393.2794
2013 7 393.139 393.0987 393.0921 393.0925 393.1306 393.1727 393.2148 393.1702 393.1743 393.1677 393.411 393.3386 393.3354 393.2581 393.601 393.1861 393.2806 394.0131 393.6016 393.417 393.8058
2013 8 393.6647 393.6048 393.5755 393.7201 393.4316 393.6623 393.6736 393.6739 393.7207 393.6515 393.6645 393.6784 NA 393.7013 393.7007 NA 393.8311 393.6395 393.8966 393.8262 393.5721
2013 9 393.9786 393.993 394.0342 394.0343 393.9197 393.9721 393.9486 393.9697 394.0165 393.9665 393.9604 393.8688 393.6392 393.9081 393.9649 NA 394.0174 393.92 393.9933 393.9762 393.7178
2013 10 394.0574 394.0479 394.061 394.0615 394.0514 394.0585 394.0402 394.0248 394.0556 394.0949 393.9932 393.9253 394.0109 394.0553 393.9347 NA 394.0942 394.0774 394.0773 394.0045 393.843
2013 11 394.0561 394.0534 394.0998 394.1017 394.101 394.0262 393.8922 393.9639 393.9184 394.0988 393.9731 393.8987 393.9234 393.8828 393.7974 394.069 393.903 393.9876 393.904 394.1761 393.9431
2013 12 393.8997 393.9772 394.0884 394.0878 394.1215 393.7709 393.705 393.7053 393.5007 393.6131 393.6475 393.5855 393.809 393.5071 393.4471 NA 393.8269 393.8373 393.7765 394.0518 394.0024
2014 1 393.8763 393.8293 393.8101 393.8094 393.9678 393.3114 393.7928 393.7619 393.5635 393.6755 393.1488 393.3387 393.4231 393.1767 393.6598 NA 393.7448 393.5915 393.7565 393.8478 394.1499
2014 2 393.5137 393.4872 393.3882 393.391 393.5704 393.242 393.2047 393.367 393.6883 393.0869 392.8765 392.7778 393.2709 393.1586 393.0447 NA 393.8412 393.9863 393.8534 393.7362 394.0704
2014 3 393.6112 393.6143 393.5408 393.5387 393.5236 393.2627 393.361 393.3895 393.2515 393.3259 393.1443 392.7792 393.3718 393.4768 393.6367 393.1939 393.779 393.7961 393.6793 393.9796 394.381
2014 4 393.8001 393.7707 393.7744 393.7718 393.7122 393.8721 393.6954 393.7085 393.7286 393.7517 393.8467 393.8382 393.7137 394.1602 393.8919 394.2107 394.0567 394.0785 394.0318 394.2208 394.5727
2014 5 394.1988 394.1629 394.1436 394.1425 394.0803 394.1252 394.1789 394.16 394.0755 394.1969 394.265 394.2812 394.5922 394.2076 394.0886 394.7993 394.3942 394.3173 394.3559 394.1642 394.7895
2014 6 394.5247 394.4935 394.4414 394.5164 394.3639 394.483 394.4344 394.5485 394.4022 394.5345 394.6876 394.6733 394.9163 394.4712 394.9405 394.7665 394.7013 394.5438 394.6251 394.5716 395.2224
2014 7 395.0026 394.927 394.8458 394.8449 394.7347 395.0387 395.0617 395.0682 395.1508 395.1416 395.1297 395.0422 NA 395.1991 395.28 395.5171 395.4179 NA NA 395.1539 395.4602
2014 8 395.4839 395.4239 395.3549 395.3549 395.2509 395.5673 395.4928 395.5024 395.5346 395.5074 395.7555 395.5413 395.7864 395.8868 395.4643 395.7552 395.5987 395.3792 395.5511 395.5319 395.8083
2014 9 395.8337 395.7665 395.7416 395.7417 395.6303 395.8269 395.9115 395.8501 395.8568 395.8646 395.9442 396.1884 396.1182 395.824 395.833 395.7204 395.9727 395.9236 395.974 395.7792 395.5769
2014 10 395.9327 395.9077 395.8854 395.8847 395.8624 395.9722 395.9497 395.9221 395.9596 395.9625 395.9089 395.8368 395.9584 395.9957 395.8321 395.6932 395.9928 395.697 395.9429 395.9161 395.4402
2014 11 395.938 395.972 395.9077 395.9076 395.8073 395.9169 395.8256 395.8298 395.8239 395.8464 395.8396 395.8421 395.7906 395.9753 395.588 395.7429 395.8169 395.7917 395.7755 395.933 395.933
2014 12 395.8607 395.8741 395.8946 395.8656 395.8392 395.7081 395.3869 395.6318 395.5431 395.5444 395.5981 395.3107 395.6864 395.5307 NA NA 395.7116 395.8373 395.6695 396.3534 395.9259
2015 1 395.6647 395.6073 395.6677 395.7027 395.6383 395.2655 395.713 395.6537 395.4714 395.4987 395.4027 395.542 395.2878 395.4247 395.0801 396.6599 396.0273 395.9437 396.019 395.9558 395.966
2015 2 395.591 395.599 395.5522 395.5186 395.5211 395.2957 395.5158 395.2901 395.4845 395.4972 395.8416 395.7296 395.2643 395.3475 395.6151 395.6001 396.1899 395.6382 396.1604 395.9144 395.9447
2015 3 395.816 395.6862 395.6523 395.6635 NA 395.5615 395.7312 395.7543 395.6037 395.8299 395.7847 395.8159 396.222 395.6285 395.8269 NA 395.9571 395.9911 395.957 396.1729 396.6961
2015 4 396.0988 396.093 396.1094 396.1096 395.9806 396.1098 396.096 396.1706 396.1099 396.1431 396.1581 396.1809 396.2905 396.0574 396.3285 NA 396.3598 396.4216 396.3602 396.4065 396.9824
2015 5 396.5345 396.4794 396.4746 396.3346 396.3349 396.5911 396.579 396.6666 396.8178 396.6024 396.692 396.7293 396.4076 396.4517 396.5504 396.8645 396.7089 396.7832 396.7277 396.5449 397.5009
2015 6 396.8832 396.8341 396.7823 396.8974 396.6597 396.8774 396.9302 396.9341 397.0387 396.872 396.9351 396.8733 397.3079 397.1406 396.9379 397.2009 397.1113 397.1526 397.0966 397.0543 398.1229
2015 7 397.4654 397.3777 397.2783 397.4808 NA 397.5588 397.724 397.5983 397.579 397.1677 397.9092 397.4887 NA 397.6977 397.7789 397.6598 397.6447 397.7104 397.5633 397.5815 398.0711
2015 8 398.0174 397.9614 397.8474 397.8469 397.7528 398.0557 397.952 398.0824 398.0532 398.1991 398.2243 398.2868 NA 398.0774 398.1899 NA 398.063 398.0962 398.0222 398.1055 398.086
2015 9 398.4079 398.3968 398.3851 398.3846 398.2691 398.3562 398.4873 398.4347 398.4508 398.4635 398.7445 398.5967 NA 398.5183 398.346 398.1387 398.4904 398.5092 398.497 398.2757 398.0492
2015 10 398.6206 398.6025 398.6183 398.6189 398.4234 398.6023 398.5194 398.5546 398.5707 398.6322 398.66 398.6411 398.4682 398.7827 398.5836 NA 398.4649 398.4918 398.4682 398.5155 398.1667
2015 11 398.7041 398.7166 398.7244 398.7247 398.7442 398.6963 398.8369 398.7136 398.7215 398.7798 398.7271 398.7867 398.6346 398.8168 398.5929 398.4925 398.7816 398.6698 398.7802 398.7137 398.5597
2015 12 398.7018 398.6848 398.669 398.6592 398.6294 398.634 398.6193 398.5776 398.627 398.5926 398.3934 398.2822 398.2937 398.223 398.3246 398.6861 398.8629 398.6693 398.8513 399.0972 398.9397
2016 1 398.4595 398.3088 398.3202 398.3175 NA 398.2037 398.1899 398.3638 398.2333 398.2468 397.9915 397.7441 397.8168 398.5245 397.9143 NA 398.8526 398.7482 398.8648 399.1868 399.2246
2016 2 398.2486 398.2498 398.236 398.2385 NA 397.8988 398.2237 398.1981 397.998 397.9117 398.0238 397.8801 398.1966 398.6053 398.2159 399.0486 398.7273 398.7918 398.643 398.9617 399.3124
2016 3 398.6486 398.6161 398.5899 398.5943 398.4813 398.64 398.659 398.7167 398.8553 398.8046 398.618 398.6265 399.062 398.9807 398.9658 NA 399.1845 NA 399.203 399.2585 399.6856
2016 4 399.2941 399.2339 399.1801 399.1801 NA 399.3359 399.3824 399.3494 399.4597 399.2853 399.1227 399.3729 399.4149 399.4666 399.6257 NA 399.5733 399.5645 399.5704 399.5877 400.2062
2016 5 399.9554 399.9109 399.9534 399.8082 399.6962 400.0278 399.8598 399.9642 399.9395 400.09 399.8747 399.8763 400.0743 400.1607 400.1644 400.4717 399.993 399.9023 399.9775 399.9934 401.1673
2016 6 400.5517 400.4662 400.5666 NA 400.2818 400.5168 400.5708 400.6011 400.4887 400.5974 400.8877 400.7093 400.7774 400.9187 401.0772 400.9401 400.7383 400.5029 400.7427 400.484 401.2038
2016 7 401.1088 401.1057 401.0109 401.0117 400.8859 401.1353 401.264 401.2051 401.3235 401.1301 401.0354 400.9979 NA 401.1307 401.6086 401.3529 401.0817 401.0001 401.0882 401.0921 401.5392
2016 8 401.4408 401.3873 401.3298 401.3301 401.2896 401.4438 401.5184 401.4882 401.5135 401.6465 401.5948 401.5177 401.6656 401.4667 401.5652 401.4338 401.429 401.4722 401.4305 401.374 401.2151
2016 9 401.7436 401.7578 401.6865 401.6874 401.6311 401.7168 401.7179 401.7053 401.7009 401.8065 402.1403 401.6552 NA 401.7026 401.8885 401.2957 401.4665 401.5848 401.4753 401.5448 401.1546
2016 10 401.7346 401.7439 401.7965 401.7965 401.8775 401.6263 401.6174 401.6701 401.659 NA 401.5627 401.789 401.4504 401.5696 401.7545 401.1884 401.5749 401.5149 401.5777 401.5752 401.2565
2016 11 401.6423 401.6124 401.6483 401.6464 401.5996 401.5894 401.6705 401.6286 401.6172 401.444 401.536 401.3383 401.4922 401.6075 401.3917 401.3443 401.3312 401.3638 401.3317 401.514 401.2328
2016 12 401.4726 401.489 401.4878 401.4875 NA 401.3531 401.3907 401.473 401.1936 401.4162 401.0928 401.076 400.9481 401.0346 401.1869 401.1395 401.1979 401.2443 401.2037 401.544 401.4104
2017 1 401.115 401.1154 401.3041 401.2578 401.4243 400.7674 401.1398 401.2023 401.2536 401.1789 400.4885 400.6558 NA 400.9409 400.3425 401.116 401.2959 401.2844 401.2972 401.5097 401.3546
2017 2 400.7964 400.8606 400.7102 400.6178 400.8121 NA 400.7505 400.8688 400.6847 401.0647 400.6586 400.8487 400.7855 401.1273 401.7077 400.6722 401.167 401.1163 401.1203 401.5694 401.4497
2017 3 401.0573 400.9651 400.8317 400.8036 NA NA 401.1592 401.1803 401.1286 401.2302 400.7297 400.8304 401.0281 NA 401.3608 401.6618 401.5533 401.3064 401.3013 401.5428 401.6988
2017 4 401.2993 401.277 401.2248 401.2248 NA NA 401.428 401.3836 401.3563 401.4281 401.4003 401.2667 401.3078 NA 401.3888 402.7276 401.7973 401.5611 401.4436 401.5348 402.0511
2017 5 401.7167 401.6617 401.6142 401.615 401.4939 NA 401.881 401.7967 401.6903 401.8312 401.7607 401.5799 401.9145 401.507 401.8319 402.0285 401.9917 402.11 401.85 401.7005 402.5831
2017 6 402.1117 402.0745 402.0238 402.0098 401.9734 NA 402.0563 402.185 402.224 402.1671 402.2814 402.182 NA 401.7563 402.3267 402.4588 402.3971 402.4673 402.3989 401.9758 402.8143
2017 7 402.696 402.5386 402.4956 402.3476 402.3502 NA 402.7129 402.8165 402.7928 402.6696 402.7577 402.9358 402.7927 402.6789 403.0282 402.9925 402.8794 402.7852 402.7451 402.8123 403.2247
2017 8 403.198 403.1731 403.1577 403.1549 403.0473 NA 403.3528 403.2379 403.4009 403.3534 403.2358 403.0904 NA 403.0177 403.2873 403.3364 403.4782 403.3063 403.3104 403.2013 402.9581
2017 9 403.5103 403.5084 403.4128 403.413 403.3198 NA 403.5841 403.5158 403.5526 403.6093 403.7429 403.654 NA 403.4559 403.4431 403.2817 403.621 403.5514 403.5532 403.389 403.1742
2017 10 403.6688 403.6448 403.6422 403.6424 403.639 NA 403.6615 403.6577 403.6788 403.6837 403.8077 403.6572 NA 403.5169 403.4783 403.5927 403.7578 403.6104 403.6371 403.5324 403.2604
2017 11 403.6956 403.6837 403.7064 NA 403.7239 NA 403.479 403.5776 403.4094 403.5732 403.6691 403.7842 NA 403.5467 403.1663 403.6012 403.9436 403.9091 403.8744 403.6889 403.5344
2017 12 403.6371 403.6164 403.6451 403.6409 403.6514 403.3205 403.6315 403.5059 403.2296 403.2897 403.3411 403.4238 NA 403.3565 402.9088 403.538 403.8771 403.3377 403.6341 403.8709 403.7887
2018 1 403.5865 403.6015 403.7011 403.6672 403.713 403.0939 403.3843 403.3963 403.0777 403.1289 403.2602 403.1683 403.3678 403.0662 402.8961 403.3835 403.7136 403.7931 403.6913 403.8665 403.9872
2018 2 403.3748 403.3281 403.3776 NA 403.5043 403.0558 403.4337 403.396 403.2608 403.2643 403.5311 403.3749 403.3162 403.2719 403.4826 403.7257 403.9359 404.1962 403.9231 NA 404.2233
2018 3 403.5874 403.5591 403.6049 NA 403.5337 NA 403.6069 403.6664 403.5182 403.5486 403.5647 403.5527 403.4697 403.5913 403.4806 404.061 403.8445 403.6574 403.73 NA 404.5145
2018 4 403.9635 403.9484 403.9092 NA 403.8032 NA 404.0228 403.9794 404.0104 403.9547 404.0249 404.0137 403.8611 404.1562 403.948 404.0857 404.284 404.271 404.2489 NA 404.793
2018 5 404.2988 404.2013 404.2254 NA 404.0953 NA 404.3308 404.3081 404.3251 404.2669 404.3569 404.4156 404.4585 404.4411 404.1986 404.6328 404.4239 404.5543 NA NA 405.0476
2018 6 404.6521 404.6452 404.5797 NA 404.4927 NA 404.8601 404.7772 404.7062 404.6229 404.8348 404.6051 404.8409 404.8065 404.8221 404.613 404.6328 404.8036 404.7967 NA 405.408
2018 7 405.167 405.0814 405.0698 NA 404.948 NA 405.2388 405.2065 405.0197 405.2522 405.2635 405.0801 NA 405.4647 405.3714 406.0237 405.3697 405.2695 405.4152 NA 405.714
2018 8 405.6559 405.5968 405.5819 NA NA NA 405.7335 405.7216 405.7036 405.7037 405.8269 NA NA 405.7693 405.7632 NA 405.805 405.5713 405.6053 NA 405.3275
2018 9 406.0094 406.0149 405.9591 NA 405.8245 NA 406.0074 405.9785 406.061 406.038 406.0649 NA NA 406.068 406.0188 405.9709 406.0159 406.049 406.065 NA 405.6206
2018 10 406.1362 406.1194 406.1347 NA 406.0548 NA 406.1062 406.124 406.1686 406.1234 405.9957 NA 406.0115 406.1054 405.9803 405.8303 406.3316 406.1529 406.1836 NA 406.01
2018 11 406.1134 406.1499 406.142 NA 406.1418 NA 406.1203 406.0258 406.0169 405.521 406.0642 NA 405.7558 406.0298 405.8267 405.6835 406.3105 405.8975 406.0815 NA 405.8293
2018 12 405.9942 406.0077 NA NA 405.9497 NA 406.0037 405.8805 405.7347 NA 405.7208 NA 405.4481 405.7356 NA 406.1343 406.1677 406.0885 406.0006 NA 406.1183
2019 1 405.7447 405.7843 NA NA NA 405.6179 405.5052 NA NA NA 405.3996 NA 405.4776 NA NA NA 406.6524 NA NA NA NA
2019 2 405.65 405.6458 NA NA NA NA NA NA NA NA 405.2299 NA 405.5847 NA 405.5684 NA 406.3303 NA NA NA NA
2019 3 405.8566 405.8531 NA NA NA NA NA NA NA NA 405.6158 NA 405.7076 NA 405.775 NA 406.279 NA NA NA NA
2019 4 406.1625 406.1104 NA NA NA NA NA NA NA NA 405.9355 NA 405.9323 NA 406.3567 NA 406.4117 NA NA NA NA
2019 5 406.5805 406.5082 NA NA NA NA NA NA NA NA 406.6162 NA 406.667 NA 406.9233 NA 407.3761 NA NA NA NA
2019 6 407.1404 407.0489 NA NA NA NA NA NA NA NA 407.2919 NA NA NA 407.3349 NA 407.6104 NA NA NA NA
2019 7 407.8407 407.7806 NA NA NA NA NA NA NA NA 408.0093 NA NA NA 408.4528 NA 408.083 NA NA NA NA
2019 8 408.3494 408.2895 NA NA NA NA NA NA NA NA 408.6019 NA NA NA 408.1315 NA NA NA NA NA NA
2019 9 408.683 408.6678 NA NA NA NA NA NA NA NA 408.8251 NA NA NA 408.7183 NA 408.8602 NA NA NA NA
2019 10 408.8748 408.8382 NA NA NA NA NA NA NA NA 408.7628 NA 408.5491 NA 408.7581 NA 409.0292 NA NA NA NA
2019 11 408.8374 408.7896 NA NA NA NA NA NA NA NA 408.6185 NA 408.6643 NA NA NA 408.8351 NA NA NA NA
2019 12 408.7481 408.7911 NA NA NA NA NA NA NA NA 408.0685 NA 408.259 NA NA NA 408.6635 NA NA NA NA
2020 1 408.4368 408.4622 NA NA NA NA NA NA NA NA NA NA 408.2852 NA NA NA 409.0367 NA NA NA NA
2020 2 408.2112 408.2023 NA NA NA 407.3582 NA NA NA NA NA NA 407.8087 NA NA NA 408.8361 NA NA NA NA
2020 3 408.2006 NA NA NA NA NA NA NA NA NA NA NA NA NA NA NA 408.932 NA NA NA NA
2020 4 408.53 NA NA NA NA NA NA NA NA NA NA NA NA NA NA NA 409.91 NA NA NA NA
2020 5 409.0561 NA NA NA NA NA NA NA NA NA NA NA NA NA NA NA NA NA NA NA NA
2020 6 NA NA NA NA NA NA NA NA NA NA NA NA NA NA NA NA NA NA NA NA NA
2020 7 NA NA NA NA NA NA NA NA NA NA NA NA NA NA NA NA NA NA NA NA NA
2020 8 NA NA NA NA NA NA NA NA NA NA NA NA NA NA NA NA NA NA NA NA NA
2020 9 NA NA NA NA NA NA NA NA NA NA NA NA NA NA NA NA NA NA NA NA NA
2020 10 NA NA NA NA NA NA NA NA NA NA NA NA NA NA NA NA NA NA NA NA NA
2020 11 NA NA NA NA NA NA NA NA NA NA NA NA NA NA NA NA NA NA NA NA NA
2020 12 NA NA NA NA NA NA NA NA NA NA NA NA NA NA NA NA NA NA NA NA NA
