year month day flt prof lat lon alt pressure theta co2 co2x co2qcls co2noaa co2ao2 strat co2mspo co2mx co2mqcls co2mnoaa co2mao2
2016 1 15 1 0 -53.28005 -70.64722 2991.313 701.335 302.5168 399.6132 399.4677 NA 399.4677 399.2943 0 1.08 0.146 NA 0.146 0.319
2016 1 15 1 21 -54.69813 -69.8638 9600.435 283.8769 323.3456 400.4696 400.4857 NA 400.4857 400.5928 0 1.94 -0.016 NA -0.016 -0.123
2016 1 15 1 21 -58.14247 -70.10935 12448.66 178.4456 348.4329 399.2348 399.2062 NA 399.2062 399.2728 1 0.7 0.029 NA 0.029 -0.038
2016 1 15 1 23 -67.455 -70.04737 12145.03 178.2561 370.8953 397.6712 397.7059 NA 397.7059 397.5221 1 -0.86 -0.035 NA -0.035 0.149
2016 1 15 1 0 -68.65431 -70.4608 10533.5 226.4449 346.3818 398.0696 398.1698 NA 398.1698 NA 1 -0.46 -0.1 NA -0.1 NA
2016 1 15 1 24 -68.58346 -70.48073 7996.304 331.9147 313.303 399.3842 399.4393 NA 399.4393 399.163 1 0.85 -0.055 NA -0.055 0.221
2016 1 15 1 24 -68.88147 -70.14304 5630.129 468.4364 299.9754 399.2149 399.2777 NA 399.2777 399.2233 0 0.68 -0.063 NA -0.063 -0.008
2016 1 15 1 24 -68.68544 -70.47028 3765.216 605.7116 295.4761 398.936 398.8981 NA 398.8981 398.9837 0 0.4 0.038 NA 0.038 -0.048
2016 1 15 1 24 -68.71742 -70.09793 1551.786 806.8932 284.3693 398.5775 398.4999 NA 398.4999 398.7874 0 0.04 0.078 NA 0.078 -0.21
2016 1 15 1 24 -68.6805 -71.09986 870.3007 880.2018 281.9727 398.5178 398.4093 NA 398.4093 398.7958 0 -0.02 0.109 NA 0.109 -0.278
2016 1 15 1 25 -67.71556 -72.70726 8098.472 329.7676 313.8161 399.5634 399.5796 NA 399.5796 399.5831 1 1.03 -0.016 NA -0.016 -0.02
2016 1 15 1 26 -67.19262 -73.32725 5669.558 471.2726 306.8692 399.3244 399.2696 NA 399.2696 399.5719 0 0.79 0.055 NA 0.055 -0.248
2016 1 15 1 26 -66.91611 -73.64294 4058.999 587.5009 299.5257 399.4439 399.3914 NA 399.3914 399.5704 0 0.91 0.053 NA 0.053 -0.127
2016 1 15 1 26 -66.63466 -73.95532 2340.219 736.4514 290.951 NA 398.3518 NA 398.3518 398.2104 0 NA NA NA NA NA
2016 1 15 1 26 -66.42081 -74.18818 957.9123 877.6802 280.5815 398.2887 398.1752 NA 398.1752 398.1801 0 -0.25 0.113 NA 0.113 0.109
2016 1 15 1 26 -66.13682 -74.4907 176.0881 969.3281 274.2863 398.1493 398.0114 NA 398.0114 398.2395 0 -0.39 0.138 NA 0.138 -0.09
2016 1 15 1 27 -64.35887 -76.22901 8363.627 329.6129 316.626 400.2207 400.2501 NA 400.2501 400.3783 0 1.69 -0.029 NA -0.029 -0.158
2016 1 15 1 28 -62.57826 -77.74317 316.6559 962.7833 282.0938 398.707 398.5325 NA 398.5325 398.3849 0 0.17 0.174 NA 0.174 0.322
2016 1 15 1 29 -62.3186 -77.94771 1507.938 832.3896 290.886 398.9759 398.8811 NA 398.8811 398.9914 0 0.44 0.095 NA 0.095 -0.015
2016 1 15 1 29 -62.00984 -78.18614 3409.867 656.1288 302.03 NA 399.4208 NA 399.4208 399.4505 0 NA NA NA NA NA
2016 1 15 1 29 -61.65219 -78.45594 5424.972 505.0844 310.4138 399.1452 399.1917 399.1917 399.1917 399.2249 0 0.61 -0.047 -0.047 -0.047 -0.08
2016 1 15 1 29 -61.28984 -78.72277 7241.504 393.2304 314.3732 400.0812 400.0214 400.2201 400.0214 400.0209 0 1.55 0.06 -0.139 0.06 0.06
2016 1 15 1 29 -60.77508 -79.09116 8451.815 329.6409 316.9105 399.6132 399.6085 399.7326 399.6085 NA 0 1.08 0.005 -0.119 0.005 NA
2016 1 15 1 30 -59.00758 -80.26535 160.4421 989.7823 278.222 398.2289 398.1655 398.4211 398.1655 398.2596 0 -0.31 0.063 -0.192 0.063 -0.031
2016 1 15 1 0 -56.85871 -82.64727 8546.783 329.6009 318.6867 400.0016 399.9996 399.7845 399.9996 NA 0 1.46 0.002 0.217 0.002 NA
2016 1 15 1 32 -55.19836 -81.34804 164.6441 991.4253 277.8994 398.3485 398.2439 398.3065 398.2439 398.2887 0 -0.19 0.105 0.042 0.105 0.06
2016 1 15 1 33 -54.91154 -81.07496 1775.312 813.3155 293.2426 399.2846 399.1333 NA 399.1333 399.1812 0 0.75 0.151 NA 0.151 0.103
2016 1 15 1 33 -54.66768 -80.84632 3393.047 664.6943 303.0322 399.7427 399.7183 399.7377 399.7183 399.6141 0 1.21 0.024 0.005 0.024 0.129
2016 1 15 1 33 -54.3229 -80.52859 5522.787 504.6866 313.028 399.902 399.857 399.9476 399.857 399.5587 0 1.36 0.045 -0.046 0.045 0.343
2016 1 15 1 33 -54.03565 -80.26871 7156.281 403.9842 316.2536 400.0215 399.9719 400.0614 399.9719 399.9771 0 1.48 0.05 -0.04 0.05 0.044
2016 1 15 1 33 -53.3917 -78.17302 10249.45 256.6458 323.9837 NA 400.273 400.2582 400.273 400.3637 0 NA NA NA NA NA
2016 1 15 1 33 -53.24442 -76.89451 12442.29 180.5531 349.7983 398.1592 398.3648 NA 398.3648 398.5598 1 -0.38 -0.206 NA -0.206 -0.401
2016 1 18 2 0 -53.39776 -70.51384 4902.894 545.6193 303.3456 399.9319 399.811 400.5993 399.811 400.6538 0 1.31 0.121 -0.667 0.121 -0.722
2016 1 18 2 35 -54.84867 -68.86716 9308.229 289.3512 318.8811 400.3003 400.222 400.4272 400.222 400.5335 0 1.68 0.078 -0.127 0.078 -0.233
2016 1 18 2 35 -57.68523 -62.6413 12223.14 178.3615 361.0444 397.1733 397.1477 397.1608 397.1477 396.6441 1 -1.45 0.026 0.012 0.026 0.529
2016 1 18 2 0 -59.30731 -57.57703 5772.211 462.7343 301.7717 399.7327 399.6803 399.4888 399.6803 399.0477 0 1.11 0.052 0.244 0.052 0.685
2016 1 18 2 0 -62.88553 -52.95432 11853.45 181.9903 370.8321 397.2032 397.2151 NA 397.2151 397.2084 1 -1.42 -0.012 NA -0.012 -0.005
2016 1 18 2 38 -62.2704 -52.94041 9630.669 256.0979 327.4505 NA 398.7948 398.6331 398.7948 398.6813 1 NA NA NA NA NA
2016 1 18 2 38 -60.87668 -52.9975 3970.029 587.0991 288.2242 NA 399.0626 398.7136 399.0626 398.8231 0 NA NA NA NA NA
2016 1 18 2 38 -60.62433 -52.99698 2695.103 699.3681 283.3638 398.7269 398.7173 398.7514 398.7173 398.4469 0 0.11 0.01 -0.024 0.01 0.28
2016 1 18 2 38 -60.36391 -53.00213 1296.839 839.6348 277.1925 398.1692 398.0267 398.1189 398.0267 397.8876 0 -0.45 0.142 0.05 0.142 0.282
2016 1 18 2 38 -59.88966 -53.05981 351.2406 947.725 272.2129 398.2389 398.2154 NA 398.2154 398.1897 0 -0.38 0.024 NA 0.024 0.049
2016 1 18 2 40 -60.00476 -53.09824 1377.291 830.823 278.0406 398.2289 398.1261 NA 398.1261 398.0732 0 -0.39 0.103 NA 0.103 0.156
2016 1 18 2 40 -60.66368 -53.00002 583.5642 920.2862 272.9701 398.3285 398.1749 NA 398.1749 398.268 0 -0.29 0.154 NA 0.154 0.061
2016 1 18 2 41 -61.04766 -53.00006 1147.14 855.5039 274.4568 398.2389 398.1025 398.0109 398.1025 398.4483 0 -0.38 0.136 0.228 0.136 -0.209
2016 1 18 2 42 -61.4278 -53.00009 331.5608 949.9846 271.5704 398.3584 398.2186 NA 398.2186 398.368 0 -0.26 0.14 NA 0.14 -0.01
2016 1 18 2 43 -61.8616 -52.99829 1214.318 848.0717 275.1232 398.0497 397.9571 NA 397.9571 398.2845 0 -0.57 0.093 NA 0.093 -0.235
2016 1 18 2 44 -63.07526 -52.98155 448.6767 935.4575 271.6371 398.3883 398.3198 NA 398.3198 398.7952 0 -0.23 0.069 NA 0.069 -0.407
2016 1 18 2 47 -62.34159 -54.05317 5220.427 492.7297 295.3683 398.8464 398.9153 398.8491 398.9153 NA 0 0.22 -0.069 -0.003 -0.069 NA
2016 1 18 2 48 -61.38963 -55.95129 192.53 969.6731 272.6571 398.2787 398.2096 398.5897 398.2096 398.5904 0 -0.34 0.069 -0.311 0.069 -0.312
2016 1 18 2 49 -59.36796 -56.3079 1655.619 805.0768 280.2187 398.1991 398.1999 NA 398.1999 398.2625 0 -0.42 -0.001 NA -0.001 -0.063
2016 1 18 2 50 -58.88478 -56.69018 435.6871 941.3722 274.9642 398.1194 398.071 NA 398.071 398.1005 0 -0.5 0.048 NA 0.048 0.019
2016 1 18 2 51 -58.48998 -56.99411 2797.378 694.5402 288.3283 398.8464 398.6449 NA 398.6449 398.8811 0 0.22 0.202 NA 0.202 -0.035
2016 1 18 2 51 -57.75932 -57.99075 5337.928 494.8781 301.4506 399.3543 399.4507 399.4579 399.4507 399.3682 0 0.73 -0.096 -0.104 -0.096 -0.014
2016 1 18 2 52 -57.42468 -58.4773 4061.817 590.439 296.5808 399.4041 399.4246 399.3996 399.4246 399.4395 0 0.78 -0.02 0.005 -0.02 -0.035
2016 1 18 2 52 -56.15763 -60.22133 4053.496 594.734 298.1888 399.0655 399.0689 NA 399.0689 399.1878 0 0.44 -0.003 NA -0.003 -0.122
2016 1 18 2 53 -55.34647 -61.26301 2389.277 742.4554 289.9906 398.707 398.6619 NA 398.6619 398.5533 0 0.08 0.045 NA 0.045 0.154
2016 1 18 2 54 -54.99373 -61.69963 192.4092 979.736 276.874 398.0198 397.9984 398.1243 397.9984 398.1631 0 -0.61 0.021 -0.105 0.021 -0.143
2016 1 18 2 55 -54.79805 -61.93774 1454.232 837.5218 283.9578 398.6671 398.5934 398.933 398.5934 398.5678 0 0.04 0.074 -0.266 0.074 0.099
2016 1 18 2 55 -54.52982 -62.25938 3339.032 659.3258 296.7178 398.7169 398.723 399.0493 398.723 398.6733 0 0.09 -0.006 -0.332 -0.006 0.044
2016 1 18 2 55 -54.28523 -62.54847 5103.466 523.1076 305.1647 399.6132 399.6321 NA 399.6321 399.2969 0 0.99 -0.019 NA -0.019 0.316
2016 1 18 2 55 -53.67793 -63.2489 6291.793 446.3691 310.021 399.5634 399.6637 399.7255 399.6637 399.6549 0 0.94 -0.1 -0.162 -0.1 -0.091
2016 1 18 2 55 -53.08202 -63.91159 8947.807 305.7997 319.6749 400.0215 400.1001 400.0482 400.1001 400.077 0 1.4 -0.079 -0.027 -0.079 -0.055
2016 1 18 2 0 -51.95103 -69.66905 7419.451 388.2985 313.7702 NA 400.5512 400.5019 400.5512 400.3842 0 NA NA NA NA NA
2016 1 21 3 0 -53.18616 -70.65247 2952.671 702.3335 300.8725 400.2505 400.1123 400.872 400.1123 NA 0 1.55 0.138 -0.622 0.138 NA
2016 1 21 3 57 -56.54307 -71.84381 12453.42 178.3485 362.4645 NA 400.5481 400.3409 400.5481 400.5832 0 NA NA NA NA NA
2016 1 21 3 0 -58.38241 -73.50922 7459.52 371.0257 311.5536 399.6431 399.5868 399.2311 399.5868 399.7728 0 0.94 0.056 0.412 0.056 -0.13
2016 1 21 3 60 -66.32534 -81.26824 12014.5 178.3464 376.6044 394.7232 394.7618 NA 394.7618 394.6151 1 -3.98 -0.039 NA -0.039 0.108
2016 1 21 3 60 -67.21547 -82.40563 9866.648 246.3365 340.7682 397.8704 NA 397.5719 NA 397.8565 1 -0.84 NA 0.298 NA 0.014
2016 1 21 3 60 -67.91739 -83.3711 6761.881 393.2829 300.3612 399.5136 399.5173 398.9045 399.5173 399.4865 0 0.81 -0.004 0.609 -0.004 0.027
2016 1 21 3 60 -68.35472 -83.83672 4358.855 554.4331 293.7577 399.0655 398.9621 398.7378 398.9621 398.9071 0 0.36 0.103 0.328 0.103 0.158
2016 1 21 3 60 -68.76986 -84.18364 1874.642 772.1334 282.405 NA 398.3689 NA 398.3689 398.3733 0 NA NA NA NA NA
2016 1 21 3 60 -68.93115 -85.02773 166.2613 959.8297 274.0863 397.6015 397.4502 NA 397.4502 397.8818 0 -1.11 0.151 NA 0.151 -0.28
2016 1 21 3 61 -68.44449 -85.2874 1475.67 812.7949 281.1557 398.3684 398.2704 NA 398.2704 398.6354 0 -0.34 0.098 NA 0.098 -0.267
2016 1 21 3 62 -67.98451 -85.51479 144.7717 963.905 274.5344 397.97 397.786 397.9466 397.786 398.093 0 -0.74 0.184 0.023 0.184 -0.123
2016 1 21 3 63 -67.55982 -85.71672 1474.439 814.4979 280.9299 398.5875 398.4375 NA 398.4375 398.7423 0 -0.12 0.15 NA 0.15 -0.155
2016 1 21 3 64 -67.11982 -85.91829 303.1347 946.0582 275.7707 398.3385 398.146 NA 398.146 398.2601 0 -0.37 0.192 NA 0.192 0.078
2016 1 21 3 65 -66.61817 -86.13924 1476.661 815.0875 280.4812 398.4281 NA 398.421 NA 398.4458 0 -0.28 NA 0.007 NA -0.018
2016 1 21 3 66 -65.75432 -86.49934 1478.645 816.4238 280.3598 398.5974 398.4053 398.5797 398.4053 398.404 0 -0.11 0.192 0.018 0.192 0.193
2016 1 21 3 68 -65.33021 -86.66721 335.4614 944.6019 276.0084 398.1094 398.1252 NA 398.1252 NA 0 -0.6 -0.016 NA -0.016 NA
2016 1 21 3 69 -63.54745 -87.31814 7101.717 376.6028 302.4005 399.5933 399.5474 399.3114 399.5474 399.4641 0 0.88 0.046 0.282 0.046 0.129
2016 1 21 3 70 -62.0522 -87.89264 164.8659 971.2791 276.9802 397.8405 NA 397.7656 NA 397.4808 0 -0.87 NA 0.075 NA 0.36
2016 1 21 3 72 -61.07158 -88.72574 5681.879 467.5605 296.1574 NA 399.3266 399.3731 399.3266 399.0979 0 NA NA NA NA NA
2016 1 21 3 72 -60.04141 -90.21045 159.8994 978.7189 278.3002 397.6314 397.4974 397.4254 397.4974 397.5149 0 -1.08 0.134 0.206 0.134 0.116
2016 1 21 3 73 -59.69595 -90.62562 2254.475 751.8333 284.9769 NA 398.2197 398.268 398.2197 398.1194 0 NA NA NA NA NA
2016 1 21 3 73 -59.1399 -90.9113 5492.279 484.7923 293.3844 399.2348 399.1417 399.1152 399.1417 NA 0 0.52 0.093 0.12 0.093 NA
2016 1 21 3 73 -58.45588 -90.7905 7229.047 376.557 302.2981 399.5634 399.5689 NA 399.5689 399.7848 0 0.85 -0.005 NA -0.005 -0.221
2016 1 21 3 0 -55.86444 -90.1845 4436.275 570.4385 294.1841 399.0954 399.1319 NA 399.1319 398.663 0 0.38 -0.036 NA -0.036 0.432
2016 1 21 3 74 -54.99037 -89.99731 156.4918 991.3177 280.9613 398.2289 398.1849 398.2831 398.1849 398.1281 0 -0.48 0.044 -0.054 0.044 0.101
2016 1 21 3 75 -54.95953 -89.99145 1045.661 888.8063 283.1267 398.3584 398.236 398.2606 398.236 398.2988 0 -0.35 0.122 0.098 0.122 0.06
2016 1 21 3 75 -55.22782 -90.08929 2381.384 750.3954 287.6012 398.5476 398.5447 398.6364 398.5447 398.3903 0 -0.16 0.003 -0.089 0.003 0.157
2016 1 21 3 75 -55.61967 -90.24492 4482.154 567.9788 295.1523 399.0854 399.2088 399.243 399.2088 398.9836 0 0.37 -0.123 -0.158 -0.123 0.102
2016 1 21 3 75 -56.29133 -90.51947 7364.511 376.0284 305.0792 399.1452 399.2494 NA 399.2494 399.1286 0 0.43 -0.104 NA -0.104 0.017
2016 1 21 3 75 -57.16295 -90.89213 10619.37 228.6219 345.7821 398.219 NA 398.139 NA 398.477 1 -0.49 NA 0.08 NA -0.258
2016 1 21 3 75 -58.06733 -91.29831 12175.81 178.6365 372.6935 395.3009 395.4684 395.2911 395.4684 395.6398 1 -3.41 -0.167 0.01 -0.167 -0.339
2016 1 21 3 0 -57.63332 -88.0231 12225.86 178.3291 372.1147 398.1094 398.1452 NA 398.1452 398.3905 1 -0.6 -0.036 NA -0.036 -0.281
2016 1 23 4 0 -52.68917 -71.16778 2385.769 703.3206 300.0054 400.141 400.0995 NA 400.0995 399.5432 0 1.37 0.042 NA 0.042 0.598
2016 1 23 4 77 -52.13462 -71.90443 5367.071 468.3672 313.5602 399.7128 399.8371 399.9135 399.8371 399.1418 0 0.94 -0.124 -0.201 -0.124 0.571
2016 1 23 4 77 -50.74159 -73.74978 12348.87 179.1334 360.8191 397.9003 397.9117 397.7788 397.9117 397.8554 1 -0.87 -0.011 0.122 -0.011 0.045
2016 1 23 4 0 -49.37356 -75.43023 12471.23 178.4657 357.0108 397.8405 397.9541 397.79 397.9541 NA 1 -0.93 -0.114 0.05 -0.114 NA
2016 1 23 4 0 -47.40025 -77.15201 6009.131 471.9312 315.3394 399.8323 399.9234 399.579 399.9234 400.2721 0 1.06 -0.091 0.253 -0.091 -0.44
2016 1 23 4 78 -47.03962 -77.24085 3831.669 627.2125 307.8773 399.3842 NA 399.0741 NA 399.8056 0 0.62 NA 0.31 NA -0.421
2016 1 23 4 78 -46.81028 -77.3364 2232.467 766.1663 297.6967 399.902 399.8609 NA 399.8609 400.2604 0 1.14 0.041 NA 0.041 -0.358
2016 1 23 4 78 -46.47053 -77.67275 161.8671 985.6074 287.0836 398.8763 398.766 NA 398.766 399.2921 0 0.11 0.11 NA 0.11 -0.416
2016 1 23 4 79 -45.13515 -78.53411 7741.999 376.6454 327.9064 400.4895 400.5789 400.7182 400.5789 400.9018 0 1.72 -0.089 -0.229 -0.089 -0.412
2016 1 23 4 80 -43.65977 -78.67101 317.4608 972.6629 288.1067 399.4539 399.3749 NA 399.3749 399.4868 0 0.69 0.079 NA 0.079 -0.033
2016 1 23 4 81 -42.0938 -78.80871 7842.769 377.0479 328.5217 400.7285 400.6931 400.6788 400.6931 400.9474 0 1.97 0.035 0.05 0.035 -0.219
2016 1 23 4 0 -39.99407 -78.98262 160.5288 995.1186 288.8105 399.4439 399.4103 NA 399.4103 399.4521 0 0.68 0.034 NA 0.034 -0.008
2016 1 23 4 83 -38.20475 -79.15618 7841.548 376.8231 322.8628 400.1609 400.3124 400.167 400.3124 NA 0 1.4 -0.151 -0.006 -0.151 NA
2016 1 23 4 84 -37.83046 -79.22704 6669.514 442.5867 319.5743 400.3103 NA 400.1972 NA NA 0 1.55 NA 0.113 NA NA
2016 1 23 4 84 -37.49801 -79.28936 4909.749 557.0631 314.0036 400.4397 400.5109 400.3261 400.5109 NA 0 1.68 -0.071 0.114 -0.071 NA
2016 1 23 4 84 -37.05894 -79.37144 2422.745 759.1917 303.827 400.0215 399.9226 399.7408 399.9226 399.9108 0 1.26 0.099 0.281 0.099 0.111
2016 1 23 4 84 -36.59128 -79.45728 165.2718 995.5872 289.8838 399.663 399.5397 399.5868 399.5397 399.5183 0 0.91 0.123 0.076 0.123 0.145
2016 1 23 4 85 -36.20461 -79.52751 1778.724 821.0377 295.5841 399.5734 399.5192 NA 399.5192 399.6289 0 0.82 0.054 NA 0.054 -0.055
2016 1 23 4 85 -35.9344 -79.57608 3414.828 672.1468 307.1931 400.2904 400.3089 NA 400.3089 400.3022 0 1.53 -0.019 NA -0.019 -0.012
2016 1 23 4 85 -35.53423 -79.64748 5654.604 504.7314 313.7071 402.5209 400.3338 400.4467 400.3338 400.4524 0 3.77 2.187 2.074 2.187 2.068
2016 1 23 4 85 -35.08554 -79.72695 7733.327 379.7447 319.6453 399.8024 399.9188 399.9103 399.9188 400.2744 0 1.05 -0.116 -0.108 -0.116 -0.472
2016 1 23 4 85 -34.65132 -79.03042 12856.82 178.4453 364.1327 398.0995 398.2845 NA 398.2845 398.4154 1 -0.65 -0.185 NA -0.185 -0.316
2016 1 23 4 0 -37.01122 -77.08702 12862.23 178.4605 359.2221 398.1393 398.321 398.0992 398.321 398.4445 1 -0.61 -0.182 0.04 -0.182 -0.305
2016 1 23 4 0 -38.13092 -76.14926 12873.37 178.4551 355.6115 399.2149 399.3072 NA 399.3072 399.3071 1 0.47 -0.092 NA -0.092 -0.092
2016 1 25 6 0 -53.15939 -70.76436 2556.513 728.0044 290.2882 398.7169 398.4119 399.2875 398.4119 398.8336 0 0.05 0.305 -0.571 0.305 -0.117
2016 1 25 6 89 -53.81856 -70.0181 6242.29 443.5953 307.3244 400.2406 400.0407 NA 400.0407 400.2162 0 1.57 0.2 NA 0.2 0.024
2016 1 25 6 89 -57.51238 -69.05222 12152.82 178.4309 366.3838 397.4123 397.3428 NA 397.3428 NA 1 -1.25 0.07 NA 0.07 NA
2016 1 25 6 0 -60.2042 -68.88099 12108.6 178.4355 367.9745 397.6214 397.5969 397.5625 397.5969 397.7297 1 -1.04 0.024 0.059 0.024 -0.108
2016 1 25 6 0 -61.83932 -68.76229 12086.58 178.4418 367.5706 397.482 397.368 397.3417 397.368 397.3273 1 -1.18 0.114 0.14 0.114 0.155
2016 1 25 6 0 -64.14441 -65.55205 12051.94 178.3172 367.4912 395.6694 395.6449 395.4097 395.6449 395.6569 1 -2.99 0.024 0.26 0.024 0.012
2016 1 25 6 0 -63.47334 -68.20262 12066.84 178.4166 367.2797 396.4462 396.4903 396.2828 396.4903 396.387 1 -2.21 -0.044 0.163 -0.044 0.059
2016 1 25 6 0 -63.76634 -66.36322 12059.42 178.4475 368.4613 396.4164 396.3502 NA 396.3502 396.32 1 -2.24 0.066 NA 0.066 0.096
2016 1 25 6 0 -64.72467 -64.32035 12047.44 178.4457 366.5009 396.6454 396.5837 NA 396.5837 396.7363 1 -2.01 0.062 NA 0.062 -0.091
2016 1 25 6 90 -67.60505 -69.04401 12023.58 178.5106 366.9598 396.9243 396.9257 397.2363 396.9257 NA 1 -1.73 -0.001 -0.312 -0.001 NA
2016 1 25 6 90 -67.96128 -69.64928 10431.47 228.7861 336.9639 399.0555 399.0084 398.7581 399.0084 398.8007 1 0.4 0.047 0.297 0.047 0.255
2016 1 25 6 90 -67.80036 -69.65011 8413.918 312.503 310.4045 400.1709 400.2171 400.0312 400.2171 400.1242 0 1.51 -0.046 0.14 -0.046 0.047
2016 1 25 6 90 -67.93464 -69.00498 6333.371 426.1103 304.5976 398.3684 399.6783 399.5128 399.6783 399.4993 0 -0.29 -1.31 -1.144 -1.31 -1.131
2016 1 25 6 90 -67.91738 -69.33402 4497.542 550.7607 295.8822 398.5576 398.8691 NA 398.8691 398.9311 0 -0.1 -0.312 NA -0.312 -0.374
2016 1 25 6 90 -67.81777 -69.29727 2781.966 694.3926 287.3941 398.9061 398.507 398.4451 398.507 398.6092 0 0.25 0.399 0.461 0.399 0.297
2016 1 25 6 90 -67.85793 -69.47289 1235.881 847.8075 280.5383 399.673 NA 398.3713 NA 398.4781 0 1.02 NA 1.302 NA 1.195
2016 1 25 6 90 -67.83933 -69.52487 299.789 953.1261 275.5037 398.0696 397.9718 NA 397.9718 398.0626 0 -0.59 0.098 NA 0.098 0.007
2016 1 25 6 90 -67.72751 -69.60957 551.8482 923.8094 276.3051 398.1792 398.0308 NA 398.0308 398.1706 0 -0.48 0.148 NA 0.148 0.009
2016 1 25 6 91 -67.39923 -69.67207 3026.951 671.8004 288.1404 398.6671 398.6593 NA 398.6593 398.7093 0 0.01 0.008 NA 0.008 -0.042
2016 1 25 6 91 -66.89405 -69.67963 5223.825 498.8851 300.2509 NA 398.9737 NA 398.9737 399.1683 0 NA NA NA NA NA
2016 1 25 6 91 -66.40082 -69.68709 7160.044 378.828 307.1582 399.892 399.8984 400.0884 399.8984 399.894 0 1.24 -0.006 -0.196 -0.006 -0.002
2016 1 25 6 91 -65.87411 -69.69441 9016.269 286.1838 314.2353 400.1012 400.097 400.1733 400.097 400.1188 0 1.45 0.004 -0.072 0.004 -0.018
2016 1 25 6 91 -64.41843 -69.71311 12066.37 178.7189 366.0183 398.3584 398.3538 NA 398.3538 398.6404 1 -0.29 0.005 NA 0.005 -0.282
2016 1 25 6 0 -63.30424 -69.72654 12092.24 178.4293 366.1865 398.468 398.4796 NA 398.4796 NA 1 -0.18 -0.012 NA -0.012 NA
2016 1 30 7 93 -52.35417 -70.14967 5212.769 531.5385 310.8838 400.6887 400.5581 400.8299 400.5581 400.6974 0 1.95 0.131 -0.141 0.131 -0.009
2016 1 30 7 93 -50.3421 -66.35808 12727.48 178.9463 346.7033 401.1268 401.1327 401.1019 401.1327 401.1615 0 2.39 -0.006 0.025 -0.006 -0.035
2016 1 30 7 93 -49.20477 -64.01581 8290.183 357.1669 324.007 400.858 400.8222 400.4395 400.8222 400.8181 0 2.12 0.036 0.418 0.036 0.04
2016 1 30 7 94 -48.62757 -62.8364 162.4786 1004.19 283.0025 397.9601 397.8508 NA 397.8508 397.8279 0 -0.77 0.109 NA 0.109 0.132
2016 1 30 7 95 -48.46537 -62.11561 1513.526 852.2299 292.681 398.9261 398.8788 NA 398.8788 398.6984 0 0.19 0.047 NA 0.047 0.228
2016 1 30 7 96 -48.34136 -61.57675 171.1144 1002.516 282.4736 398.3684 398.1698 NA 398.1698 398.3006 0 -0.36 0.199 NA 0.199 0.068
2016 1 30 7 97 -48.16838 -60.84691 1504.98 852.4617 293.5753 398.8962 398.803 399.1656 398.803 398.7758 0 0.17 0.093 -0.269 0.093 0.12
2016 1 30 7 98 -48.01758 -60.22973 159.8445 1002.97 282.0438 398.2489 398.1085 NA 398.1085 398.1317 0 -0.48 0.14 NA 0.14 0.117
2016 1 30 7 99 -47.86553 -59.62424 1498.007 851.9739 293.5236 398.8265 398.8592 399.2264 398.8592 398.8484 0 0.1 -0.033 -0.4 -0.033 -0.022
2016 1 30 7 100 -47.67398 -58.88335 157.2644 1002.996 281.0582 398.209 398.1013 NA 398.1013 398.0128 0 -0.52 0.108 NA 0.108 0.196
2016 1 30 7 101 -47.69616 -58.76989 1622.191 840.5345 294.0091 399.4041 399.3738 399.6162 399.3738 NA 0 0.67 0.03 -0.212 0.03 NA
2016 1 30 7 101 -47.6268 -58.59355 6287.983 462.5469 313.0613 400.3103 400.2841 NA 400.2841 400.0591 0 1.58 0.026 NA 0.026 0.251
2016 1 30 7 101 -47.74487 -59.71325 12407.34 187.3522 342.9411 400.2007 400.2683 400.4439 400.2683 400.2908 0 1.47 -0.068 -0.243 -0.068 -0.09
2016 1 30 7 0 -47.3125 -61.52425 12453.14 187.345 344.7994 401.1268 401.2743 401.387 401.2743 401.5647 0 2.4 -0.147 -0.26 -0.147 -0.438
2016 1 30 7 0 -47.04923 -62.77287 11568.04 217.2518 337.3476 400.9974 401.025 400.8556 401.025 401.109 0 2.27 -0.028 0.142 -0.028 -0.112
2016 1 30 7 102 -47.11455 -62.77377 7038.647 421.8119 320.5463 NA 400.6599 NA 400.6599 NA 0 NA NA NA NA NA
2016 1 30 7 102 -47.19404 -62.65612 4328.124 602.0722 310.1602 NA 399.7979 400.0756 399.7979 NA 0 NA NA NA NA NA
2016 1 30 7 102 -47.19545 -62.66898 797.422 930.9716 289.3887 NA 398.469 NA 398.469 398.1668 0 NA NA NA NA NA
2016 1 30 7 103 -47.10235 -62.56827 162.2223 1003.693 284.0565 NA 397.7876 NA 397.7876 397.6707 0 NA NA NA NA NA
2016 1 30 7 103 -46.93518 -61.77309 1524.5 851.0858 294.2371 NA 398.93 NA 398.93 398.6051 0 NA NA NA NA NA
2016 1 30 7 104 -46.79573 -61.13168 156.8886 1004.801 282.8225 NA 398.211 398.4367 398.211 398.1835 0 NA NA NA NA NA
2016 1 30 7 105 -46.70129 -60.70787 1508.221 852.9716 293.9489 NA 398.9913 399.2516 398.9913 398.5123 0 NA NA NA NA NA
2016 1 30 7 106 -46.57439 -60.15176 160.303 1002.903 282.4185 NA 397.9555 NA 397.9555 397.7234 0 NA NA NA NA NA
2016 1 30 7 107 -46.47868 -59.7415 1507.378 852.1438 294.6971 NA 399.405 399.8672 399.405 399.1515 0 NA NA NA NA NA
2016 1 30 7 108 -46.33259 -59.17194 158.6994 1001.799 281.0793 NA NA 398.1573 NA 397.8811 0 NA NA NA NA NA
2016 1 30 7 109 -46.21961 -58.75536 1513.101 850.4023 295.0711 NA 399.3848 399.5023 399.3848 398.7983 0 NA NA NA NA NA
2016 1 30 7 111 -46.10359 -58.3351 299.666 983.5753 283.3467 NA 397.3915 397.5092 397.3915 397.2125 0 NA NA NA NA NA
2016 1 30 7 111 -47.35032 -59.60794 8760.41 329.6767 324.7369 NA 400.9625 401.0491 400.9625 NA 0 NA NA NA NA NA
2016 1 30 7 0 -49.11569 -61.8475 162.2665 1004.213 283.5494 NA 398.3346 398.7459 398.3346 397.8272 0 NA NA NA NA NA
2016 1 30 7 113 -49.79921 -64.71058 8775.795 330.3728 326.4575 NA 401.2141 401.3607 401.2141 NA 0 NA NA NA NA NA
2016 1 30 7 0 -52.47819 -70.2167 4492.867 583.8103 307.2545 NA 400.2468 400.4696 400.2468 400.0604 0 NA NA NA NA NA
2016 2 5 8 115 -54.24204 -70.11459 8624.971 332.0337 317.9835 400.3103 400.3346 400.133 400.3346 400.1692 0 1.77 -0.024 0.177 -0.024 0.141
2016 2 5 8 115 -56.28447 -71.6245 12208.46 187.3901 335.7338 399.8223 399.8469 400.05 399.8469 399.5582 1 1.28 -0.025 -0.228 -0.025 0.264
2016 2 5 8 0 -59.5305 -74.42686 12101.56 187.455 331.4697 NA 399.7693 NA 399.7693 399.5256 1 NA NA NA NA NA
2016 2 5 8 0 -61.24455 -75.75403 9348.514 288.5264 320.164 400.0514 400.0358 NA 400.0358 399.783 0 1.51 0.016 NA 0.016 0.268
2016 2 5 8 117 -62.82299 -77.01996 11907.11 188.5863 339.6699 397.8903 397.965 397.9204 397.965 397.8812 1 -0.65 -0.075 -0.03 -0.075 0.009
2016 2 5 8 0 -67.50579 -81.83185 11615.85 190.1262 358.5035 396.7749 396.8565 NA 396.8565 396.7559 1 -1.76 -0.082 NA -0.082 0.019
2016 2 5 8 118 -68.17275 -82.69156 9025.566 282.4446 320.0815 398.3982 398.7192 398.5197 398.7192 398.5571 1 -0.14 -0.321 -0.122 -0.321 -0.159
2016 2 5 8 118 -69.3628 -84.37377 7050.656 377.0031 303.2439 400.0414 399.801 400.0072 399.801 399.5981 0 1.51 0.24 0.034 0.24 0.443
2016 2 5 8 118 -70.12785 -85.57183 5496.754 470.6556 296.8264 399.414 399.2901 NA 399.2901 399.4008 0 0.88 0.124 NA 0.124 0.013
2016 2 5 8 118 -70.38644 -86.00022 4088.519 572.9709 289.5365 399.1053 399.2806 399.4658 399.2806 399.2718 0 0.57 -0.175 -0.361 -0.175 -0.166
2016 2 5 8 118 -70.60411 -86.37093 2718.335 690.1506 281.4771 398.4381 398.4862 398.631 398.4862 398.7076 0 -0.1 -0.048 -0.193 -0.048 -0.269
2016 2 5 8 118 -70.81754 -86.74357 1179.601 846.0921 276.102 397.8605 NA 397.8538 NA 397.9769 0 -0.67 NA 0.007 NA -0.116
2016 2 5 8 118 -71.2271 -87.48521 231.1565 953.855 273.5229 397.6214 397.4789 NA 397.4789 397.9035 0 -0.91 0.142 NA 0.142 -0.282
2016 2 5 8 119 -71.27337 -87.99623 1286.464 833.3248 276.7722 397.8605 397.7724 397.7145 397.7724 397.8128 0 -0.67 0.088 0.146 0.088 0.048
2016 2 5 8 120 -70.5215 -88.00004 1443.456 818.1284 276.5451 397.8505 397.8269 NA 397.8269 397.8857 0 -0.68 0.024 NA 0.024 -0.035
2016 2 5 8 122 -70.01441 -87.99989 164.1886 965.4885 273.5778 397.7011 397.7321 397.7269 397.7321 398.0973 0 -0.83 -0.031 -0.026 -0.031 -0.396
2016 2 5 8 123 -69.81144 -87.268 2050.99 756.8429 278.8056 397.97 398.012 397.8125 398.012 398.3603 0 -0.56 -0.042 0.158 -0.042 -0.39
2016 2 5 8 0 -70.25216 -83.04004 4070.316 574.6301 289.7251 NA 399.0331 NA 399.0331 NA 0 NA NA NA NA NA
2016 2 5 8 124 -70.12759 -80.00022 389.0833 937.4241 274.0072 397.6613 397.5927 398.145 397.5927 NA 0 -0.87 0.069 -0.484 0.069 NA
2016 2 5 8 125 -68.71638 -79.99964 1400.032 826.9858 275.5084 397.7907 397.7763 397.8541 397.7763 NA 0 -0.74 0.014 -0.063 0.014 NA
2016 2 5 8 128 -68.20483 -79.99979 216.7808 963.7106 274.2325 397.8505 397.6673 397.9271 397.6673 NA 0 -0.68 0.183 -0.077 0.183 NA
2016 2 5 8 129 -67.79712 -79.7587 1163.494 855.4307 275.7941 401.0571 397.833 397.8174 397.833 NA 0 2.53 3.224 3.24 3.224 NA
2016 2 5 8 130 -67.47989 -79.39145 165.4808 971.9607 274.4705 401.804 397.6799 NA 397.6799 NA 0 3.27 4.124 NA 4.124 NA
2016 2 5 8 131 -66.78847 -78.62689 3598.897 622.8111 292.9082 399.0256 399.0942 399.0287 399.0942 NA 0 0.5 -0.069 -0.003 -0.069 NA
2016 2 5 8 131 -64.7266 -76.60052 5830.758 465.4791 310.0166 400.1211 400.1031 NA 400.1031 NA 0 1.59 0.018 NA 0.018 NA
2016 2 5 8 132 -63.3035 -75.38427 663.3197 920.6031 277.6169 398.2389 398.1604 398.6003 398.1604 398.3984 0 -0.29 0.079 -0.361 0.079 -0.159
2016 2 5 8 133 -61.25929 -73.84559 8448.459 330.2428 319.3055 400.2207 NA 400.2108 NA NA 0 1.69 NA 0.01 NA NA
2016 2 5 8 134 -60.11022 -73.07137 3223.568 675.0797 301.0586 400.1908 399.7386 399.922 399.7386 400.1238 0 1.66 0.452 0.269 0.452 0.067
2016 2 5 8 134 -59.26416 -72.54639 708.57 924.0706 285.2869 399.0057 398.8919 NA 398.8919 398.9608 0 0.48 0.114 NA 0.114 0.045
2016 2 5 8 135 -58.53104 -72.11426 4551.646 573.5548 307.6734 401.0771 399.9519 400.2452 399.9519 400.1022 0 2.55 1.125 0.832 1.125 0.975
2016 2 5 8 136 -57.20112 -71.37686 2215.549 775.6723 296.6459 NA 399.2596 NA 399.2596 399.4992 0 NA NA NA NA NA
2016 2 5 8 137 -55.0038 -70.27249 8675.654 330.3546 320.1604 400.3302 400.3085 399.8849 400.3085 400.6587 0 1.81 0.022 0.445 0.022 -0.329
2016 2 8 9 139 -52.74404 -71.18991 3295.697 661.7436 298.1242 399.7227 399.6062 NA 399.6062 399.4078 0 1.34 0.116 NA 0.116 0.315
2016 2 8 9 139 -52.30016 -71.75253 5828.75 474.829 308.8213 399.8124 399.881 NA 399.881 399.7399 0 1.43 -0.069 NA -0.069 0.073
2016 2 8 9 139 -51.72288 -72.46904 8518.183 326.0875 321.5495 400.4298 400.4318 NA 400.4318 400.3296 0 2.05 -0.002 NA -0.002 0.1
2016 2 8 9 140 -50.82342 -73.6936 12150.06 188.4514 354.1316 399.653 399.6223 NA 399.6223 399.6296 1 1.28 0.031 NA 0.031 0.023
2016 2 8 9 140 -49.71503 -75.123 7294.542 395.757 320.3174 400.4397 400.4523 NA 400.4523 NA 0 2.06 -0.013 NA -0.013 NA
2016 2 8 9 140 -49.07979 -75.9038 2881.001 707.0803 298.034 399.5734 399.6134 NA 399.6134 399.6635 0 1.2 -0.04 NA -0.04 -0.09
2016 2 8 9 140 -48.88066 -75.98898 1598.769 831.213 287.44 398.7269 398.848 NA 398.848 399.0564 0 0.35 -0.121 NA -0.121 -0.329
2016 2 8 9 140 -48.55418 -75.96179 143.2174 993.9818 284.089 398.8763 NA NA NA 398.8153 0 0.5 NA NA NA 0.061
2016 2 8 9 140 -47.94307 -75.91043 2325.826 759.8084 294.287 399.3244 399.2574 NA 399.2574 399.3167 0 0.95 0.067 NA 0.067 0.008
2016 2 8 9 141 -47.28299 -75.85646 5632.6 500.0129 316.821 400.5592 400.4991 NA 400.4991 400.5784 0 2.19 0.06 NA 0.06 -0.019
2016 2 8 9 141 -45.80555 -75.74185 8695.832 329.57 324.6471 400.5493 400.5649 NA 400.5649 400.9881 0 2.18 -0.016 NA -0.016 -0.439
2016 2 8 9 142 -44.80718 -75.66758 4851.217 557.8327 315.1589 400.3601 400.3371 NA 400.3371 NA 0 1.99 0.023 NA 0.023 NA
2016 2 8 9 142 -44.38398 -75.63676 2682.522 732.3668 302.0087 399.8422 399.7852 NA 399.7852 399.7841 0 1.47 0.057 NA 0.057 0.058
2016 2 8 9 143 -43.85017 -75.59875 112.7489 1001.981 286.8175 399.2348 399.1251 NA 399.1251 399.2864 0 0.87 0.11 NA 0.11 -0.052
2016 2 8 9 143 -43.08392 -75.54545 3680.21 649.66 309.6415 400.2505 NA NA NA 400.3901 0 1.88 NA NA NA -0.14
2016 2 8 9 143 -42.29244 -75.49162 7502.606 395.2724 322.2424 NA 400.5906 NA 400.5906 400.7228 0 NA NA NA NA NA
2016 2 8 9 143 -41.33131 -75.42821 8520.997 343.3401 323.8179 400.5592 400.6033 NA 400.6033 400.6905 0 2.19 -0.044 NA -0.044 -0.131
2016 2 8 9 144 -40.7412 -75.39031 5931.466 490.3567 318.4943 400.8181 400.5547 NA 400.5547 400.3047 0 2.45 0.263 NA 0.263 0.513
2016 2 8 9 144 -40.13013 -75.35182 2749.364 732.7712 304.2243 400.5493 400.5068 NA 400.5068 400.4064 0 2.19 0.043 NA 0.043 0.143
2016 2 8 9 145 -39.57629 -75.31735 110.5444 1005.938 289.0232 399.2348 399.1632 NA 399.1632 399.0553 0 0.87 0.072 NA 0.072 0.18
2016 2 8 9 145 -38.62756 -75.25967 4533.857 588.2315 314.518 400.9376 400.6131 NA 400.6131 NA 0 2.58 0.325 NA 0.325 NA
2016 2 8 9 145 -37.99721 -75.21507 7693.742 388.0697 323.4567 400.7086 400.4712 NA 400.4712 NA 0 2.35 0.237 NA 0.237 NA
2016 2 8 9 145 -36.58681 -75.1118 12523.61 189.6822 355.2266 399.5734 399.7342 NA 399.7342 399.8602 1 1.21 -0.161 NA -0.161 -0.287
2016 2 8 9 145 -35.16105 -74.99804 12641.82 187.2495 356.5451 400.7285 400.9252 NA 400.9252 400.9305 0 2.37 -0.197 NA -0.197 -0.202
2016 2 8 9 0 -35.5926 -74.69768 12630.45 187.2858 355.8151 400.4198 400.632 NA 400.632 400.6206 0 2.06 -0.212 NA -0.212 -0.201
2016 2 8 9 0 -36.38732 -74.45721 12614.12 187.3086 356.1978 400.6987 401.1683 NA 401.1683 NA 0 2.34 -0.47 NA -0.47 NA
2016 2 8 9 0 -38.57851 -73.60571 12035.23 203.7655 345.7292 399.7427 399.6486 NA 399.6486 NA 1 1.39 0.094 NA 0.094 NA
2016 2 8 9 146 -39.48528 -73.49013 8941.697 325.5121 325.5914 400.6887 400.6076 NA 400.6076 NA 0 2.33 0.081 NA 0.081 NA
2016 2 8 9 146 -40.47082 -73.37361 5927.898 490.5929 319.1194 400.6787 400.5487 NA 400.5487 400.3742 0 2.33 0.13 NA 0.13 0.305
2016 2 8 9 146 -40.91714 -73.31967 3882.393 635.9526 311.8836 400.2306 400.0972 NA 400.0972 399.9328 0 1.88 0.133 NA 0.133 0.298
2016 2 8 9 146 -41.35407 -73.26582 1472.451 854.0863 293.5759 399.3842 399.4431 NA 399.4431 399.5861 0 1.03 -0.059 NA -0.059 -0.202
2016 2 12 11 0 -53.23254 -70.75719 2756.411 704.701 291.452 398.9759 NA NA NA 398.9754 0 0.33 NA NA NA 0.001
2016 2 12 11 149 -54.57578 -69.85088 8004.625 336.2456 308.0783 399.9418 399.7689 NA 399.7689 399.9943 0 1.3 0.173 NA 0.173 -0.053
2016 2 12 11 149 -56.31206 -68.92599 11923.42 182.9104 369.9552 396.8247 396.7733 397.0519 396.7733 396.9759 1 -1.81 0.051 -0.227 0.051 -0.151
2016 2 12 11 149 -65.33591 -63.94595 11935.12 178.2794 371.7844 398.5974 398.3789 398.2882 398.3789 398.6018 1 -0.03 0.219 0.309 0.219 -0.004
2016 2 12 11 0 -71.71487 -59.12046 10953.74 207.3087 353.9124 398.2787 398.0617 398.1868 398.0617 397.8923 1 -0.34 0.217 0.092 0.217 0.386
2016 2 12 11 150 -72.80986 -57.92699 6997.139 379.9858 304.1626 399.673 399.8003 399.4221 399.8003 399.8728 0 1.06 -0.127 0.251 -0.127 -0.2
2016 2 12 11 150 -73.58982 -56.97703 3936.439 585.935 290.0304 398.9261 398.9546 NA 398.9546 398.8065 0 0.31 -0.029 NA -0.029 0.12
2016 2 12 11 150 -74.24388 -56.10692 1350.255 828.2165 275.5313 398.448 398.2752 398.6128 398.2752 398.1304 0 -0.16 0.173 -0.165 0.173 0.318
2016 2 12 11 150 -74.93863 -55.09521 120.611 971.7176 262.9201 398.0497 397.9517 398.1977 397.9517 398.0073 0 -0.56 0.098 -0.148 0.098 0.042
2016 2 12 11 151 -74.73684 -54.95482 2014.326 758.2326 279.472 398.6273 398.5234 399.0901 398.5234 398.692 0 0.02 0.104 -0.463 0.104 -0.065
2016 2 12 11 151 -73.98125 -54.84374 6021.367 437.942 302.1831 399.9518 399.8365 400.4501 399.8365 399.918 0 1.35 0.115 -0.498 0.115 0.034
2016 2 12 11 151 -73.66684 -54.79939 7594.538 347.6307 308.6474 399.7925 399.8155 400.6629 399.8155 400.1775 0 1.19 -0.023 -0.87 -0.023 -0.385
2016 2 12 11 151 -72.26366 -54.61885 4330.446 555.0897 295.8034 399.3543 399.323 399.4189 399.323 399.4374 0 0.75 0.031 -0.065 0.031 -0.083
2016 2 12 11 152 -71.06508 -54.4851 201.7687 956.7842 267.6952 NA 398.0221 398.2805 398.0221 398.366 0 NA NA NA NA NA
2016 2 12 11 153 -70.4419 -54.42194 3284.307 638.2372 290.6943 399.1252 398.9654 399.423 398.9654 398.9656 0 0.53 0.16 -0.298 0.16 0.16
2016 2 12 11 153 -69.73935 -54.35493 6734.264 394.6796 306.0471 399.6829 399.544 400.1372 399.544 399.8683 0 1.09 0.139 -0.454 0.139 -0.185
2016 2 12 11 153 -69.24 -54.31005 9078.318 276.4191 316.5877 399.8622 399.7254 NA 399.7254 400.0811 0 1.27 0.137 NA 0.137 -0.219
2016 2 12 11 153 -67.15917 -54.14492 4450.126 544.2758 297.6022 399.4937 399.4312 399.2272 399.4312 399.4535 0 0.9 0.062 0.267 0.062 0.04
2016 2 12 11 154 -65.45376 -54.02842 1388.965 818.8807 278.2119 398.468 398.4089 398.3986 398.4089 398.4419 0 -0.12 0.059 0.069 0.059 0.026
2016 2 12 11 155 -64.78719 -53.99997 167.2809 958.4794 269.9558 398.3285 397.963 398.1364 397.963 398.0963 0 -0.26 0.365 0.192 0.365 0.232
2016 2 12 11 155 -63.73402 -53.99981 1171.79 843.2288 278.1633 398.4182 398.2285 NA 398.2285 398.4129 0 -0.16 0.19 NA 0.19 0.005
2016 2 12 11 156 -63.02429 -53.99984 174.2798 959.4695 271.1926 398.1991 397.8555 398.0397 397.8555 398.2825 0 -0.38 0.344 0.159 0.344 -0.083
2016 2 12 11 157 -62.32285 -53.99991 1187.035 843.2046 277.4699 398.2389 398.0343 398.0171 398.0343 397.9538 0 -0.34 0.205 0.222 0.205 0.285
2016 2 12 11 158 -61.58745 -53.91898 164.5946 962.293 273.0752 398.1493 NA NA NA 398.0529 0 -0.43 NA NA NA 0.096
2016 2 12 11 158 -61.22688 -53.93606 166.829 962.2999 273.5529 398.0995 397.9901 398.2924 397.9901 398.0225 0 -0.48 0.109 -0.193 0.109 0.077
2016 2 12 11 159 -60.69516 -54.91914 2644.371 699.6965 286.9162 399.0157 398.7807 NA 398.7807 NA 0 0.44 0.235 NA 0.235 NA
2016 2 12 11 159 -60.26011 -56.17016 6694.523 400.6113 302.3281 399.5037 399.5263 400.0014 399.5263 NA 0 0.93 -0.023 -0.498 -0.023 NA
2016 2 12 11 0 -58.88734 -59.82576 10358.05 230.8663 342.1648 397.6414 397.8848 NA 397.8848 398.0766 1 -0.93 -0.243 NA -0.243 -0.435
2016 2 12 11 161 -57.05078 -64.4635 11750.9 187.2645 363.5158 NA 397.1004 396.7392 397.1004 397.2547 1 NA NA NA NA NA
2016 2 12 11 0 -53.76116 -69.87362 7010.993 389.9225 303.3251 399.5335 399.6048 399.1187 399.6048 399.4171 0 0.98 -0.071 0.415 -0.071 0.116
2016 2 12 11 162 -53.20598 -70.37343 3684.709 620.05 293.6669 398.7169 398.5593 NA 398.5593 398.6972 0 0.16 0.158 NA 0.158 0.02
2016 2 18 14 164 -53.64363 -70.29136 5653.33 484.2091 304.4383 NA 399.8041 NA 399.8041 399.7306 0 NA NA NA NA NA
2016 2 18 14 164 -54.30031 -69.48042 8873.984 303.1724 320.0698 NA 400.5417 400.3826 400.5417 400.4549 0 NA NA NA NA NA
2016 2 18 14 164 -56.33395 -65.65475 12195.84 178.3371 363.1531 397.3426 397.2778 NA 397.2778 397.3881 1 -1.2 0.065 NA 0.065 -0.046
2016 2 18 14 0 -62.62284 -56.06142 7618.655 351.0646 305.5083 399.8422 399.6899 399.4202 399.6899 399.6988 0 1.3 0.152 0.422 0.152 0.143
2016 2 18 14 165 -62.97203 -54.78193 3306.489 645.5894 287.8639 398.9659 398.6694 398.8114 398.6694 398.5878 0 0.43 0.296 0.154 0.296 0.378
2016 2 18 14 165 -62.90134 -55.05088 1305.698 840.6996 282.0169 398.3385 398.3717 NA 398.3717 398.3453 0 -0.2 -0.033 NA -0.033 -0.007
2016 2 18 14 165 -62.77134 -54.84925 166.6065 968.7716 274.3233 397.9999 397.8602 NA 397.8602 398.3053 0 -0.54 0.14 NA 0.14 -0.305
2016 2 18 14 165 -61.83329 -54.47205 3546.745 626.285 289.2467 398.7767 398.6679 398.9955 398.6679 398.9089 0 0.24 0.109 -0.219 0.109 -0.132
2016 2 18 14 166 -60.08842 -53.95571 7171.078 376.6106 302.4085 399.8024 399.7467 399.6885 399.7467 399.4972 0 1.26 0.056 0.114 0.056 0.305
2016 2 18 14 167 -58.69342 -53.53985 1716.231 803.7325 280.3554 398.6771 398.468 398.6023 398.468 398.6082 0 0.14 0.209 0.075 0.209 0.069
2016 2 18 14 167 -58.00043 -53.3456 162.6423 980.4247 275.7488 398.4182 398.2806 398.5215 398.2806 398.5721 0 -0.12 0.138 -0.103 0.138 -0.154
2016 2 18 14 168 -57.35629 -53.13665 3380.295 649.9356 289.8549 398.6173 398.6084 398.8538 398.6084 398.7218 0 0.08 0.009 -0.236 0.009 -0.104
2016 2 18 14 168 -55.80427 -52.63355 7310.025 376.8408 301.0966 399.6829 NA NA NA NA 0 1.14 NA NA NA NA
2016 2 18 14 169 -54.19811 -52.15484 1989.938 787.7787 290.8709 NA 398.4826 398.7295 398.4826 398.8103 0 NA NA NA NA NA
2016 2 18 14 169 -53.39152 -51.92787 317.0762 969.0227 284.4404 398.6472 398.4869 NA 398.4869 398.7204 0 0.11 0.16 NA 0.16 -0.073
2016 2 18 14 170 -52.83332 -51.77558 3354.617 663.5366 294.3684 NA 398.511 398.6928 398.511 398.3338 0 NA NA NA NA NA
2016 2 18 14 170 -52.02277 -51.56148 7446.481 379.7771 312.3094 400.0414 399.9034 399.7063 399.9034 400.1961 0 1.5 0.138 0.335 0.138 -0.155
2016 2 18 14 170 -49.9822 -51.05438 1998.867 792.2549 290.628 NA 399.0675 NA 399.0675 398.9728 0 NA NA NA NA NA
2016 2 18 14 171 -49.36247 -50.92658 113.4475 998.315 283.9375 398.5078 398.127 398.4539 398.127 398.2818 0 -0.03 0.381 0.054 0.381 0.226
2016 2 18 14 171 -49.19124 -51.67853 3352.365 668.726 301.1336 399.7028 399.4877 399.2812 399.4877 399.858 0 1.17 0.215 0.422 0.215 -0.155
2016 2 18 14 172 -49.33944 -52.8004 7586.398 378.9604 321.3062 400.2107 400.0919 400.1345 400.0919 399.8154 0 1.68 0.119 0.076 0.119 0.395
2016 2 18 14 172 -49.49233 -54.07461 6295.532 451.7798 313.5691 399.4539 399.3507 399.3509 399.3507 399.6715 0 0.92 0.103 0.103 0.103 -0.218
2016 2 18 14 173 -49.69128 -55.96 1959.524 795.0888 292.3793 NA 398.691 398.951 398.691 398.7548 0 NA NA NA NA NA
2016 2 18 14 173 -49.80685 -57.1882 46.93581 1001.529 283.5321 398.219 397.9271 398.2257 397.9271 398.0625 0 -0.32 0.292 -0.007 0.292 0.156
2016 2 18 14 174 -49.84479 -57.71635 1549.806 835.0457 289.9938 398.936 398.7148 398.8851 398.7148 398.956 0 0.4 0.221 0.051 0.221 -0.02
2016 2 18 14 174 -49.87865 -58.16782 3353.345 664.422 297.0815 399.0954 398.8846 NA 398.8846 398.9512 0 0.56 0.211 NA 0.211 0.144
2016 2 18 14 174 -49.95134 -59.223 7314.657 387.6325 316.2499 400.3302 400.2111 400.3584 400.2111 400.3095 0 1.8 0.119 -0.028 0.119 0.021
2016 2 18 14 174 -49.99556 -60.23843 10335.15 247.13 330.5264 399.2348 398.837 NA 398.837 398.6932 0 0.7 0.398 NA 0.398 0.542
2016 2 18 14 174 -49.87614 -63.9806 12421.35 178.3847 364.4531 397.5916 397.6984 397.3828 397.6984 398.0364 1 -0.94 -0.107 0.209 -0.107 -0.445
2016 2 18 14 0 -50.67226 -67.0992 12407.65 178.436 362.4198 398.4381 398.4747 398.2217 398.4747 398.8299 1 -0.09 -0.037 0.216 -0.037 -0.392
2016 2 18 14 0 -51.88547 -69.58062 12294.29 181.4248 357.9829 398.8364 398.9274 NA 398.9274 NA 1 0.3 -0.091 NA -0.091 NA
2016 2 24 17 180 -53.6141 -70.26207 5071.983 522.6839 306.1171 399.8821 399.9156 NA 399.9156 399.1438 0 1.67 -0.034 NA -0.034 0.738
2016 2 24 17 180 -54.13222 -69.66463 8013.681 345.2508 317.6148 400.8181 400.4217 NA 400.4217 399.8592 0 2.6 0.396 NA 0.396 0.959
2016 2 24 17 180 -60.47485 -69.04194 12119.29 178.4407 370.4637 398.0198 397.9825 NA 397.9825 397.8244 1 -0.2 0.037 NA 0.037 0.195
2016 2 24 17 0 -62.34855 -69.21884 11286.31 201.7009 358.5812 397.731 398.0494 NA 398.0494 397.9574 1 -0.49 -0.318 NA -0.318 -0.226
2016 2 24 17 181 -65.78125 -69.60853 7975.803 330.2676 313.3849 400.4696 400.3594 NA 400.3594 400.6964 0 2.24 0.11 NA 0.11 -0.227
2016 2 24 17 181 -66.39468 -69.68937 6681.274 400.0736 306.87 399.5634 399.6788 NA 399.6788 400.0819 0 1.33 -0.115 NA -0.115 -0.519
2016 2 24 17 181 -67.00227 -69.77353 4611.313 536.0422 296.0446 399.1949 399.0244 NA 399.0244 399.8927 0 0.96 0.171 NA 0.171 -0.698
2016 2 24 17 181 -67.70945 -69.877 2216.936 739.661 282.2034 398.7767 398.4455 NA 398.4455 399.2701 0 0.55 0.331 NA 0.331 -0.493
2016 2 24 17 181 -68.33645 -70.16246 183.7764 962.8444 271.2328 397.7808 NA NA NA 398.9605 0 -0.45 NA NA NA -1.18
2016 2 24 17 182 -67.53214 -70.63899 1476.262 815.0918 277.9284 398.5178 398.2283 NA 398.2283 399.4424 0 0.28 0.29 NA 0.29 -0.925
2016 2 24 17 183 -66.58996 -71.11037 170.8648 965.6489 269.561 397.8804 397.8792 NA 397.8792 398.843 0 -0.36 0.001 NA 0.001 -0.963
2016 2 24 17 184 -66.06697 -71.35844 2771.782 688.1649 286.1318 399.424 399.5261 NA 399.5261 399.5967 0 1.19 -0.102 NA -0.102 -0.173
2016 2 24 17 184 -64.77421 -71.92915 6842.617 393.4194 307.0707 399.3244 399.2871 NA 399.2871 NA 0 1.08 0.037 NA 0.037 NA
2016 2 24 17 185 -63.18873 -72.55809 1722.001 795.5544 279.5807 398.3385 NA NA NA 399.174 0 0.1 NA NA NA -0.835
2016 2 24 17 185 -62.32683 -72.85531 172.3285 972.5261 273.8164 NA 398.0178 NA 398.0178 398.8874 0 NA NA NA NA NA
2016 2 24 17 186 -61.8236 -73.00699 2754.428 697.2798 288.8589 399.3344 399.1413 NA 399.1413 399.3361 0 1.09 0.193 NA 0.193 -0.002
2016 2 24 17 186 -60.96772 -73.25345 6759.228 406.2701 311.5435 399.9916 400.06 NA 400.06 399.9639 0 1.74 -0.068 NA -0.068 0.028
2016 2 24 17 186 -58.73784 -73.96778 1684.067 805.6435 280.7618 398.7468 398.65 NA 398.65 398.5012 0 0.5 0.097 NA 0.097 0.246
2016 2 24 17 187 -57.99363 -74.1767 173.8679 976.2213 277.4205 398.5178 NA NA NA 397.7618 0 0.27 NA NA NA 0.756
2016 2 24 17 188 -57.50789 -74.27001 2712.166 707.4436 292.7046 399.5933 399.4253 NA 399.4253 398.9804 0 1.34 0.168 NA 0.168 0.613
2016 2 24 17 188 -56.66286 -74.43423 7005.152 400.0025 317.105 400.4597 400.5139 NA 400.5139 400.0116 0 2.21 -0.054 NA -0.054 0.448
2016 2 24 17 188 -54.34397 -75.09116 1621.178 817.2747 285.6144 399.2248 398.826 NA 398.826 398.5409 0 0.97 0.399 NA 0.399 0.684
2016 2 24 17 189 -53.66607 -75.25743 325.0366 961.4079 280.5917 398.5277 398.893 NA 398.893 398.7966 0 0.27 -0.365 NA -0.365 -0.269
2016 2 24 17 190 -53.2393 -75.34775 2749.354 710.1823 295.9968 NA NA NA NA 399.4376 0 NA NA NA NA NA
2016 2 24 17 190 -52.36305 -75.52738 7212.311 396.4239 321.4407 400.7982 400.7039 NA 400.7039 400.5533 0 2.54 0.094 NA 0.094 0.245
2016 2 24 17 190 -50.35097 -75.9199 1810.899 806.2275 288.5161 399.5037 399.4037 NA 399.4037 399.6123 0 1.24 0.1 NA 0.1 -0.109
2016 2 24 17 0 -49.76514 -76.02771 332.3411 968.8932 282.3659 398.7568 398.5751 NA 398.5751 398.5129 0 0.49 0.182 NA 0.182 0.244
2016 2 24 17 192 -49.63371 -76.07372 2662.104 726.3115 295.3362 400.0514 399.9401 NA 399.9401 399.7833 0 1.78 0.111 NA 0.111 0.268
2016 2 24 17 192 -51.69995 -72.34632 11880.83 196.6202 346.8876 400.4995 400.305 NA 400.305 400.4017 1 2.23 0.195 NA 0.195 0.098
2016 2 24 17 193 -52.53797 -71.08774 5747.127 483.0565 312.1379 400.2406 400.2191 NA 400.2191 400.2581 0 1.97 0.021 NA 0.021 -0.018
2016 2 25 18 194 -53.58038 -70.41967 5800.679 468.8999 304.3094 400.1908 399.7514 NA 399.7514 400.1977 0 1.71 0.439 NA 0.439 -0.007
2016 2 25 18 194 -54.19747 -69.59318 8806.561 304.5821 318.0384 400.2605 400.084 NA 400.084 400.6238 0 1.78 0.176 NA 0.176 -0.363
2016 2 25 18 194 -55.72402 -67.51928 12259.98 178.5452 363.0599 398.5576 NA NA NA 398.6048 1 0.07 NA NA NA -0.047
2016 2 25 18 0 -58.56362 -62.29906 6025.071 447.549 305.3404 399.4937 399.6856 NA 399.6856 399.6095 0 1 -0.192 NA -0.192 -0.116
2016 2 25 18 195 -59.61915 -60.02471 7763.367 345.9444 308.3218 399.1949 399.3875 NA 399.3875 NA 0 0.7 -0.193 NA -0.193 NA
2016 2 25 18 195 -60.08061 -58.95527 5889.627 452.9979 303.7041 399.7725 399.5124 NA 399.5124 399.6024 0 1.27 0.26 NA 0.26 0.17
2016 2 25 18 195 -60.58292 -57.73263 3202.283 652.7104 288.5777 399.2149 NA NA NA 399.0295 0 0.71 NA NA NA 0.185
2016 2 25 18 195 -60.8686 -57.00639 1674.155 797.9728 280.6293 NA 398.0521 NA 398.0521 398.0165 0 NA NA NA NA NA
2016 2 25 18 195 -61.01515 -56.25332 314.9161 948.2663 274.334 398.3684 397.9853 NA 397.9853 398.1873 0 -0.14 0.383 NA 0.383 0.181
2016 2 25 18 196 -60.32405 -57.14626 1486.603 817.7275 279.7998 397.9103 397.4583 NA 397.4583 397.8794 0 -0.6 0.452 NA 0.452 0.031
2016 2 25 18 197 -59.56536 -58.09808 336.5126 948.3138 276.0971 397.8704 397.5972 NA 397.5972 397.8486 0 -0.64 0.273 NA 0.273 0.022
2016 2 25 18 198 -59.25416 -58.47517 1495.045 818.6162 279.0795 398.0895 397.8589 NA 397.8589 398.0818 0 -0.42 0.231 NA 0.231 0.008
2016 2 25 18 199 -58.57462 -59.35104 164.5894 970.5091 274.9795 397.9202 397.6244 NA 397.6244 NA 0 -0.6 0.296 NA 0.296 NA
2016 2 25 18 200 -58.1589 -59.83453 1472.323 821.9673 279.3812 398.3883 398.0116 NA 398.0116 397.9789 0 -0.13 0.377 NA 0.377 0.409
2016 2 25 18 201 -57.60986 -60.34713 112.3857 978.4318 274.1581 398.7966 398.1397 NA 398.1397 398.5678 0 0.28 0.657 NA 0.657 0.229
2016 2 25 18 202 -57.06771 -60.92572 1179.482 854.6184 276.1807 398.4978 398.3603 NA 398.3603 398.3378 0 -0.03 0.137 NA 0.137 0.16
2016 2 25 18 204 -56.68463 -61.6961 110.1048 980.2526 275.292 398.5675 398.3813 NA 398.3813 398.4589 0 0.04 0.186 NA 0.186 0.109
2016 2 25 18 204 -56.58745 -62.16608 1688.482 801.7551 281.6248 399.3543 399.0874 NA 399.0874 399.2685 0 0.83 0.267 NA 0.267 0.086
2016 2 25 18 204 -56.4602 -62.7597 4305.644 570.5726 302.2416 399.7825 399.8265 NA 399.8265 399.826 0 1.25 -0.044 NA -0.044 -0.043
2016 2 25 18 204 -56.31317 -63.42623 7015.09 394.4582 313.0741 400.4895 400.2231 NA 400.2231 400.4506 0 1.96 0.266 NA 0.266 0.039
2016 2 25 18 204 -54.82048 -68.88232 7079.147 393.3021 312.1398 400.6289 400.5513 NA 400.5513 400.7645 0 2.09 0.078 NA 0.078 -0.136
2016 2 25 18 205 -54.07972 -69.56089 4467.484 563.7483 301.8549 399.6132 399.5412 NA 399.5412 399.7697 0 1.07 0.072 NA 0.072 -0.156
2016 2 29 19 206 -52.33628 -71.70739 5880.316 484.8713 313.4222 400.1211 400.1574 NA 400.1574 399.8521 0 0.97 -0.036 NA -0.036 0.269
2016 2 29 19 206 -51.94384 -72.19383 7899.806 367.576 322.4315 400.4099 400.3745 NA 400.3745 401.0412 0 1.26 0.035 NA 0.035 -0.631
2016 2 29 19 0 -50.3426 -73.79384 12272.36 190.1618 335.1186 400.4597 400.3454 NA 400.3454 NA 0 1.31 0.114 NA 0.114 NA
2016 2 29 19 0 -47.96913 -75.96506 12431.96 187.466 336.5308 400.4099 400.5417 NA 400.5417 400.1289 0 1.26 -0.132 NA -0.132 0.281
2016 2 29 19 0 -46.75935 -76.01643 11110.98 233.1292 333.4736 400.6389 400.4998 NA 400.4998 400.142 0 1.49 0.139 NA 0.139 0.497
2016 2 29 19 207 -45.83676 -76.01691 7927.369 372.4174 324.2754 NA 400.5456 NA 400.5456 400.2085 0 NA NA NA NA NA
2016 2 29 19 207 -45.1371 -76.01717 5057.92 548.1603 312.8641 400.3103 400.1096 NA 400.1096 400.2303 0 1.16 0.201 NA 0.201 0.08
2016 2 29 19 207 -44.52076 -76.01667 1918.497 810.6632 296.3263 400.2007 399.9402 NA 399.9402 400.6504 0 1.05 0.26 NA 0.26 -0.45
2016 2 29 19 207 -43.94704 -76.01668 158.0996 1003.145 284.4596 398.6671 398.476 NA 398.476 398.3793 0 -0.49 0.191 NA 0.191 0.288
2016 2 29 19 208 -43.5957 -76.01667 1215.107 883.315 292.6451 399.6331 399.4145 NA 399.4145 399.4327 0 0.48 0.219 NA 0.219 0.2
2016 2 29 19 208 -43.37262 -76.01666 2538.296 752.2593 301.3387 400.2605 400.1931 NA 400.1931 401.0682 0 1.11 0.067 NA 0.067 -0.808
2016 2 29 19 208 -43.14517 -76.01667 3805.037 642.7664 306.4112 400.3202 400.2951 NA 400.2951 400.9376 0 1.17 0.025 NA 0.025 -0.617
2016 2 29 19 208 -42.91051 -76.01666 5046.572 548.8073 313.3056 400.4696 400.4278 NA 400.4278 400.4701 0 1.32 0.042 NA 0.042 0
2016 2 29 19 208 -42.38153 -76.01661 6283.769 466.6122 317.9252 400.4696 NA NA NA NA 0 1.32 NA NA NA NA
2016 2 29 19 209 -41.73806 -76.0164 4735.909 571.9361 310.5135 400.4895 400.3244 NA 400.3244 400.0111 0 1.34 0.165 NA 0.165 0.478
2016 2 29 19 209 -41.32656 -76.01665 2547.009 752.2848 301.6824 400.4796 400.2887 NA 400.2887 399.93 0 1.33 0.191 NA 0.191 0.55
2016 2 29 19 209 -40.7297 -76.01657 161.3016 1002.715 285.7359 398.7966 398.5613 NA 398.5613 398.3468 0 -0.36 0.235 NA 0.235 0.45
2016 2 29 19 210 -39.89948 -76.01661 3154.974 698.6712 307.0294 400.6489 400.5057 NA 400.5057 399.5826 0 1.49 0.143 NA 0.143 1.066
2016 2 29 19 210 -39.41473 -76.0166 5692.209 507.141 317.2134 400.39 400.3056 NA 400.3056 400.9648 0 1.23 0.084 NA 0.084 -0.575
2016 2 29 19 211 -38.70031 -76.01671 8802.051 333.1842 331.3495 400.609 400.4842 NA 400.4842 400.8771 0 1.45 0.125 NA 0.125 -0.268
2016 2 29 19 211 -38.13339 -76.01688 6451.586 460.1401 321.309 400.8381 400.7031 NA 400.7031 NA 0 1.68 0.135 NA 0.135 NA
2016 2 29 19 211 -37.52763 -76.01666 3213.513 695.55 308.8877 400.8082 400.6102 NA 400.6102 400.4806 0 1.65 0.198 NA 0.198 0.328
2016 2 29 19 211 -36.60518 -76.01668 157.3847 1000.915 287.6952 398.1194 397.9459 NA 397.9459 398.0767 0 -1.04 0.173 NA 0.173 0.043
2016 2 29 19 212 -36.211 -76.00563 2220.79 783.9586 306.5224 400.6289 400.4762 NA 400.4762 401.0182 0 1.47 0.153 NA 0.153 -0.389
2016 2 29 19 212 -35.94436 -75.60365 4549.287 590.5733 315.5449 401.0074 400.9019 NA 400.9019 401.3468 0 1.85 0.106 NA 0.106 -0.339
2016 2 29 19 212 -35.56978 -74.91931 7336.523 411.3295 325.7719 401.4853 401.3336 NA 401.3336 402.2886 0 2.33 0.152 NA 0.152 -0.803
2016 2 29 19 212 -34.86871 -73.67213 11688.3 219.3408 339.244 400.6588 400.6157 NA 400.6157 400.627 0 1.5 0.043 NA 0.043 0.032
2016 2 29 19 212 -34.44307 -72.93494 12661.41 187.421 345.9985 401.1468 401.4466 NA 401.4466 NA 0 1.99 -0.3 NA -0.3 NA
2016 2 29 19 0 -25.5826 -71.00313 12901.37 187.2761 355.1762 401.7343 401.9962 NA 401.9962 401.937 0 2.57 -0.262 NA -0.262 -0.203
2016 2 29 19 0 -21.48123 -70.7471 12081.83 214.9627 349.8673 402.1923 402.2461 NA 402.2461 401.8833 0 3.03 -0.054 NA -0.054 0.309
2016 2 29 19 213 -20.14674 -70.69874 6944.723 440.8564 334.3146 402.1226 402.0745 NA 402.0745 401.9217 0 2.96 0.048 NA 0.048 0.201
