year month SPO_NOAA_insitu SPO_NOAA_flask SPO_SIO_O2_flask SPO_SIO_CDK_flask SPO_CSIRO_flask HBA_NOAA_flask SYO_NOAA_flask SYO_TU_insitu MAA_CSIRO_flask CYA_CSIRO_flask PSA_NOAA_flask PSA_SIO_O2_flask DRP_NOAA_flask MQA_CSIRO_flask CRZ_NOAA_flask BHD_NIWA_insitu CGO_NOAA_flask CGO_SIO_O2_flask CGO_CSIRO_flask AMS_LSCE_insitu CPT_SAWS_insitu
1998 1 406.7339 406.7149 406.6995 406.6973 406.6542 406.7249 NA 406.7142 406.7332 406.7446 406.7488 406.8088 NA 406.7485 406.6872 NA 406.9955 407.0001 407.0051 406.9175 407.1605
1998 2 406.9237 406.8845 406.8252 406.8257 406.801 406.8678 NA 406.9387 406.9526 406.9902 407.047 407.0356 NA 407.1268 406.9531 407.4073 407.0678 407.0479 407.055 407.2509 407.7276
1998 3 407.1584 407.0975 407.0965 407.0974 407.0722 407.14 NA 407.1735 407.1177 407.1774 407.3084 407.2447 NA 407.239 407.2232 407.7684 407.4717 407.6643 407.3982 407.4389 407.8545
1998 4 407.4295 407.3803 407.3409 407.3402 407.2668 407.4096 NA 407.4496 407.5304 407.4516 407.493 407.6515 NA 407.5223 407.6667 407.9358 407.6917 407.7609 407.6422 407.8462 408.1524
1998 5 407.7947 407.7444 407.7143 407.7181 407.6496 407.8059 NA 407.7887 407.7814 407.879 407.9404 407.9087 NA 407.9258 407.8471 NA 408.1408 407.7791 408.151 408.0445 408.3068
1998 6 408.1305 408.0612 408.0731 408.075 407.9571 408.1219 NA 408.1235 408.1619 408.142 408.2505 408.1484 NA 408.2904 408.1763 408.4566 408.2616 408.2396 408.2962 408.289 408.711
1998 7 408.4065 408.4334 408.3164 408.3157 408.2339 408.435 NA 408.4363 408.4956 408.3336 408.4285 408.4506 NA 408.4316 408.4544 408.7202 408.6013 408.6466 408.551 408.6674 408.9422
1998 8 408.7161 408.6851 408.683 408.6732 408.5899 408.7446 NA 408.7584 408.8164 408.7468 408.7892 408.7896 NA 408.7157 408.7311 409.0706 409.1778 409.3731 409.1817 408.9562 409.1875
1998 9 409.0104 408.9861 408.9258 408.9272 408.9272 409.014 NA 409.032 409.0144 408.9836 408.9872 408.9282 NA 409.1188 408.9985 409.1822 409.1426 409.191 409.1933 409.2168 409.3817
1998 10 409.2477 409.2389 409.2193 409.2242 NA 409.2707 NA 409.2609 409.252 409.2386 409.2757 409.2285 NA 409.4179 409.3931 NA 409.4307 409.3806 409.4297 409.4467 409.6673
1998 11 409.4733 409.4899 409.4726 409.4737 409.4761 409.4711 NA 409.4896 409.4588 409.4915 409.5129 409.5651 NA 409.5539 409.5733 409.7051 409.77 409.855 409.8182 409.6498 409.8515
1998 12 409.6541 409.6564 409.6386 409.6385 NA 409.6669 NA 409.6601 409.6863 409.6569 409.6842 409.7382 NA 409.8157 409.7317 409.8881 409.8285 409.7353 409.8236 409.8632 410.101
1999 1 409.851 409.8282 409.8457 409.8462 409.7208 409.8536 409.8935 409.8389 409.8178 409.8311 409.9398 409.8592 NA 409.8892 409.8741 410.4074 410.2372 410.5003 410.1314 410.0609 410.3861
1999 2 410.0476 410.0209 409.9847 410.0355 409.9092 410.0454 410.0946 410.0585 410.0347 410.092 410.0537 410.0691 NA 410.292 NA 410.3104 410.4199 410.3666 410.3404 410.324 410.577
1999 3 410.2874 410.2056 410.2083 410.1345 410.1345 410.325 410.3156 410.3307 410.3464 410.3032 410.4677 410.4157 NA 410.3019 410.4869 410.7268 410.6604 410.6807 410.6362 410.6676 410.9928
1999 4 410.5875 410.5721 410.5335 410.5692 410.4964 410.6597 410.4811 410.5829 410.6045 NA 410.7633 410.7352 NA 410.7543 NA 410.9855 410.9515 411.0774 410.9005 410.9645 411.2858
1999 5 410.9361 410.9244 410.8236 410.8235 410.7227 410.9361 410.8974 410.9392 410.9485 411.0159 411.0182 411.0398 NA 410.9998 411.0804 411.1084 411.2589 411.1409 411.2617 411.1545 411.5404
1999 6 411.2335 411.2161 411.2004 NA NA 411.1894 411.1443 411.2392 411.2109 411.2497 411.3031 411.3305 NA 411.4894 411.385 411.5827 411.555 411.4605 411.5148 411.4712 411.7707
1999 7 411.4949 411.4791 411.4337 411.4337 411.3721 411.5072 411.4468 411.4979 411.5119 411.5242 411.6123 411.5721 NA 411.6476 NA 411.7001 411.9044 NA 411.752 411.6673 412.0283
1999 8 411.8457 411.8012 411.7554 411.7554 411.687 411.8115 411.8381 411.8594 411.7898 411.8658 411.8123 411.8177 NA 411.8822 NA 412.1498 412.2342 412.1023 412.2468 412.0326 412.2605
1999 9 412.1433 412.1131 412.0858 412.0865 412.0306 412.1522 412.1199 412.1385 412.0447 412.0999 412.1795 412.2018 NA 412.2926 NA 412.3941 412.5126 412.5968 412.5896 412.3288 412.5084
1999 10 412.4153 412.3817 412.3494 412.3494 412.2652 412.3995 412.3777 412.39 412.3979 412.4673 412.4351 412.479 NA 412.4671 NA NA 412.6536 412.6637 412.6489 412.5818 412.8895
1999 11 412.5959 412.5727 412.598 412.5514 412.5536 412.5835 412.6028 412.5933 412.599 412.6257 412.6245 412.7038 NA 412.6441 NA 412.8076 412.7297 412.7314 412.674 412.7331 412.9756
1999 12 412.7471 412.7539 412.7177 412.7136 412.7232 412.7507 412.7602 412.7405 412.7499 412.7594 412.8019 412.8627 NA 412.7303 412.8373 412.8839 413.0049 413.0319 412.9749 412.954 413.371
2000 1 412.8928 412.9318 412.8926 412.8931 412.8364 412.9156 412.8762 412.9166 NA 412.8891 412.8968 412.8698 NA 412.9291 NA 413.0828 413.3091 413.6281 413.3884 413.1954 413.4089
2000 2 413.0897 413.1256 413.0508 413.1081 412.9905 413.1459 413.0963 413.0995 413.2309 412.9932 413.2171 413.2866 NA 413.2182 413.3709 413.6256 413.7651 413.8573 413.5981 413.4425 413.9023
2000 3 413.4559 413.4459 413.3851 NA 413.3158 413.4223 413.4907 413.3786 413.3176 413.3332 413.4686 413.5695 NA 413.3838 413.5642 413.6787 413.7047 413.7452 413.7477 413.7757 414.3364
2000 4 413.7318 413.7008 413.6398 413.6403 413.5757 413.7162 413.7697 413.7728 413.7609 413.6453 413.8303 413.849 NA 414.1282 413.8222 414.0227 414.273 414.2946 414.2758 414.0643 414.5262
2000 5 414.0619 414.0424 413.9971 413.9968 413.9708 414.1123 414.0939 414.0557 413.9987 NA 414.1624 414.1272 NA 414.2248 414.2813 414.6163 414.3349 414.2374 414.343 414.3643 414.7396
2000 6 414.4141 414.3825 414.3411 414.3415 414.2636 414.4205 414.518 414.4318 414.3392 NA 414.4355 414.4317 NA 414.5541 414.5987 415.0558 414.7611 414.6858 414.7828 414.6793 415.0204
2000 7 414.7184 414.7249 414.6511 414.6525 414.6071 414.7211 414.7967 414.7344 414.6767 NA 414.7402 414.8306 NA 414.7868 414.7607 414.8905 414.9855 415.0554 414.9802 414.9609 415.3008
2000 8 415.0162 414.9927 414.9555 414.9555 414.9178 414.974 415.07 415.016 414.8956 NA 415.0834 415.1498 NA 415.0118 415.0124 415.3051 415.2565 415.2254 415.2363 415.2123 415.6614
2000 9 415.2816 415.262 415.2129 415.2131 415.1646 415.3016 415.3095 415.2678 415.3126 NA 415.2783 415.3668 NA 415.3298 415.1868 415.4675 415.5058 415.5463 415.4206 415.5191 415.6092
2000 10 415.5362 415.5415 415.5051 415.5037 NA 415.5226 415.4357 415.519 415.4767 NA 415.5473 415.5787 NA 415.5733 415.6033 415.6435 415.6876 415.6205 415.7283 415.6669 415.9457
2000 11 415.7298 415.6762 415.667 415.6675 415.6173 415.7153 415.7148 415.7145 415.7144 NA 415.7591 415.7359 NA 415.7505 415.8037 415.7931 416.0524 415.9539 415.9879 415.8398 416.0999
2000 12 415.8494 415.8451 415.8296 415.8291 415.7959 415.8487 415.8713 415.8539 415.8374 NA 415.9156 415.9378 NA 415.9163 415.8574 416.0843 415.9818 415.9605 415.997 416.0479 416.2792
2001 1 416.0663 416.0049 416.0016 416.002 415.9339 416.0741 416.2013 416.0917 416.0534 NA 416.1145 416.015 NA 416.2031 416.3201 NA 416.5339 416.4578 416.5374 416.3088 416.5949
2001 2 416.2866 NA 416.2224 416.2214 416.1831 416.3331 416.3704 416.3385 416.3519 NA 416.3877 416.4247 NA 416.5354 416.4046 NA 416.6752 416.7477 416.7614 416.6247 416.9136
2001 3 416.5423 NA 416.543 416.4577 416.3732 416.5518 416.4535 416.5483 416.6063 NA 416.6546 416.6966 NA 416.8239 416.6932 416.8719 416.8959 416.9788 416.9077 416.9795 417.343
2001 4 416.8966 NA 416.8165 416.8205 416.7037 416.8874 417.0706 416.9255 416.9224 NA 416.9735 NA NA 417.1306 417.0155 417.2058 417.0232 417.1708 417.0715 417.1583 417.6015
2001 5 417.2254 NA 417.1817 417.1074 417.0332 417.1867 417.3245 417.224 417.2823 NA 417.3549 NA NA 417.4498 417.3972 417.4205 417.6074 417.6158 417.5638 417.5498 417.8607
2001 6 417.5327 NA 417.4956 417.4962 417.4643 417.4817 417.5071 417.5552 417.5345 NA 417.6057 NA NA 417.5706 417.7019 417.8292 417.8361 417.9353 417.834 417.7781 418.1282
2001 7 417.8236 417.8826 417.7495 417.7496 417.6213 417.7717 417.7954 417.8339 417.76 NA 417.8585 NA NA 418.1756 417.9177 418.1412 418.1522 418.1305 418.157 418.019 418.254
2001 8 418.1266 418.0875 418.0399 418.0399 417.9355 418.1123 418.0863 418.1308 418.1585 NA 418.0901 NA NA 418.1286 418.2492 418.3111 418.2567 418.327 418.2669 418.367 418.5485
2001 9 418.4647 418.4179 418.5612 418.4092 418.2567 418.5031 418.4148 418.4397 418.4793 NA 418.7647 NA NA 418.4873 418.5649 418.7373 418.7041 418.6309 418.7077 418.6896 418.8798
2001 10 418.6816 418.6966 418.7057 418.7055 418.7077 418.6746 418.7382 418.6913 418.7043 NA 418.7523 418.8186 NA 418.6881 418.6591 419.1342 418.9094 418.888 418.9158 418.7854 419.1641
2001 11 418.9398 418.9541 418.923 418.9611 418.9677 418.8856 418.9203 418.9111 418.8971 NA 418.975 418.906 NA 418.8803 NA 419.1573 419.2426 419.2452 419.2907 419.0483 419.4259
2001 12 419.1087 419.1217 419.0458 419.0851 NA 419.0769 419.1014 419.1009 419.0838 NA 419.11 419.1982 NA 419.2575 NA 419.36 419.2591 419.2571 419.2577 419.2552 419.4265
2002 1 419.3081 419.272 419.2444 419.244 NA 419.2399 419.3309 419.3035 419.3435 419.4582 419.2759 419.1837 NA 419.2932 NA 419.5234 419.4872 NA 419.4865 419.5357 419.6924
2002 2 419.4823 419.4698 419.4055 419.4248 NA 419.5025 419.5229 419.5021 419.4404 419.6626 419.6096 419.4348 NA 419.6023 NA 419.7877 419.7521 419.8564 419.7913 419.8384 420.1334
2002 3 419.8285 419.792 419.7081 419.708 419.7895 419.7584 419.8678 419.8336 419.7063 419.6773 419.9187 419.8816 NA 419.8021 NA 420.1907 420.1307 419.9595 420.1502 420.098 420.6091
2002 4 420.2206 420.233 420.1635 420.1632 420.0363 420.1869 420.2495 420.1374 420.1702 NA 420.2009 420.3949 NA 420.2782 420.3644 420.416 420.3212 420.325 420.3188 420.4274 420.8152
2002 5 420.5562 420.5283 420.4758 420.4767 420.5447 420.5172 420.5111 420.5841 NA NA 420.4842 420.5286 NA 420.6118 NA 420.8105 420.7476 420.8794 420.6881 420.6879 420.8663
2002 6 420.841 420.8405 420.8277 420.8275 420.7817 420.847 420.7966 420.8469 NA 420.8574 420.8664 420.8965 NA 420.7954 421.0197 421.044 421.0563 421.0583 421.0663 420.9847 421.217
2002 7 421.1268 421.1005 421.0567 421.0572 421.0028 421.112 421.0971 421.1395 NA 421.1585 421.2592 421.2663 NA 421.2565 421.2839 421.388 421.4976 421.5387 421.2985 421.3483 421.5759
2002 8 421.4624 421.4112 421.3852 421.3842 421.2507 421.49 421.4516 421.4515 NA 421.3547 421.5195 421.4834 NA 421.6002 421.5364 421.702 421.583 421.5436 421.5886 421.6292 421.9039
2002 9 421.7476 421.7404 421.702 421.7025 421.6356 421.7335 421.6677 421.7231 NA 421.6802 421.8329 421.9296 NA 421.9708 421.8247 421.9613 421.8548 421.8373 421.8499 421.9984 422.2869
2002 10 422.0193 421.9939 421.9735 421.9735 421.9134 421.9979 421.9739 422.0171 NA 422.0276 422.0375 422.003 NA 422.1604 422.0728 422.0574 422.3057 422.1532 422.1961 422.1555 422.353
2002 11 422.2035 422.2285 422.1722 422.2396 422.1805 422.1995 422.1723 422.1914 422.1693 422.1175 422.2163 422.1985 NA 422.2338 422.3093 422.3771 422.4435 422.4176 422.4738 422.4017 422.4805
2002 12 422.3655 422.348 422.3144 422.3347 422.3142 422.3599 422.4022 422.319 422.3875 422.4075 422.4658 422.4613 NA 422.4615 NA 422.5931 422.5156 422.487 422.511 422.5652 422.8429
2003 1 422.573 422.5418 422.5194 422.5197 422.507 422.5428 422.6068 422.5997 422.5524 422.5913 422.5883 422.5672 NA 422.6878 422.9986 422.8329 422.8456 422.8973 422.8149 422.7743 422.974
2003 2 422.79 422.7395 422.6953 422.7217 NA 422.8107 422.9146 422.8373 422.7369 422.7869 422.8652 422.8575 NA 422.8058 422.7379 423.0436 423.2303 423.0243 423.2284 423.1453 423.4363
2003 3 423.0969 423.0822 423.0167 423.0166 422.9932 423.0676 423.0831 423.1288 423.0954 423.1943 423.2642 423.2152 NA 423.0858 NA 423.4636 423.513 423.3956 423.502 423.3689 423.675
2003 4 423.4299 423.3175 423.3265 423.326 423.2313 423.3651 423.3289 423.4005 423.3901 423.4243 423.5206 423.5933 NA 423.5197 NA 423.6635 423.6063 423.7316 423.6499 423.6709 424.2732
2003 5 423.716 423.6958 423.6271 423.627 NA 423.6893 423.7452 423.6953 423.6798 423.7493 423.8297 423.8849 NA 423.8471 NA 424.366 424.2328 424.1464 424.1922 423.9353 424.3277
2003 6 424.0413 424.0341 423.9636 423.9643 423.902 424.1097 424.1094 424.0582 424.0738 424.0295 424.1105 424.0919 NA 424.083 NA 424.2803 424.205 424.3413 424.2434 424.2754 424.5822
2003 7 424.3514 424.3422 424.2951 424.2949 424.1877 424.3324 424.3073 424.3686 424.3133 424.4528 424.4246 424.3483 NA 424.6483 424.3538 424.5183 424.6201 424.6829 424.5985 424.6656 424.9538
2003 8 424.7148 424.6562 424.5905 424.5906 424.4898 424.7436 424.6666 424.7215 424.6789 424.7444 424.7584 424.7283 NA 424.7987 424.8571 425.0073 424.8532 424.8516 424.8447 424.897 425.0724
2003 9 425.0035 425.0189 424.9486 424.9465 424.8534 424.9866 425.0071 425.0128 425.0545 425.0117 425.0769 424.956 NA 425.0344 425.0561 425.2292 425.1113 425.2586 425.1692 425.2651 425.4134
2003 10 425.2567 425.2383 425.2199 425.2198 425.2019 425.253 425.2471 425.2395 425.2828 425.195 425.2836 425.311 NA 425.2645 425.2796 425.5787 425.389 425.3836 425.3987 425.4727 425.724
2003 11 425.4854 425.4705 425.4416 425.4412 425.3826 425.4544 425.5052 425.4855 NA 425.5131 425.4729 425.6153 NA 425.5914 425.4893 425.676 425.8468 425.73 425.7542 425.7007 425.8947
2003 12 425.6705 425.6484 425.613 425.5361 425.5424 425.6576 425.6464 425.6763 425.6585 425.6977 425.7079 425.6434 NA 425.658 425.6598 425.9017 425.7823 425.7456 426.0015 425.9093 425.992
2004 1 425.926 425.8635 425.8251 425.8155 425.7836 425.8994 425.8564 425.8481 426.0225 425.8413 425.9436 425.8163 NA 426.019 425.8678 426.1938 426.0164 426.0279 426.0216 426.0972 426.396
2004 2 426.0883 426.121 426.0129 426.0128 NA 426.0354 426.0842 426.1789 426.1424 426.1102 426.2453 426.2706 NA 426.3446 426.0867 426.3573 426.3894 426.3411 426.4058 426.3311 426.7129
2004 3 426.4023 426.4026 426.3905 426.3906 426.3453 426.4313 426.4081 426.4319 426.4253 426.2941 426.416 426.5489 NA 426.3875 426.4204 426.7568 426.6741 426.6057 426.6427 426.667 427.0407
2004 4 426.8055 426.7727 426.7335 426.7336 426.5904 426.7551 426.7854 426.7899 426.8107 426.7714 426.8382 426.9156 NA 426.9638 426.8847 427.2108 427.167 427.2981 427.2086 427.1471 427.7883
2004 5 427.1283 427.1346 427.0464 427.0463 426.9489 427.154 427.0723 427.1226 427.1309 427.0897 427.2784 427.2701 NA 427.3267 427.153 427.5819 427.4731 427.4597 427.5418 427.3986 428.1624
2004 6 427.5075 427.545 427.4285 427.4355 427.3287 427.5282 427.5004 427.5202 427.5388 427.5504 427.563 427.5935 NA 427.6598 427.7065 428.0179 427.8385 427.7579 427.804 427.747 428.2161
2004 7 427.815 427.8158 427.7594 427.7605 427.6983 427.8442 427.796 427.8421 427.8484 427.907 427.9168 427.9341 NA 428.0153 427.8932 428.1902 428.0388 428.1016 428.0446 428.0441 428.4316
2004 8 428.1309 428.0586 428.0804 428.0601 428.0003 428.1275 428.1822 428.1476 428.1484 428.1519 428.2452 428.1425 NA 428.3768 428.0841 428.1936 428.5098 428.5384 428.5683 428.5837 428.8191
2004 9 428.5246 428.5261 428.4947 428.4653 NA 428.4352 428.4374 428.4839 428.5396 428.5193 428.6267 428.6192 NA 428.6348 428.5895 429.2048 428.8319 428.7609 428.8616 428.7258 428.9865
2004 10 428.7998 428.7759 428.7342 428.734 428.6679 428.8237 428.7218 428.7823 428.7988 428.8103 428.859 428.8865 NA 428.8088 428.8232 428.8132 429.0703 429.016 429.1058 429.0063 429.3073
2004 11 428.9888 428.9703 428.972 428.9602 428.9148 428.9809 428.8788 428.9953 429.01 428.9571 429.1416 429.1306 NA 429.2722 429.0445 429.2107 429.3899 429.1831 429.1712 429.2537 429.5226
2004 12 429.2299 429.2112 429.2419 429.1934 429.1662 429.2003 429.2847 429.245 429.2512 429.236 429.2546 429.2736 NA 429.346 429.2518 429.2896 429.4986 429.3447 429.4736 429.4182 429.6525
2005 1 429.4323 429.4151 429.4296 429.4293 429.3757 429.4271 429.4103 429.4389 429.4617 429.4616 429.4921 429.4778 NA 429.4741 429.6279 NA 429.797 429.7226 429.77 429.7242 429.9939
2005 2 429.6756 429.6565 429.7088 429.6717 429.5698 429.5905 429.676 429.6966 429.6435 429.7002 429.7574 429.8407 NA 429.9026 429.8854 NA 429.9489 429.8015 429.9672 429.9189 430.327
2005 3 429.9936 429.9567 429.9427 429.9651 429.8817 429.991 430.0907 430.0461 429.9178 429.9056 430.0064 430.008 NA 429.9277 430.1819 430.3429 430.266 430.2575 430.2251 430.3472 430.7645
2005 4 430.3447 430.3368 430.2372 430.2377 430.1491 430.3793 430.3868 430.3351 430.2772 430.3118 430.433 430.3905 NA NA 430.6235 NA 430.683 430.5166 430.8032 430.6729 431.1053
2005 5 430.7246 430.7075 430.6498 430.6476 430.5884 430.679 430.7258 430.7335 430.775 430.726 430.8514 430.909 NA 430.5449 430.859 NA 431.1532 431.2052 431.1699 430.9819 431.3447
2005 6 431.0698 431.0576 431.0636 431.0624 431.0719 431.0514 430.9809 431.0884 431.075 431.134 431.1856 431.1678 NA 431.2354 431.2599 NA 431.3637 431.5093 431.3168 431.3277 431.5515
2005 7 431.397 431.4059 431.3659 NA NA 431.3969 431.4619 431.4106 431.4136 431.4245 431.4965 431.4851 NA 431.5183 431.6767 NA 431.6237 431.7251 431.8011 431.6971 432.1267
2005 8 431.7524 431.7546 431.6971 NA 431.5589 431.7638 431.8764 431.7462 431.7629 431.7373 431.8626 431.9753 NA 431.9722 431.8068 431.9784 431.8442 431.834 431.711 432.0039 432.1954
2005 9 432.124 432.1072 432.0535 432.0524 431.9494 432.1341 432.1111 432.121 432.068 432.1639 432.26 432.3091 NA 432.1385 432.1657 NA 432.26 432.3769 432.1933 432.3894 432.6239
2005 10 432.4232 432.4324 432.3779 432.3789 432.2307 432.3969 432.3658 432.3949 432.4241 432.4388 432.404 432.4209 NA 432.3043 432.6471 NA 432.6816 432.5848 432.5255 432.6472 432.8374
2005 11 432.6598 432.6309 432.6006 432.6005 NA 432.6456 432.6611 432.6333 432.6195 432.6501 432.7 432.7598 NA 432.6963 432.7568 NA 432.7079 432.6871 432.6881 432.8415 433.0967
2005 12 432.9244 432.8711 432.8457 432.7422 432.7408 432.8677 432.9461 432.9501 432.9044 432.8974 432.9421 433.0468 NA 433.1142 432.9116 NA 433.1205 433.0923 433.0928 433.1926 433.2456
2006 1 433.1009 433.0802 433.1117 433.0799 433.0011 433.1242 433.0564 433.0991 433.0564 433.1078 433.1513 433.1068 NA 433.0758 433.2355 433.8335 433.4846 433.4944 433.3934 433.4338 433.7351
2006 2 433.3111 433.2757 433.2643 433.2647 433.2112 433.2681 433.3513 433.3065 433.3316 433.305 433.4101 433.3688 NA 433.4552 433.7066 NA 433.5945 433.607 433.5652 433.7631 434.171
2006 3 433.6707 433.6498 433.5314 433.5425 433.4283 433.7358 433.6741 433.6795 433.6626 433.6264 433.7601 433.829 433.8887 NA 433.8969 434.1795 433.9711 434.0415 434.024 434.0383 434.2951
2006 4 434.0648 434.0415 433.9831 NA 433.8918 434.0445 434.0129 434.0483 434.0308 433.9694 434.0654 434.2795 433.9779 434.125 434.0649 434.6664 434.2015 434.2199 434.209 434.4393 434.8274
2006 5 434.3841 434.3301 434.3062 434.3093 434.2312 434.4284 434.4176 434.4732 434.3153 434.4173 434.4261 434.3866 434.5461 434.5863 434.5875 434.7726 434.6323 434.4137 434.829 434.7905 435.0621
2006 6 434.7589 434.7048 434.6812 434.6796 434.5524 434.8329 434.7867 434.7742 NA 434.8019 434.8169 434.8663 434.9849 435.0798 434.9129 435.1404 435.2152 435.1449 435.2148 435.1572 435.5946
2006 7 435.1215 435.0913 435.0251 435.0282 434.9238 435.1476 435.0992 435.1269 435.2551 435.2469 435.1454 435.1781 NA 435.3883 435.3186 435.4804 435.3848 435.4697 435.2736 435.4619 435.7933
2006 8 435.5253 435.4839 435.4187 435.4221 NA 435.5029 435.4709 435.519 435.5192 435.5871 435.5591 435.6222 435.5051 435.5994 435.6502 435.7685 435.8699 435.7995 435.7239 435.721 436.144
2006 9 435.8511 435.8265 435.7781 435.7789 NA 435.8609 435.7094 435.8561 435.9 435.9411 435.9342 435.8373 436.0251 436.2761 435.8609 436.2447 436.0808 436.0265 436.148 436.1495 436.4913
2006 10 436.2155 436.1762 436.1298 436.1493 436.0129 436.1686 436.1626 436.175 436.2064 436.2534 436.2671 436.1581 436.255 436.2262 436.3051 436.5673 436.351 436.3412 436.3031 436.3455 436.6648
2006 11 436.4614 436.4169 436.405 436.391 436.3414 436.4606 436.5034 436.465 436.4097 436.4918 436.5021 436.4126 436.4224 436.4796 436.5013 436.7321 436.7331 436.5836 436.7338 436.6507 436.9145
2006 12 436.6395 436.6173 436.6243 NA 436.6065 436.6326 436.7192 436.6811 436.6821 436.6737 436.7177 436.7299 436.6697 436.7266 436.8352 436.7797 436.8941 436.9384 436.8504 436.9531 437.075
2007 1 436.9161 436.8979 436.8599 436.8428 436.7919 436.9171 436.8897 436.9018 436.9459 436.8964 436.9767 436.8471 436.9013 436.9956 436.977 437.1919 437.2122 437.099 437.2332 437.2023 437.4947
2007 2 437.1171 437.1067 437.0871 437.0867 437.0186 437.0887 437.2435 437.1679 437.2692 437.2014 437.2326 437.2866 437.2354 437.3586 437.33 437.621 437.523 437.522 437.5191 437.4365 437.873
2007 3 437.5212 437.4512 437.4686 437.3998 437.3281 437.5306 437.4525 437.5138 437.4557 437.4143 437.6365 437.8488 437.7941 437.6614 437.6204 438.1453 438.0197 438.497 437.9813 437.9766 438.1623
2007 4 437.8997 437.855 437.8129 437.8548 437.7673 437.8503 437.9041 437.9696 437.9467 437.929 437.9318 438.015 437.8672 437.931 438.1714 438.4112 NA NA NA 438.229 438.6922
2007 5 438.3284 438.2683 438.1794 438.1796 438.1007 438.3061 438.3422 438.347 438.3173 438.3134 438.4032 438.2552 438.3119 438.7637 438.3245 438.8216 438.5448 438.6006 438.5009 438.5887 438.9387
2007 6 438.6711 438.6349 438.5808 438.5815 438.5274 438.8048 438.7362 438.7081 438.7595 438.5081 438.7271 438.7016 438.6647 438.7532 438.8861 438.9687 438.991 438.8362 438.9247 438.8792 439.1639
2007 7 439.0277 438.9989 438.9623 438.9621 438.8434 439.0328 438.9962 439.0626 439.0534 439.0652 439.0369 439.0419 NA 439.1634 439.1702 439.297 439.4766 439.2561 439.3411 439.3724 439.6307
2007 8 439.4249 439.3788 439.406 439.3294 439.2814 439.4242 439.4038 439.4056 439.4682 439.5004 439.4779 439.5342 NA 439.6005 439.5522 439.4473 439.8057 439.6687 439.6382 439.7009 439.8844
2007 9 439.7376 439.6993 439.6453 439.6458 NA 439.7778 439.7346 439.7505 439.7164 NA 439.9262 439.9205 439.9576 440.2396 440.1279 440.0634 439.9566 439.9631 440.0169 440.046 440.3534
2007 10 440.0998 440.0468 440.0117 440.0095 439.9176 440.0922 440.0557 440.089 NA 440.3069 440.1298 440.0093 440.1372 440.0182 440.2096 440.2802 440.3791 440.1425 440.3854 440.3295 440.6185
2007 11 440.3613 440.3376 440.3164 440.3154 NA 440.3744 440.4057 440.4096 NA 440.3792 440.3588 440.4253 440.4028 440.3418 440.4002 440.6204 440.6251 440.6292 440.6358 440.6001 440.7481
2007 12 440.6205 440.6023 440.5788 440.578 440.4892 440.6235 440.6084 440.6449 NA 440.7292 440.6581 440.6177 440.6594 440.6565 440.7448 441.0178 440.8093 440.7976 440.8374 440.8338 441.1399
2008 1 440.861 440.8133 440.8297 440.8295 440.7992 440.871 440.8987 440.8711 NA 440.8078 440.93 440.8904 440.8061 440.9347 440.9893 441.2822 441.2011 441.26 441.3801 441.5272 441.5365
2008 2 441.1404 441.0963 441.0167 441.0183 NA 441.177 441.1722 441.1275 NA 441.2243 441.3289 441.9708 441.2101 441.3723 441.2391 441.5387 441.578 441.4894 441.5877 441.5367 442.0241
2008 3 441.5553 441.4964 441.425 441.424 NA 441.5269 441.619 441.5564 441.3841 441.4188 441.7826 441.553 441.7945 NA 441.9047 442.0107 442.1734 442.0112 442.2349 441.9436 442.486
2008 4 442.0018 441.8988 441.9259 441.9266 NA 441.942 441.993 442.0051 441.8769 441.933 442.0172 442.0669 442.0133 NA 441.9212 442.3295 442.3907 442.3676 442.3863 442.3097 442.7239
2008 5 442.3812 442.2988 442.3287 442.3282 442.2353 442.4019 442.5519 442.3825 442.3745 NA 442.4512 442.4755 442.6507 NA 442.6575 442.549 442.8164 442.9505 442.8943 442.6915 443.1531
2008 6 442.7188 442.6484 442.7005 442.7018 NA 442.6632 442.7158 442.7217 442.5925 442.79 442.8713 442.8909 442.8646 NA 443.0675 443.083 443.128 443.1793 443.1683 443.0165 443.3685
2008 7 443.1193 443.0642 443.0333 442.9253 443.3499 443.1474 443.1265 443.1506 NA 443.1893 443.1149 443.287 443.0474 443.3531 443.5244 443.5476 443.3944 443.29 443.3987 443.3834 443.8209
2008 8 443.5003 443.4453 443.4291 443.4946 443.6784 443.5359 443.5379 443.5166 443.5325 443.4731 443.531 443.545 443.4462 443.6623 443.5061 443.9413 443.7586 443.6332 443.7707 443.8408 444.0271
2008 9 443.8721 443.7981 443.7664 443.7672 NA 443.8465 443.8538 443.8627 443.7953 443.7985 443.9684 444.0197 443.9406 443.9306 444.0205 444.0085 444.0378 443.9488 443.9677 444.1282 444.2655
2008 10 444.1568 444.1373 444.1026 444.1029 444.1426 444.1735 444.1186 444.1429 444.1163 444.076 444.2456 444.2998 444.1833 444.5185 444.2002 NA 444.3859 444.3366 444.374 444.3897 444.689
2008 11 444.432 444.4063 444.355 444.3558 NA 444.4498 444.4365 444.4259 444.4734 444.4073 444.4716 444.5041 NA 444.9808 444.4814 NA 444.6492 444.6593 444.6679 444.5693 444.8462
2008 12 444.657 444.623 444.5865 444.5869 NA 444.6693 444.6471 444.6661 444.6081 444.6199 444.6541 444.7041 NA 444.6825 444.6685 444.8971 444.9112 444.8072 444.9244 NA 445.1448
2009 1 444.9104 444.8956 444.875 444.8829 444.8858 444.8949 444.8087 444.8964 444.9448 444.7859 444.9631 444.9031 444.7643 445.2108 444.9739 445.2532 445.544 445.1011 445.5252 NA 445.4048
2009 2 445.1619 445.148 445.087 445.1008 NA 445.0857 445.285 445.2313 445.2673 445.0926 445.3089 445.3521 445.1922 445.3185 445.2831 445.2381 446.1978 NA 445.9828 445.5409 446.0061
2009 3 445.5771 445.5354 445.4729 445.4726 NA 445.5928 445.5528 445.5733 445.5633 445.5224 445.6082 445.695 445.7353 445.8585 445.5928 446.0206 446.0181 445.8726 446.0354 445.7825 446.461
2009 4 445.9207 445.878 445.828 445.8252 NA 446.0008 445.9284 445.9159 445.9637 445.8241 445.9996 446.08 445.9374 445.9715 446.0901 446.2094 446.463 446.0483 446.3426 446.4912 446.7994
2009 5 446.3857 446.3164 446.2668 446.2644 446.2288 446.3941 446.4398 446.3763 446.3751 446.1599 446.426 446.352 NA 446.4443 446.4457 446.7482 446.701 446.5199 446.6752 446.6442 446.9515
2009 6 446.7513 446.7021 446.6429 446.6434 446.5971 446.6898 446.7254 446.7861 446.7439 446.7713 446.7646 446.6853 446.8836 446.8605 447.0621 447.1909 447.5863 447.268 447.5132 446.9064 447.3641
2009 7 447.094 447.0504 446.9881 446.9881 446.9271 447.0508 447.1156 447.1063 447.1128 447.158 447.0962 447.1466 NA 447.1908 447.3051 447.2069 447.3485 447.3719 447.378 447.3799 447.7637
2009 8 447.4696 447.4218 447.4011 447.4011 447.3704 447.4127 447.3929 447.4564 447.5729 447.4463 447.4586 447.5299 NA 447.336 447.6774 448.0647 447.7 447.8083 447.7943 447.8153 448.0014
2009 9 447.8191 447.7652 447.7258 447.7262 447.6546 447.7991 447.7792 447.8369 447.7912 447.7741 447.891 447.8034 NA 447.8661 NA 448.5983 448.2268 448.401 448.2664 448.1855 448.265
2009 10 448.1449 448.1064 448.0725 448.072 NA 448.1234 448.0419 448.1192 448.1426 448.1687 448.1202 448.1019 448.21 448.3201 448.2128 448.3599 448.3169 448.4676 448.3071 448.3406 448.6916
2009 11 448.3813 448.3331 448.3149 448.3152 NA 448.3388 448.3145 448.3743 448.3974 448.3658 448.4142 448.3921 NA 448.4711 448.5966 448.7905 448.8347 448.6681 448.7015 448.6498 448.8058
2009 12 448.6058 448.5858 448.5937 448.5945 448.5239 448.6238 448.6035 448.6143 448.6741 448.5893 448.6456 448.6576 448.7572 448.6208 448.6459 448.8507 448.8327 448.9875 448.8845 448.8556 449.0672
2010 1 448.8522 448.8048 448.7826 448.7819 448.6785 448.9174 448.7817 448.8587 448.747 448.8224 448.882 448.7863 448.7198 448.9256 449.0111 NA 449.1258 449.1767 449.1251 449.0833 449.3629
2010 2 449.1085 449.0907 449.0435 449.0413 448.979 449.0452 449.135 449.1371 449.2218 449.1027 449.1483 449.17 449.0506 449.222 449.2211 449.364 449.701 449.602 449.6629 449.4935 449.9027
2010 3 449.5186 449.4603 449.3846 449.3846 449.2747 449.5112 449.5021 449.4814 449.5492 449.4184 449.5711 449.7009 449.656 449.7816 449.4569 449.9329 449.7794 449.7056 449.7229 449.686 450.3419
2010 4 449.9216 449.8835 449.798 449.7968 449.7001 450.0156 449.9117 449.9104 449.9433 449.8735 449.9461 449.9981 449.998 449.9682 450.0424 450.0739 450.3706 NA 450.1989 450.1953 450.7811
2010 5 450.3108 450.2853 450.2324 450.2317 450.1532 450.2625 450.2624 450.2939 450.1882 450.1792 450.3716 450.2556 450.1745 450.3989 450.3483 450.6058 450.294 450.4457 450.2969 450.6371 450.6933
2010 6 450.6841 450.6539 450.6277 450.6147 450.4405 450.6013 450.7121 450.6508 NA 450.6429 450.7397 450.7565 450.5255 450.7494 450.8249 451.0088 451.05 451.1694 450.9972 450.9566 451.3736
2010 7 451.0879 451.0269 450.9656 450.9661 450.8889 451.1218 451.0671 451.0844 NA 451.0863 451.1366 451.066 NA 450.9924 451.2391 451.4725 451.6423 451.3257 451.6416 451.4077 451.7874
2010 8 451.5094 451.4742 451.416 451.4161 451.3026 451.5105 451.4827 451.4868 NA 451.4074 451.5732 451.5863 NA 451.6135 451.6081 451.8922 451.7565 451.8415 451.7954 451.8394 452.2072
2010 9 451.8971 451.8148 451.7586 451.7583 451.6709 451.9155 451.9084 451.9093 NA 451.8104 452.0461 451.8115 451.9685 452.0407 451.9136 452.3762 NA 452.0407 452.0607 452.1436 452.4622
2010 10 452.2327 452.189 452.1354 452.1366 452.0576 452.2231 452.3219 452.2193 NA 452.1029 452.2753 452.2149 452.2673 452.2082 452.3835 452.3273 452.4324 NA 452.4362 452.4815 452.5411
2010 11 452.5075 452.498 452.4801 452.4794 NA 452.4828 452.4398 452.5225 NA 452.4062 452.5892 452.539 452.581 452.6731 452.5999 452.7656 452.8082 452.5589 452.7607 452.7736 452.9896
2010 12 452.7785 452.7381 452.6244 452.7039 452.6245 452.7494 452.734 452.7779 NA 452.7056 452.8058 452.7284 NA 452.8719 452.8567 453.0003 452.8459 452.9447 452.785 453.042 453.2881
2011 1 453.0548 453.0181 452.966 452.9659 452.8786 453.0376 453.0117 453.0638 NA 453.0272 453.0144 453.0724 453.1361 453.0461 453.0935 453.2813 453.3576 NA 453.3293 453.2458 453.7928
2011 2 453.3519 453.3543 453.3149 453.3154 453.2988 453.3428 453.4078 453.3947 NA 453.2016 453.3016 453.4846 453.3696 453.5959 453.4039 NA 453.7449 453.9519 453.7394 453.7434 454.3532
2011 3 453.7124 453.6915 453.6223 453.6221 453.5047 453.7002 453.7741 453.7512 NA 453.5243 453.8474 453.9111 453.8624 453.8194 453.8109 454.101 453.9359 453.9616 453.7615 454.1829 454.6412
2011 4 454.1832 454.1344 454.1133 454.112 453.8817 454.1982 454.1854 454.1847 NA 454.1269 454.1493 454.0689 454.1554 NA 454.517 454.878 454.7079 454.7766 NA 454.5036 454.8918
2011 5 454.6265 454.6056 454.5753 454.5754 454.4697 454.5808 454.5576 454.6179 NA 454.5647 454.6848 454.6782 454.4882 NA 454.8248 NA 454.9134 454.7797 454.7641 454.8323 455.2776
2011 6 454.9824 454.9033 454.8726 454.8726 NA 454.9944 454.9768 454.9887 NA 454.8785 455.0167 454.9634 454.941 NA 454.9917 455.5234 455.1437 455.2523 455.1253 455.2062 455.5106
2011 7 455.4166 455.378 455.3269 455.3258 NA 455.4102 455.432 455.4235 NA 455.2815 455.4991 455.5001 NA NA 455.6102 455.8375 455.424 455.5115 455.4429 455.7005 456.1794
2011 8 455.801 455.7523 455.6639 455.6633 455.579 455.8061 455.8018 455.7986 455.839 455.8945 455.8516 455.7171 455.6061 455.9116 455.9048 456.0837 456.0985 456.1926 456.101 456.0317 456.3436
2011 9 456.1834 456.1322 456.099 456.1 456.0519 456.2466 456.1436 456.1669 456.2218 456.2852 456.2727 456.195 456.4579 456.322 456.2822 456.5535 456.3665 456.3229 456.3281 456.5226 456.7309
2011 10 456.5199 456.5159 456.473 456.472 456.4677 456.5083 456.5362 456.5153 456.5316 456.5682 456.5894 456.6093 456.6874 456.6879 456.5837 456.9702 456.9359 457.3256 457.0284 456.8362 457.0514
2011 11 456.8292 456.8107 456.7499 456.7358 456.6724 456.7354 456.8055 456.805 456.849 456.7881 456.7859 456.9249 456.8907 457.1138 456.8726 457.3176 457.0146 457.0422 457.0273 457.1034 457.1435
2011 12 457.0724 457.0429 456.9737 457.0026 NA 457.0049 457.0946 457.0623 457.1985 457.0443 457.0598 457.0264 457.0697 457.2187 457.1193 457.4179 457.2459 457.1052 457.2519 457.1753 457.4597
2012 1 457.2754 457.233 457.2065 457.2063 NA 457.2272 457.3105 457.301 457.3226 457.2275 457.2726 457.4353 NA 457.4618 457.3696 457.5132 457.5762 457.3051 457.3969 457.5782 457.6171
2012 2 457.586 457.5637 457.5291 457.5075 457.4658 457.5521 457.6645 457.6201 457.5756 457.5665 457.6545 457.5425 457.5607 457.8613 457.6603 458.044 458.1004 457.9451 457.9422 457.9702 458.3648
2012 3 458.0482 458.0129 457.8968 457.8976 457.766 457.9958 457.9162 458.0072 457.8823 457.9858 458.1175 458.0196 458.2279 458.2975 458.2269 458.399 458.1974 458.2186 458.1283 458.2989 458.8902
2012 4 458.4373 458.3238 458.3316 458.3311 458.2338 458.4761 458.3778 458.4551 458.4819 458.5558 458.5722 458.4176 458.6536 458.9099 458.7297 458.6604 459.0309 459.0502 459.0229 458.7828 459.1235
2012 5 458.8899 458.8498 458.7815 458.7811 NA 458.9127 458.8368 458.8964 458.9301 458.9084 459.0431 458.8887 458.9335 459.0385 458.9812 459.1372 459.1816 459.2439 459.1638 459.2535 459.5702
2012 6 459.2885 459.2253 459.158 459.158 459.0609 459.3439 459.1918 459.291 459.2673 459.2562 459.3446 459.3229 459.2932 459.5989 459.4133 459.5604 459.6647 459.5805 459.5618 459.6004 459.8995
2012 7 459.6977 459.6313 459.5749 459.5748 NA 459.6617 459.6866 459.699 459.6762 459.5409 459.8221 459.7689 NA 459.7295 459.9357 460.1692 459.8706 460.0141 459.8538 460.0305 460.2018
2012 8 460.095 460.0456 459.988 459.9878 459.869 460.149 460.1122 460.117 460.066 460.0521 460.2231 460.1795 NA 460.5118 460.337 460.6403 460.4816 460.4359 460.2809 460.4207 460.5504
2012 9 460.5603 460.5088 460.4615 460.4616 NA 460.5203 460.4804 460.5246 460.3888 460.4641 460.6964 460.6411 460.8908 460.757 460.7224 NA 460.8532 460.8082 460.9439 460.8988 461.1145
2012 10 460.9094 460.8778 460.856 460.8571 NA 460.8633 460.8187 460.9051 460.8158 461.0068 460.9979 460.9468 461.0936 460.9801 461.0411 NA 461.0694 461.1232 461.07 461.1498 461.4031
2012 11 461.2176 461.1946 461.2028 461.2021 461.164 461.1969 461.1927 461.2271 461.1448 461.1385 461.1605 461.1229 461.2216 461.2487 NA NA 461.4269 461.3232 461.4201 461.38 461.6698
2012 12 461.4471 461.4245 461.4327 461.4321 461.2904 461.4464 461.4781 461.4615 461.4416 461.4185 461.3932 461.4196 461.3583 461.6065 461.528 NA 461.604 461.4753 461.6011 461.7096 462.1981
2013 1 461.7383 461.7197 461.7191 461.7193 NA 461.6471 461.6446 461.7442 461.7177 NA 461.8531 461.9251 461.6881 462.1306 461.7251 NA 462.01 461.9602 462.0079 462.0318 462.2411
2013 2 462.0065 461.9804 461.9103 461.905 NA 461.98 462.0712 462.0286 461.9635 462.1756 461.9665 461.9591 462.3034 462.2479 461.9692 462.6318 463.0072 462.4004 462.9268 462.3276 462.7203
2013 3 462.4202 462.3496 462.2753 462.2691 462.1708 462.3645 462.3912 462.4262 462.308 462.3746 462.5081 462.5099 462.2969 462.5696 462.4666 462.8808 462.8235 463.0557 462.8431 462.8014 463.1978
2013 4 462.8763 462.8115 462.7452 462.7451 462.6104 462.8858 463.0992 462.8674 462.7886 462.7068 463.0144 462.966 462.876 462.7566 462.9298 463.4266 463.2576 462.8144 463.2169 463.1537 463.5453
2013 5 463.2685 463.231 463.191 463.1908 463.0837 463.2949 463.2572 463.2487 463.2884 463.1256 463.3251 463.2788 463.3538 463.3405 463.3918 463.6186 463.5027 463.4516 463.4844 463.6191 464.0683
2013 6 463.7652 463.6806 463.6953 463.6954 463.5507 463.8249 463.8188 463.7401 463.6871 463.6306 463.6871 463.6413 463.6792 463.7802 463.8208 464.1765 463.8547 463.7647 463.7903 464.1199 464.3006
2013 7 464.1302 464.0872 464.0567 464.0569 464.0439 464.1111 464.1023 464.1004 464.0922 464.0991 464.1702 464.2163 464.1311 464.0368 464.4293 464.1734 464.3796 464.6647 464.6855 464.4568 464.7081
2013 8 464.5455 464.5082 464.4544 464.548 464.3611 464.512 464.5058 464.5144 464.5065 464.5077 464.4986 464.4847 NA 464.6027 464.4954 NA 464.8894 464.5768 464.9544 464.9063 464.9595
2013 9 464.9719 464.9597 464.9585 464.9587 464.776 464.903 464.9078 464.938 464.9442 465.0197 464.9143 464.9473 465.1076 465.1114 465.0546 NA 465.3431 465.2114 465.2026 465.227 465.2925
2013 10 465.2442 465.1684 465.1481 465.1489 465.1145 465.2028 465.2041 465.2321 465.277 465.1489 465.2868 465.3818 465.5849 465.3372 465.2839 NA 465.4525 465.3754 465.4341 465.5011 465.7544
2013 11 465.4932 465.4804 465.4463 465.4112 465.4106 465.5116 465.5386 465.5386 465.5975 465.3883 465.5826 465.549 465.6396 465.6226 465.4527 465.796 465.7477 465.821 465.7458 465.7846 465.9534
2013 12 465.7782 465.739 465.7044 465.7045 465.6369 465.756 465.7279 465.775 465.7071 465.7822 465.7879 465.7636 465.7639 465.9642 465.9382 NA 465.8947 466.0146 465.8696 466.0249 466.3328
2014 1 466.027 466.0066 465.961 465.9608 465.8669 466.0039 466.0218 466.095 465.9872 466.0575 466.1024 466.0493 465.8851 466.3945 466.3005 NA 466.2736 466.2339 466.2992 466.4098 466.9843
2014 2 466.3386 466.2305 466.2163 466.2161 466.0886 466.327 466.3626 466.3576 466.2166 466.3998 466.4226 466.3254 466.4514 466.5858 466.5586 NA 467.0533 467.0448 467.0135 466.7377 467.36
2014 3 466.8618 466.7742 466.7028 466.7027 466.5442 466.7968 466.9202 466.8613 466.5185 466.7873 466.8478 466.7166 466.9501 467.3817 467.0818 466.8513 467.3325 467.2559 467.1237 467.4195 467.688
2014 4 467.3931 467.3129 467.3186 467.3183 467.2361 467.4805 467.3718 467.3435 467.2502 467.3192 467.5245 467.6212 467.3929 467.7646 467.6394 467.8825 468.212 467.705 468.099 467.8117 468.1854
2014 5 467.8376 467.7955 467.7789 467.7784 467.7114 467.8005 467.8043 467.7964 467.6718 467.871 467.9324 467.8795 468.0421 468.4323 467.8957 468.6476 468.4997 468.1917 468.3958 468.1389 468.4721
2014 6 468.2211 468.2001 468.1576 468.2696 468.0453 468.1677 468.1582 468.2202 468.0909 468.2218 468.3901 468.3626 468.4758 468.2082 468.4722 468.5377 468.6644 468.4584 468.5952 468.5972 468.7119
2014 7 468.6183 468.5623 468.5131 468.5123 468.3927 468.5996 468.6215 468.6218 468.6302 468.7244 468.628 468.7103 NA 468.7363 468.8735 469.0575 469.0085 NA NA 468.9816 469.2253
2014 8 469.0479 468.986 468.8761 468.876 468.7625 469.1587 469.107 469.0215 468.9239 469.0461 469.1286 469.078 469.1479 469.3936 469.1283 469.5426 469.1468 468.9358 469.0706 469.2805 469.728
2014 9 469.4467 469.4045 469.4002 469.4003 469.3426 469.4237 469.4364 469.3888 469.2779 469.4372 469.5447 469.5891 469.4742 469.4469 469.5509 469.756 469.7078 469.7753 469.7421 469.7002 470.0553
2014 10 469.7547 469.7341 469.7121 469.7121 469.718 469.7515 469.726 469.737 469.7245 469.77 469.8099 469.7915 469.781 469.7476 469.9872 470.1094 469.9866 470.1541 469.9265 470.017 470.3136
2014 11 470.0397 470.0195 470.0163 470.0161 469.9725 470.0401 470.0292 470.0352 470.033 470.0557 470.0811 470.0942 470.2235 470.1836 470.1532 470.0124 470.2263 470.2375 470.216 470.2997 470.6449
2014 12 470.2871 470.2431 470.2704 470.1903 470.1104 470.2636 470.3197 470.315 470.2468 470.2887 470.2876 470.3679 470.3667 470.3909 NA NA 470.6229 470.6887 470.6202 470.6794 470.855
2015 1 470.5472 470.5336 470.4865 470.4937 470.4573 470.5313 470.5594 470.5798 470.5698 470.5277 470.5758 470.6396 470.3642 470.6667 470.4838 471.494 470.8546 470.8485 470.8491 470.8937 471.2429
2015 2 470.8595 470.8222 470.7609 470.7737 470.6943 470.8888 470.857 470.8924 470.8257 470.887 471.0158 471.018 470.9748 470.9711 471.066 471.4033 471.808 471.153 471.7661 471.2715 471.4146
2015 3 471.3555 471.2528 471.1454 471.1827 NA 471.2847 471.296 471.3509 471.21 471.3249 471.3535 471.3693 471.6749 471.2328 471.7331 NA 471.5467 471.6025 471.5467 471.8088 472.2567
2015 4 471.7675 471.7479 471.7052 471.7055 471.5585 471.7887 471.6947 471.7576 471.6716 471.7187 471.796 471.7728 471.8844 471.6707 471.9094 NA 472.2182 472.1747 472.2122 472.2641 472.5449
2015 5 472.2255 472.1693 472.1182 471.9854 471.9858 472.2372 472.1917 472.2585 472.3163 472.2419 472.3894 472.4078 472.2746 472.5114 472.5472 472.5822 472.3888 472.6066 472.4313 472.5764 473.0946
2015 6 472.6531 472.591 472.542 472.63 472.4491 472.6219 472.6375 472.6315 472.7093 472.6148 472.6495 472.6398 472.8179 472.8119 472.8285 472.8908 472.9979 473.0443 472.9794 472.9995 473.3723
2015 7 473.0768 473.0133 472.9796 473.1472 NA 473.0764 473.1291 473.0755 473.055 472.8428 473.1782 473.0015 NA 473.2027 473.2769 473.1822 473.2745 473.4057 473.1936 473.4105 473.7747
2015 8 473.5092 473.4513 473.3859 473.385 473.335 473.4511 473.4569 473.4868 473.4477 473.5931 473.6538 473.5754 NA 473.582 473.6362 NA 473.5977 474.1673 473.6729 473.8541 474.2258
2015 9 473.914 473.8665 473.834 473.8343 473.7311 473.8412 473.8973 473.8897 473.9509 473.8971 473.8712 473.9574 NA 473.9228 474.0414 474.3821 474.2116 474.2423 474.2594 474.2694 474.5273
2015 10 474.273 474.2253 474.189 474.189 474.1383 474.2817 474.2142 474.2627 474.2426 474.3031 474.2379 474.3105 474.3137 474.3503 474.3063 NA 474.192 474.2085 474.1941 474.5319 474.9289
2015 11 474.5502 474.5182 474.4813 474.4814 474.4043 474.5294 474.5931 474.6005 474.4391 474.5769 474.5552 474.5495 474.5901 474.8103 474.6145 474.7388 474.8432 474.7374 474.8397 474.75 474.9969
2015 12 474.8332 474.7614 474.7728 474.7722 474.7316 474.8247 474.8212 474.8309 474.7579 474.9023 474.8104 474.8662 474.9423 474.8741 474.8981 475.1661 475.086 475.165 475.0815 475.1475 475.4218
2016 1 475.0668 475.1039 475.1109 475.1116 NA 475.0758 475.122 475.0973 475.0538 475.1848 475.1341 475.0935 475.0398 475.4228 475.1186 NA 475.3716 475.16 475.3739 475.4583 475.8505
2016 2 475.3809 475.3974 475.449 475.4489 NA 475.3816 475.3917 475.4111 475.3226 475.2702 475.4704 475.463 475.4467 475.7627 475.391 475.997 475.6883 475.7756 475.6687 475.7671 476.0362
2016 3 475.7728 475.7174 475.6638 475.664 475.5568 475.9157 475.7412 475.7968 475.9 475.8458 475.8583 475.8832 475.9987 476.07 475.9179 NA 476.3499 NA 476.3945 476.2386 476.5319
2016 4 476.2498 476.1966 476.1317 476.1315 NA 476.2832 476.2568 476.2487 476.3277 476.1921 476.2048 476.3053 476.3083 476.7352 476.4316 NA 476.5693 476.5589 476.5662 476.6499 477.0401
2016 5 476.7277 476.6825 476.7185 476.6072 476.5137 476.7592 476.6407 476.7099 476.6862 476.7679 476.822 476.7376 476.8044 476.737 476.7445 477.2957 477.0112 476.9733 476.9968 477.0744 477.7587
2016 6 477.1243 477.0628 477.0923 NA 476.9604 477.0999 477.1272 477.1171 477.0551 477.0634 477.1822 477.1316 477.5222 477.4072 477.6715 477.647 477.4862 477.3581 477.4891 477.4864 477.7376
2016 7 477.5282 477.4726 477.4247 477.4245 477.2983 477.5398 477.5934 477.5317 477.6478 477.5357 477.4455 477.3715 NA 477.6678 477.928 477.8636 477.8902 477.6871 477.8866 477.8682 478.1887
2016 8 477.9786 477.9167 477.8559 477.8557 477.7313 477.9775 478.0196 478.0028 477.9114 478.0371 478.1373 478.2006 477.9977 478.0027 478.2243 478.0582 478.1376 478.2034 478.1343 478.2229 478.7468
2016 9 478.3869 478.3417 478.2769 478.2768 478.2187 478.4138 478.3786 478.3714 478.2848 478.3768 478.5656 478.6949 NA 478.4884 478.495 478.8136 478.7575 478.7989 478.7483 478.7254 478.8434
2016 10 478.7695 478.7414 478.6703 478.6703 478.5237 478.8231 478.8066 478.8081 478.7862 NA 478.8677 478.8314 478.8652 479.0649 478.8546 479.1928 479.025 478.9259 479.0166 478.9839 479.2553
2016 11 479.0368 479.0099 478.9677 478.9683 478.9325 479.0935 479.0236 479.0485 479.0097 479.1291 479.0631 479.2144 479.0972 479.1413 479.1916 479.3952 479.274 479.2432 479.2313 479.2998 479.3971
2016 12 479.2761 479.2456 479.2183 479.2189 NA 479.2978 479.2815 479.2747 479.3173 479.2235 479.296 479.2935 479.316 479.4221 479.4815 479.6017 479.3878 479.4005 479.3916 479.5818 479.777
2017 1 479.5151 479.4913 479.4929 479.4836 479.3744 479.5501 479.5576 479.5486 479.5639 479.4693 479.4762 479.5888 NA 479.7265 479.6167 479.9669 479.7435 479.8277 479.743 479.8798 480.076
2017 2 479.832 479.7902 479.6755 479.8084 479.6129 NA 479.871 479.8432 479.8609 479.8415 479.866 479.9329 479.9002 479.7114 480.5286 480.5984 480.2804 480.218 480.2265 480.26 480.6307
2017 3 480.2641 480.2021 480.156 480.1264 NA NA 480.2565 480.2822 480.1936 480.3644 480.2075 480.1665 480.5821 NA 480.4128 481.067 480.8648 480.5582 480.5617 480.742 481.1323
2017 4 480.7456 480.6853 480.6013 480.6011 NA NA 480.7825 480.7184 480.6848 480.788 480.9636 480.7925 480.8273 NA 480.9548 481.7912 481.5206 480.9866 480.9466 481.2447 481.6254
2017 5 481.243 481.19 481.148 481.1501 480.9664 NA 481.3739 481.2584 481.1675 481.2973 481.2533 481.3537 481.3362 481.3322 481.2251 481.689 481.6212 481.763 481.422 481.5803 482.1393
2017 6 481.6389 481.6021 481.6002 481.5812 481.5225 NA 481.5558 481.6455 481.6891 481.61 481.6393 481.6259 NA 481.8504 481.717 482.0191 482.0984 482.0347 481.9951 481.9122 482.298
2017 7 482.051 481.9481 481.9251 481.835 481.8351 NA 482.0402 482.0718 482.014 482.0022 481.9449 482.1716 482.065 482.2092 482.2536 482.3396 482.4045 482.2824 482.2579 482.4437 482.9256
2017 8 482.5169 482.489 482.4901 482.4749 482.4191 NA 482.6005 482.4981 482.5922 482.5197 482.5234 482.6 NA 482.5021 482.6445 482.9283 482.9249 482.7233 482.7209 482.8814 482.9894
2017 9 482.869 482.8298 482.7477 482.7475 482.6388 NA 482.9771 482.8872 482.8926 482.9085 482.8677 482.9182 NA 482.9438 483.0398 483.2656 483.1791 483.1087 483.11 483.1651 483.5148
2017 10 483.3 483.2594 483.2142 483.2144 483.1452 NA 483.3377 483.2696 483.3522 483.2057 483.3553 483.3493 NA 483.3191 483.5263 483.4801 483.6057 483.4908 483.4528 483.4969 483.7213
2017 11 483.6103 483.5827 483.5342 NA 483.455 NA 483.6979 483.64 483.6746 483.6154 483.534 483.5613 NA 483.8421 483.7326 483.9253 484.1885 483.9647 483.8696 483.8476 484.0302
2017 12 483.8393 483.8106 483.8006 483.7923 483.7211 483.9816 483.8839 483.8749 483.9633 483.9003 483.9068 483.9265 NA 484.0378 484.0294 484.2044 484.2844 483.97 484.054 484.1467 484.4459
2018 1 484.1675 484.1531 484.156 484.1201 484.1006 484.1217 484.1438 484.1592 484.195 484.2868 484.2008 484.0517 484.0061 484.283 484.3 484.2637 484.526 484.601 484.5138 484.4235 484.853
2018 2 484.487 484.4705 484.4273 NA 484.2741 484.3527 484.6534 484.5702 484.5365 484.6052 484.5601 484.5863 484.4729 484.5825 484.8964 484.6853 485.0522 485.1862 484.9819 NA 485.2769
2018 3 484.8978 484.8099 484.7224 NA 484.5848 NA 484.8536 484.8903 484.9695 484.7869 484.947 484.8835 484.98 485.0391 484.9664 485.377 485.2059 485.0775 485.1354 NA 485.6167
2018 4 485.353 485.3177 485.2408 NA 485.2048 NA 485.3864 485.3502 485.3862 485.3763 485.4867 485.4769 485.3465 485.6572 485.4305 485.5899 485.9587 485.7953 485.8375 NA 486.0866
2018 5 485.8353 485.7732 485.7486 NA 485.5923 NA 485.8162 485.8159 485.7261 485.6957 485.8228 485.7432 485.8398 485.9918 485.8203 486.2203 486.3415 486.5397 NA NA 486.5177
2018 6 486.2014 486.1933 486.1235 NA 486.0601 NA 486.3291 486.2709 486.1948 486.1546 486.2246 486.424 486.5854 486.4806 486.4986 486.4969 486.6868 486.5578 486.5544 NA 487.0058
2018 7 486.6888 486.6047 486.5797 NA 486.491 NA 486.744 486.6739 486.506 486.7486 486.7016 486.6198 NA 486.8395 486.8905 487.1682 486.9204 486.7271 486.8773 NA 487.5676
2018 8 487.1242 487.0469 487.0369 NA NA NA 487.1439 487.1449 487.077 487.2089 487.1355 NA NA 487.1193 487.2436 NA 487.5646 487.4434 487.4143 NA 487.5728
2018 9 487.5329 487.4801 487.3938 NA 487.299 NA 487.5916 487.5457 487.5264 487.5594 487.5739 NA NA 487.5951 487.7251 487.8067 487.7787 487.7366 487.8241 NA 488.0031
2018 10 487.9168 487.8641 487.8113 NA 487.7532 NA 487.9096 487.8791 487.8639 487.8681 488.0176 NA 488.0149 487.9657 488.0337 488.2853 488.3409 488.1174 488.1626 NA 488.5452
2018 11 488.1966 488.1994 488.0159 NA 488.0163 NA 488.1215 488.1724 488.1669 488.3203 488.2648 NA 488.3577 488.1203 488.21 488.5696 488.6028 488.3344 488.5307 NA 488.6849
2018 12 488.4841 488.4003 NA NA 488.2926 NA 488.4694 488.4681 488.4225 NA 488.5993 NA 488.4676 488.6587 NA 489.0526 489.0635 488.6884 488.8996 NA 489.0079
2019 1 488.6993 488.6647 NA NA NA 488.617 488.7085 NA NA NA 488.7446 NA 488.6046 NA NA NA 489.4389 NA NA NA NA
2019 2 489.0928 489.0312 NA NA NA NA NA NA NA NA 489.0989 NA 489.0823 NA 489.2332 NA 489.7826 NA NA NA NA
2019 3 489.5019 489.4467 NA NA NA NA NA NA NA NA 489.5728 NA 489.5541 NA 489.6291 NA 489.9319 NA NA NA NA
2019 4 489.9287 489.8877 NA NA NA NA NA NA NA NA 490.0052 NA 489.8989 NA 490.2205 NA 490.1566 NA NA NA NA
2019 5 490.3946 490.3106 NA NA NA NA NA NA NA NA 490.402 NA 490.554 NA 490.7715 NA 491.0488 NA NA NA NA
2019 6 490.8051 490.7274 NA NA NA NA NA NA NA NA 490.8987 NA NA NA 490.8875 NA 491.3404 NA NA NA NA
2019 7 491.299 491.2496 NA NA NA NA NA NA NA NA 491.4094 NA NA NA 491.5461 NA 491.5809 NA NA NA NA
2019 8 491.6889 491.6215 NA NA NA NA NA NA NA NA 491.8013 NA NA NA 491.7731 NA NA NA NA NA NA
2019 9 492.0742 492.039 NA NA NA NA NA NA NA NA 492.1368 NA NA NA 492.1118 NA 492.3468 NA NA NA NA
2019 10 492.4523 492.3785 NA NA NA NA NA NA NA NA 492.4799 NA 492.5623 NA 492.4137 NA 492.8757 NA NA NA NA
2019 11 492.7595 492.7496 NA NA NA NA NA NA NA NA 492.7963 NA 492.8453 NA NA NA 493.0753 NA NA NA NA
2019 12 493.0135 492.9851 NA NA NA NA NA NA NA NA 493.0452 NA 493.0597 NA NA NA 493.3599 NA NA NA NA
2020 1 493.291 493.2609 NA NA NA NA NA NA NA NA NA NA 493.3506 NA NA NA 494.1123 NA NA NA NA
2020 2 493.6481 493.4377 NA NA NA 493.4728 NA NA NA NA NA NA 493.6323 NA NA NA 494.2548 NA NA NA NA
2020 3 494.079 NA NA NA NA NA NA NA NA NA NA NA NA NA NA NA 494.8122 NA NA NA NA
2020 4 494.5622 NA NA NA NA NA NA NA NA NA NA NA NA NA NA NA 495.5118 NA NA NA NA
2020 5 495.0132 NA NA NA NA NA NA NA NA NA NA NA NA NA NA NA NA NA NA NA NA
2020 6 NA NA NA NA NA NA NA NA NA NA NA NA NA NA NA NA NA NA NA NA NA
2020 7 NA NA NA NA NA NA NA NA NA NA NA NA NA NA NA NA NA NA NA NA NA
2020 8 NA NA NA NA NA NA NA NA NA NA NA NA NA NA NA NA NA NA NA NA NA
2020 9 NA NA NA NA NA NA NA NA NA NA NA NA NA NA NA NA NA NA NA NA NA
2020 10 NA NA NA NA NA NA NA NA NA NA NA NA NA NA NA NA NA NA NA NA NA
2020 11 NA NA NA NA NA NA NA NA NA NA NA NA NA NA NA NA NA NA NA NA NA
2020 12 NA NA NA NA NA NA NA NA NA NA NA NA NA NA NA NA NA NA NA NA NA
