year month SPO_NOAA_insitu SPO_NOAA_flask SPO_SIO_O2_flask SPO_SIO_CDK_flask SPO_CSIRO_flask HBA_NOAA_flask SYO_NOAA_flask SYO_TU_insitu MAA_CSIRO_flask CYA_CSIRO_flask PSA_NOAA_flask PSA_SIO_O2_flask DRP_NOAA_flask MQA_CSIRO_insitu CRZ_NOAA_flask BHD_NIWA_insitu CGO_NOAA_flask CGO_SIO_O2_flask CGO_CSIRO_flask CGO_CSIRO_insitu AMS_LSCE_insitu CPT_SAWS_insitu LMG65_NOAA_underway LMG63_NOAA_underway LMG61_NOAA_underway LMG59_NOAA_underway LMG57_NOAA_underway LMG65_NCAR_underway LMG63_NCAR_underway LMG61_NCAR_underway LMG59_NCAR_underway LMG57_NCAR_underway
1998 1 362.3371 362.2583 362.2444 362.1098 362.153 361.7367 NA 362.3285 362.6207 362.68 362.1217 362.02 NA NA 361.4875 NA 362.079 361.7109 362.0794 NA 362.4077 NA NA NA NA NA NA NA NA NA NA NA
1998 2 362.4668 362.4333 362.2942 362.3092 362.313 361.955 NA 362.3422 362.295 362.97 361.9217 362.2843 NA NA 361.5467 362.3821 362.0692 361.9103 362.1513 NA 362.5873 NA NA NA NA NA NA NA NA NA NA NA
1998 3 362.535 362.6383 362.3989 362.4189 362.432 362.0937 NA 362.6147 362.3926 363.1085 362.275 362.4189 NA NA 362.1075 363.0076 362.6763 362.4737 362.439 NA 362.3725 NA NA NA NA NA NA NA NA NA NA NA
1998 4 362.8549 362.845 362.6183 362.6881 362.759 362.429 NA 362.9302 362.7758 363.3767 362.71 362.9473 NA NA 362.77 362.8594 362.8225 362.7678 362.6873 NA 362.5899 NA NA NA NA NA NA NA NA NA NA NA
1998 5 363.1804 363.275 362.9822 363.0072 363.045 363.0225 NA 363.3785 363.2498 363.54 363.1937 363.3628 NA NA 362.92 NA 363.24 362.9174 363.1702 NA 362.9651 NA NA NA NA NA NA NA NA NA NA NA
1998 6 363.6658 363.6067 363.4359 363.5655 363.482 363.3525 NA 363.8637 363.78 363.8157 363.965 363.8148 NA NA 363.335 363.4278 363.7 363.396 363.565 NA 363.454 NA NA NA NA NA NA NA NA NA NA NA
1998 7 364.134 364.179 363.8796 364.0641 363.876 363.9017 NA 364.393 364.4128 364.3478 364.421 364.4297 NA NA 364.09 364.1767 364.1317 363.8912 363.8841 NA 363.9861 NA NA NA NA NA NA NA NA NA NA NA
1998 8 364.7882 364.73 364.5576 364.5726 364.494 364.4012 NA 364.9855 364.8226 364.8183 364.735 364.7022 NA NA 364.765 364.4723 364.7325 364.6723 364.7315 NA 364.4858 NA NA NA NA NA NA NA NA NA NA NA
1998 9 365.0907 365.0767 364.8618 365.0013 364.969 364.74 NA 365.3387 365.0892 365.1905 365.0687 364.9914 NA NA 365.0925 365.0733 365.0233 364.8967 365.1411 NA 364.7101 NA NA NA NA NA NA NA NA NA NA NA
1998 10 365.1323 365.15 364.9914 365.0313 NA 364.855 NA 365.3552 365.067 365.2505 365.175 365.1077 NA NA 365.1475 NA 364.9763 364.7521 365.0611 NA 364.2692 NA NA NA NA NA NA NA NA NA NA NA
1998 11 365.1491 365.12 365.2174 365.131 365.192 365.08 NA 365.2954 365.1614 365.2695 365.01 365.121 NA NA 364.8917 364.7066 364.9575 364.8368 364.9792 NA 364.2225 NA NA NA NA NA NA NA NA NA NA NA
1998 12 365.087 365.13 365.0911 365.0013 NA 364.9725 NA 365.1803 365.3145 365.0491 364.9 364.8618 NA NA 364.92 364.4641 364.925 364.7571 364.8809 NA 364.613 NA NA NA NA NA NA NA NA NA NA NA
1999 1 365.0233 365.1871 365.0878 364.9615 365.208 364.95 365.265 365.0374 364.9575 365.0297 364.8163 364.7022 NA NA 364.6025 364.808 364.9575 364.9814 364.9474 NA 364.6776 NaN NA NA NA NA NA NA NA NA NA NA
1999 2 364.9477 365.042 364.9615 364.782 365.111 364.915 364.9875 364.9631 364.7038 364.7707 364.6783 364.8867 NA NA NA 364.6978 365.09 365.0313 365.1991 NA 364.9108 NaN NA NA NA NA NA NA NA NA NA NA
1999 3 364.8559 365.0717 364.8717 364.8418 365 365.002 364.8425 364.9023 364.782 364.9817 364.8025 364.8717 NA NA 364.72 364.8681 364.888 364.6956 364.8469 NA 364.796 364.8227 NA NA NA NA NA NA NA NA NA NA
1999 4 365.0247 365.1425 365.0562 365.0213 364.934 365.1375 365.01 365.1305 364.933 NA 365.1687 365.1974 NA NA NA 364.893 364.99 364.9066 365.0387 NA 364.6463 365.2403 NA NA NA NA NA NA NA NA NA NA
1999 5 365.2323 365.315 365.126 365.0811 365.072 365.2633 365.29 365.3866 365.223 365.4045 365.557 365.3254 NA NA 365.045 365.14 365.1212 365.0063 365.189 NA 364.6205 365.3476 NA NA NA NA NA NA NA NA NA NA
1999 6 365.5536 365.6067 365.5697 NA NA 365.365 365.6025 365.6829 365.5585 366.2344 365.7475 365.6794 NA NA 365.635 365.395 365.4317 365.3104 365.317 NA 365.0602 365.2768 NA NA NA NA NA NA NA NA NA NA
1999 7 365.8787 365.7175 365.804 365.6893 365.771 365.7737 365.9 366.0037 365.7435 366.3208 366.011 365.9885 NA NA NA 365.6841 365.905 365.819 365.8251 NA 365.3848 365.3596 NA NA NA NA NA NA NA NA NA NA
1999 8 366.267 366.1442 366.163 365.9386 365.99 366.1412 366.4725 366.4116 366.353 366.439 366.385 366.2577 NA NA NA 366.2729 366.132 365.8688 366.0834 NA 365.8142 365.6433 NA NA NA NA NA NA NA NA NA NA
1999 9 366.5252 366.5017 366.492 366.3773 366.527 366.45 366.6325 366.6838 366.513 366.642 366.7537 366.5003 NA NA NA 366.2443 366.4338 366.2012 366.4976 NA 366.0295 365.9592 NA NA NA NA NA NA NA NA NA NA
1999 10 366.6619 366.6408 366.5967 366.5169 366.485 366.34 366.6925 366.7886 366.6863 366.5835 366.9562 366.6665 NA NA NA NA 366.545 366.2976 366.6107 NA 366.1489 366.1056 NA NA NA NA NA NA NA NA NA NA
1999 11 366.769 366.765 366.821 366.7463 366.856 366.425 366.845 366.8804 366.6717 367.194 366.785 366.2677 NA NA NA 365.982 366.4775 365.9735 366.5451 NA 366.0987 366.3914 NA NA NA NA NA NA NA NA NA NA
1999 12 366.6823 366.6567 366.6466 366.8161 366.831 366.305 366.67 366.7233 366.739 366.435 366.5062 366.492 NA NA 366.2775 365.9001 366.45 366.3524 366.4653 NA 366.2465 366.6141 NA NA NA NA NA NA NA NA NA NA
2000 1 366.5256 366.5306 366.6117 366.497 366.658 365.8338 366.605 366.4271 NA 366.6117 366.0583 366.1879 NA NA NA 365.8984 366.4583 366.497 366.522 NA 366.3147 366.3014 NA NA NA NA NA NA NA NA NA NA
2000 2 366.3785 366.3667 366.5419 366.5169 366.511 365.9667 366.335 366.3987 366.078 366.609 365.995 366.1214 NA NA NaN 365.8145 366.2883 366.2328 366.3903 NA 366.3119 366.0595 NA NA NA NA NA NA NA NA NA NA
2000 3 366.2866 366.2628 366.3973 NA 366.417 366.0712 366.185 366.3112 366.0915 366.8095 366.3037 366.2377 NA NA 366.2425 365.9739 366.2238 366.0682 366.137 NA 366.1816 366.0078 NA NA NA NA NA NA NA NA NA NA
2000 4 366.3605 366.2744 366.2976 366.487 366.281 366.2817 366.47 366.4742 366.1043 366.8328 366.4125 366.3973 NA NA 366.2117 366.2114 366.3017 366.158 366.0732 NA 366.0209 365.7474 NA NA NA NA NA NA NA NA NA NA
2000 5 366.4866 366.3838 366.6565 366.6067 366.295 366.263 366.7525 366.625 366.3405 NA 366.5612 366.5917 NA NA 366.2662 366.865 366.365 366.2278 366.401 NA 365.9201 365.9036 NA NA NA NA NA NA NA NA NA NA
2000 6 366.7825 366.6607 366.7762 366.826 366.613 366.5438 366.8125 366.8048 366.658 NA 366.92 367.0155 NA NA 366.7967 367.0733 366.5975 366.5618 366.82 NA 366.4462 366.5702 NA NA NA NA NA NA NA NA NA NA
2000 7 367.2251 367.0117 367.0105 367.1451 366.905 367.0025 367.23 367.1628 366.843 NA 366.9967 367.1916 NA NA 367.1067 366.9811 367.2025 367.18 367.2057 NA 366.8607 366.7699 NA NA NA NA NA NA NA NA NA NA
2000 8 367.7117 367.4481 367.3744 367.5539 367.263 367.3025 367.5975 367.6039 367.413 NA 367.6875 367.873 NA NA 367.4617 367.5242 367.385 367.4409 367.3425 NA 367.1138 367.3217 NA NA NA NA NA NA NA NA NA NA
2000 9 367.916 367.6595 367.8281 367.6736 367.579 367.5463 367.7 367.846 367.556 NA 367.7263 367.8929 NA NA 367.985 367.2029 367.5925 367.5489 367.6576 NA 367.1698 367.232 NA NA NA NA NA NA NA NA NA NA
2000 10 367.9165 367.73 367.9677 367.7733 NA 367.645 NaN 367.8896 367.7687 NA 367.892 367.9079 NA NA 368.15 367.6388 367.7188 367.6885 367.7807 NA 367.2064 367.3005 NA NA NA NA NA NA NA NA NA NA
2000 11 367.8272 367.8269 367.9926 367.9029 367.807 367.741 367.8125 367.9083 367.6915 NA 367.6937 367.8032 NA NA 367.755 367.6224 367.7175 367.6137 367.763 NA 367.3798 367.3386 NA NA NA NA NA NA NA NA NA NA
2000 12 368.082 367.8444 367.9478 367.853 367.786 367.5075 367.775 367.8716 367.7905 NA 367.4887 367.6586 NA NA 367.75 367.7113 367.6475 367.524 367.6205 NA 367.2572 367.2825 NA NA NA NA NA NA NA NA NA NA
2001 1 367.9027 367.78 367.8979 367.8431 367.828 367.334 367.465 367.7254 367.723 NA 367.264 367.2149 NA NA 367.1417 NA 367.3738 367.3595 367.537 NA 367.748 367.1977 NA NA NA NA NA NA NA NA NA NA
2001 2 367.6313 NA 367.519 367.1351 367.599 367.1962 367.66 367.6677 367.5918 NA 367.16 367.0587 NA NA 367.1667 NA 367.475 367.4392 367.4605 NA 367.8253 367.095 NA NA NA NA NA NA NA NA NA NA
2001 3 367.5727 NA 367.524 367.0753 367.442 367.4212 367.515 367.6946 367.645 NA 367.28 367.4392 NA NA 367.0625 367.7075 367.5167 367.5838 367.5983 NA 368.0536 367.2135 NA NA NA NA NA NA NA NA NA NA
2001 4 367.8431 NA 367.6437 367.4044 367.602 367.6962 367.9275 367.9318 367.7047 NA 367.755 NA NA NA 367.3933 367.4885 367.6675 367.6486 367.6014 NA 367.9101 367.4699 NA NA NA NA NA NA NA NA NA NA
2001 5 368.103 NA 368.212 367.6337 367.872 367.9467 368.215 368.1799 368.047 NA 368.3 NA NA NA 367.6467 367.9121 367.97 367.8132 367.8918 NA 367.679 367.7742 NA NA NA NA NA NA NA NA NA NA
2001 6 368.361 NA 368.4014 367.9627 368.24 368.245 368.305 368.479 367.921 NA 368.3712 NA NA NA 368.6725 368.1549 368.1725 368.3317 368.08 NA 368.196 368.1889 NA NA NA NA NA NA NA NA NA NA
2001 7 368.7956 368.7933 368.6956 368.3416 368.422 368.6987 368.8017 368.9571 368.655 NA 368.8417 NA NA NA 368.8033 368.3179 368.6717 368.7355 368.7192 NA 368.7331 368.266 NA NA NA NA NA NA NA NA NA NA
2001 8 369.2895 369.112 369.254 368.89 368.969 369.2783 369.365 369.4221 369.2545 NA 369.4117 NA NA NA 369.2217 368.2193 368.9333 369.0795 369.0105 NA 369.1216 368.9158 NA NA NA NA NA NA NA NA NA NA
2001 9 369.62 369.3958 369.2191 369.4683 369.409 369.7783 369.8375 369.7714 369.6055 NA 369.625 NA NA NA 369.5717 368.0349 369.585 369.4833 369.6201 NA 369.3902 369.1003 NA NA NA NA NA NA NA NA NA NA
2001 10 369.8711 369.8613 369.9037 369.6179 369.8205 369.9625 369.98 369.9823 369.6752 NA 370.1512 370.605 NA NA 369.8375 368.4326 369.6775 369.5531 369.6957 NA 369.5239 369.2111 NA NA NA NA NA NA NA NA NA NA
2001 11 369.9044 369.811 370.0267 369.4983 369.572 370.0983 369.9483 370.0424 369.7995 NA 369.9963 370.1115 NA NA NA 368.2748 369.395 369.3188 369.3462 NA 369.5959 369.1778 NA NA NA NA NA NA NA NA NA NA
2001 12 369.7054 369.667 369.8622 369.2789 NA 369.889 369.7625 369.8332 369.5535 NA 369.6683 369.4783 NA NA NA 368.1546 369.5475 369.5581 369.4003 NA 369.5834 369.3442 NA NA NA NA NA NA NA NA NA NA
2002 1 369.5646 369.438 369.5581 369.3387 NA 369.445 369.51 369.6126 369.293 369.334 369.395 369.4983 NA NA NA 368.4026 369.355 NA 369.309 NA 369.8276 369.2294 NA NA NA NA NA NA NA NA NA NA
2002 2 369.4809 369.3886 369.6428 369.5381 NA 369.2188 369.68 369.6145 369.648 370.101 369.21 369.229 NA NA NA 368.4513 369.42 369.5082 369.3563 NA 369.816 369.0204 NA NA NA NA NA NA NA NA NA NA
2002 3 369.5215 369.4633 369.588 369.6478 369.32 369.38 369.52 369.7878 369.4765 370.192 369.4413 369.5415 NA NA NA 368.5312 369.525 369.573 369.4738 NA 369.6876 369.3731 NA NA NA NA NA NA NA NA NA NA
2002 4 369.7851 369.5567 369.8622 369.7475 369.643 369.6387 369.9775 369.9644 369.494 NA 369.735 370.0865 NA NA 371.215 368.7762 369.7425 369.7376 369.6678 NA 369.8125 369.3011 NA NA NA NA NA NA NA NA NA NA
2002 5 370.0466 369.8733 370.1414 370.0267 369.9 369.91 370.2475 370.2434 NA NA 370.2 370.271 NA NA NA 369.3062 370.0063 370.0865 369.8969 NA 370.0108 369.7326 NA NA NA NA NA NA NA NA NA NA
2002 6 370.4399 370.3329 370.4804 370.4256 370.309 370.35 370.39 370.5961 NA 370.3932 370.575 370.6383 NA NA 370.3175 369.184 370.4725 370.4605 370.3685 NA 370.6398 369.9937 NA NA NA NA NA NA NA NA NA NA
2002 7 370.942 370.7557 370.9042 370.9141 370.655 370.83 371 371.107 NA 370.9535 371.2483 371.3828 NA NA 370.9783 370.1292 371.1917 371.1285 370.8986 NA 371.0948 370.7162 NA NA NA NA NA NA NA NA NA NA
2002 8 371.4619 371.3583 371.5573 371.5024 371.149 371.34 371.6075 371.6234 NA 371.4727 371.6333 371.642 NA NA 371.5137 370.6078 371.3767 371.5722 371.3594 NA 371.4074 371.2133 NA NA NA NA NA NA NA NA NA NA
2002 9 371.9008 371.73 371.8713 371.7318 371.661 371.7183 371.8625 371.9607 NA 372.0535 372.0583 371.9511 NA NA 371.7567 371.1633 371.7863 371.8664 371.8017 NA 371.7538 371.608 NA NA NA NA NA NA NA NA NA NA
2002 10 372.0636 371.9729 371.9661 371.8514 371.997 371.907 372.1325 372.1493 NA 371.92 372.0962 372.1755 NA NA 371.6825 371.6431 371.8412 371.8763 371.8844 NA 371.7033 371.5262 NA NA NA NA NA NA NA NA NA NA
2002 11 372.0244 372.0114 371.9162 371.8414 371.925 371.94 372.0675 372.0791 372.1505 372.2387 372.003 372.0658 NA NA NaN 371.5925 371.7238 371.6669 371.8254 NA 371.7231 371.4372 NA NA NA NA NA NA NA NA NA NA
2002 12 371.9033 371.7883 372.1705 371.632 371.917 371.8675 371.9775 371.9025 371.994 371.951 371.7437 371.5523 NA NA NA 371.2712 371.5633 371.5373 371.5589 NA 372.13 371.6456 NA NA NA NA NA NA NA NA NA NA
2003 1 371.9839 372.0369 372.1406 371.9611 371.925 371.6362 372.0925 371.9804 372.0547 371.8888 371.71 371.4077 NA NA NaN 371.283 371.5433 371.642 371.6047 NA 372.2192 371.7836 NA NA NA NA NA NA NA NA NA NA
2003 2 371.8845 372.0487 372.1156 371.8115 NA 371.6 372.1225 371.8907 372.007 372.2825 371.965 371.5922 NA NA NaN 371.9271 371.8017 371.7517 371.6223 NA 372.2772 371.7931 NA NA NA NA NA NA NA NA NA NA
2003 3 371.9864 372.1487 371.9561 371.7318 371.858 371.7162 372.3325 372.0212 372.067 372.2327 371.8883 371.7417 NA NA NA 371.7991 371.8775 371.7467 371.8811 NA 372.6361 371.9179 NA NA NA NA NA NA NA NA NA NA
2003 4 372.1395 372.1433 372.0658 372.0209 371.985 372.0187 372.51 372.3149 372.109 372.4423 372.2263 372.6391 NA NA NA 372.0886 372.1333 372.2153 372.1255 NA 372.6833 372.2271 NA NA NA NA NA NA NA NA NA NA
2003 5 372.4602 372.5333 372.4148 372.3599 NA 372.4383 372.795 372.6335 372.7093 372.6904 372.789 372.7039 NA NA NA 372.0588 372.3667 372.4646 372.4152 NA 372.5973 372.5332 NA NA NA NA NA NA NA NA NA NA
2003 6 372.8071 372.9525 372.7139 372.6192 372.648 372.855 373.135 373.0316 373.164 372.9905 373.1587 372.7438 NA NA NA 372.9208 372.7237 372.7338 372.7271 NA 372.6765 372.6942 NA NA NA NA NA NA NA NA NA NA
2003 7 373.2333 373.1967 373.3271 372.9981 373.023 373.066 373.375 373.4546 373.4365 373.5935 373.525 373.3869 NA NA 373.6025 373.0616 373.1483 373.1377 373.2274 NA 373.3819 373.1997 NA NA NA NA NA NA NA NA NA NA
2003 8 373.8026 373.5708 373.6013 373.4368 373.422 373.6717 374.01 373.9718 373.832 374.1258 373.98 373.7459 NA NA 373.9937 373.4732 373.8475 373.7359 373.8688 NA 373.7726 373.5511 NA NA NA NA NA NA NA NA NA NA
2003 9 374.1147 374 374.0051 373.9254 373.985 373.9375 374.27 374.2434 374.013 374.1918 374.215 374.2345 NA NA 374.0837 373.6809 374.0517 373.9154 374.0125 NA 373.8376 373.6017 NA NA NA NA NA NA NA NA NA NA
2003 10 374.1257 374.0708 374.2145 373.8456 374.128 373.8525 374.1325 374.2129 374.2202 374.0472 374.24 374.0982 NA NA 373.8883 373.6556 373.965 373.6861 374.0194 NA 373.7559 373.3094 NA NA NA NA NA NA NA NA NA NA
2003 11 374.017 373.9483 373.9154 373.6761 373.815 373.86 374.0025 374.0859 NA 373.5808 374.1062 374.2843 NA NA 373.9663 373.3046 373.645 373.696 373.7865 NA 373.7738 373.7183 NA NA NA NA NA NA NA NA NA NA
2003 12 374.0089 373.9658 373.8755 373.6462 373.969 373.844 374.01 374.0631 374.2163 373.7872 373.9388 374.045 NA NA 373.6317 373.393 373.64 373.6561 373.6629 NA 374.306 373.4591 NA NA NA NA NA NA NA NA NA NA
2004 1 374.0475 373.9083 374.0999 373.6163 373.925 373.6813 373.7725 374.0108 373.0635 374.176 373.6733 373.7957 NA NA 373.5175 373.4343 373.5625 373.3271 373.6078 NA 374.4916 373.715 NA NA NA NA NA NA NA NA NA NA
2004 2 373.8567 373.7725 373.8606 373.5166 NA 373.4388 374.3025 373.781 373.7645 373.8552 373.6733 373.4218 NA NA 373.1375 374.014 373.6625 373.5515 373.6466 NA 374.7295 373.854 NA NA NA NA NA NA NA NA NA NA
2004 3 374.0551 373.805 374.0151 373.8855 374.2 373.85 374.2925 373.9779 374.1162 373.9625 373.809 373.9204 NA NA 373.64 373.5422 373.846 373.9087 373.7149 NA 374.2945 373.6748 NA NA NA NA NA NA NA NA NA NA
2004 4 374.1877 374.005 374.1597 373.9254 374.124 373.9483 374.4925 374.2725 374.4712 374.231 374.1325 373.8057 NA NA 373.9933 373.8209 373.8525 373.8057 373.9872 374.1385 374.3025 374.5038 NA NA NA NA NA NA NA NA NA NA
2004 5 374.3905 374.2275 374.3491 374.1148 374.193 374.2883 374.7925 374.5789 374.6536 374.2645 374.44 374.0899 NA NA 374.4367 374.2246 374.285 374.1281 374.4334 374.2886 374.4385 374.6045 NA NA NA NA NA NA NA NA NA NA
2004 6 374.7571 374.732 374.7729 374.5236 374.857 374.715 375.18 374.9523 375.113 375.016 374.8083 375.1219 NA NA 374.887 NA 374.691 374.7031 374.8222 374.7688 374.689 374.7312 NA NA NA NA NA NA NA NA NA NA
2004 7 375.0748 374.9088 375.077 374.9324 375.028 375.0637 375.41 375.3754 375.0393 375.3733 375.32 375.3014 NA NA 375.2967 375.2144 375.0583 375.2016 375.1182 375.1467 375.3687 374.7389 NA NA NA NA NA NA NA NA NA NA
2004 8 375.58 375.498 375.7168 375.421 375.536 375.5513 375.9775 375.8375 375.9047 375.6972 375.7025 376.1157 NA NA 375.6075 375.3962 375.475 375.5058 375.47 375.5662 374.6115 375.3822 NA NA NA NA NA NA NA NA NA NA
2004 9 375.7441 375.741 375.8747 375.5706 NA 375.685 376.095 376.0389 375.9847 376.081 376.335 375.7451 NA NA 375.8317 375.5404 375.4937 375.1767 375.7049 375.7 374.6529 375.2601 NA NA NA NA NA NA NA NA NA NA
2004 10 375.7188 375.8425 375.9744 375.6503 375.893 375.7162 375.995 376.0061 376.015 375.9492 376.315 375.775 NA NA 375.659 375.4377 375.56 375.1518 375.647 375.696 375.4708 375.6523 NA NA NA NA NA NA NA NA NA NA
2004 11 375.6784 375.7636 375.8797 375.5606 375.772 375.7975 376.005 375.8999 376.022 375.8965 376.0975 375.6437 NA NA 375.705 375.2867 375.7475 375.3263 375.7242 375.5767 375.3145 375.6241 NA NA NA NA NA NA NA NA NA NA
2004 12 375.6514 375.5717 375.6882 375.3213 375.563 375.523 375.755 375.716 375.5525 375.8 375.5813 375.436 NA NA 375.1775 374.8586 375.4738 375.2615 375.4974 375.4402 375.6395 375.6543 NA NA NA NA 375.54 NA NA NA NA NA
2005 1 375.6136 375.5986 375.9245 375.3911 375.663 375.3188 375.52 375.6571 375.8125 375.3234 375.191 375.1817 NA NA 375.4162 NA 375.38 375.3213 375.2777 375.2671 375.7588 375.5639 NA NA NA NA NA NA NA NA NA NA
2005 2 375.2336 375.2633 375.2382 375.2814 375.159 375.2433 375.835 375.383 375.7085 375.2055 375.2575 375.2465 NA NA 375.2733 NA 375.24 375.1917 375.373 375.371 375.5109 375.2428 NA NA NA NA NA NA NA NA NA NA
2005 3 375.435 375.3325 375.5107 375.6404 375.276 375.3433 375.9375 375.5078 375.5996 375.5035 375.365 375.3462 NA NA 375.358 375.1853 375.4267 375.4659 375.4333 375.4559 375.7615 375.3624 NA NA NA NA NA NA NA NA NA NA
2005 4 375.62 375.6343 375.7201 375.78 375.614 375.7125 376.19 375.8474 375.8098 375.8398 375.8613 375.5905 NA NA 375.7338 NA 375.5525 375.5656 375.542 375.7517 375.8049 375.7205 NA NA NA NA NA NA NA NA NA NA
2005 5 376.0597 375.9981 376.0841 376.1888 375.878 376.1988 376.57 376.3085 376.4913 376.183 376.3425 376.5926 NA NA 376.195 NA 376.2783 376.2237 376.169 376.2847 376.2761 376.1529 NA NA NA NA NA NA NA NA NA NA
2005 6 376.5817 376.5965 376.6807 376.4879 376.6445 376.696 376.78 376.8562 376.9477 376.881 377.068 376.8518 NA NA 376.7712 NA 377.015 377.2357 377.0246 376.6815 376.8108 376.5853 NA NA NA NA NA NA NA NA NA NA
2005 7 377.0944 377.139 377.146 NA NA 377.26 377.5775 377.356 377.5067 377.4097 377.585 377.3786 NA 377.6365 377.205 NA 377.095 377.2208 377.2395 377.2817 377.3552 377.1238 NA NA NA NA NA NA NA NA NA NA
2005 8 377.6126 377.517 377.5299 NA 377.336 377.73 377.7675 377.8144 377.9697 377.7493 377.927 377.834 NA 377.7493 377.6892 377.1587 377.5925 377.7193 377.5187 377.605 377.6192 377.2956 NA NA NA NA NA NA NA NA NA NA
2005 9 377.8762 377.805 377.7991 377.7742 377.703 377.9512 378.005 378.0384 378.0786 377.7905 378.195 378.0284 NA 377.9831 377.8367 NA 377.6667 377.5448 377.833 377.8138 377.7495 377.4346 NA NA NA NA NA NA NA NA NA NA
2005 10 377.9642 377.9925 378.1182 378.0334 377.9 378.0175 378.21 378.108 378.174 377.942 378.1067 377.9038 NA NaN 377.838 NA 377.7467 377.6794 377.901 377.8952 377.6528 377.3342 NA NA NA NA NA NA NA NA NA NA
2005 11 377.9099 377.8881 377.9487 377.6944 NA 377.975 378.0075 378.0275 378.1563 377.894 378.061 377.7343 NA 377.981 378.028 NA 377.7275 377.7642 377.997 377.9142 377.842 377.5554 NA NA NA NA NA NA NA NA NA NA
2005 12 377.9146 377.9087 378.0833 377.8539 378.066 377.8425 378.0025 377.9929 378.0558 378.0685 377.6938 377.5398 NA 377.9236 377.8375 NA 377.7925 377.5249 377.7688 377.8063 379.2325 377.5746 378.175 377.7143 378.0781 377.5 377.55 NA NA NA NA NA
2006 1 377.9225 377.9542 377.834 377.8539 378.016 377.3767 377.9225 377.9612 378.092 377.6427 377.3037 377.5747 NA 377.5984 377.45 377.3125 378.0025 377.7742 377.7676 377.767 378.1841 377.9962 377.1812 377.5 377.775 377.3 377.72 NA NA NA NA NA
2006 2 377.6543 377.6567 377.6744 377.6047 377.763 377.3975 377.89 377.7842 378.0012 377.739 377.25 377.5548 NA 377.4988 377.9367 NA 377.7587 377.824 377.9554 377.7595 377.8818 378.3786 377.1931 377.3033 377.4333 377.3091 377.5333 NA NA NA NA NA
2006 3 377.7947 377.8243 377.7243 377.6346 377.651 377.7 377.985 377.8832 378.1382 377.7075 377.7662 377.711 377.9175 377.8017 377.865 377.9595 377.7117 377.9138 377.969 377.9217 378.1465 377.7102 377.66 377.8264 377.7182 377.9185 377.8891 NA NA NA NA NA
2006 4 377.9098 377.9993 378.0434 NA 377.949 377.855 378.2533 378.0661 378.1388 377.9155 378.0363 378.0467 377.6904 378.1583 378.0213 377.736 377.9517 377.7841 378.02 377.9458 378 377.6398 378.1 377.8786 377.7889 377.8714 377.9778 NA NA NA NA NA
2006 5 378.1652 378.27 378.1381 378.0434 378.073 378.185 378.475 378.3215 378.5625 378.1513 378.26 378.3226 378.375 378.3386 378.258 378.1068 378.2283 378.1182 378.067 378.1277 378.0932 377.9759 378.8258 378.7949 378.4033 378.3933 378.33 NA NA NA NA NA
2006 6 378.4117 378.4258 378.4472 378.3724 378.313 378.4975 378.7567 378.6112 NA 378.6212 378.659 378.6117 378.445 378.5946 378.695 378.4926 378.34 378.3176 378.494 378.3403 378.4505 378.1457 378.8257 378.71 378.6889 378.6595 378.5385 NA NA NA NA NA
2006 7 378.7485 378.8071 378.6018 378.8909 378.463 378.7963 378.98 378.9611 379.306 379.6005 378.9287 378.9308 NA 379.0544 378.8637 378.6517 378.7583 378.8211 378.6328 378.8112 378.7594 378.3472 NA NA NA NA 378.8 NA NA NA NA NA
2006 8 379.2368 379.2933 379.2449 379.2698 NA 379.1837 379.54 379.3862 379.4688 379.2352 379.3087 379.3546 379.5375 379.3979 379.325 379.3081 379.1938 379.0355 379.1682 379.1626 379.2454 378.8339 379.6375 379.5952 379.4875 379.375 379.225 NA NA NA NA NA
2006 9 379.4826 379.495 379.4343 379.2698 NA 379.445 379.53 379.6336 379.8602 379.3675 379.67 379.2 379.5725 379.6188 379.5588 379.3686 379.425 379.2349 379.4645 379.4189 379.3706 379.1621 379.9625 380.1556 380.07 379.9 379.9625 NA NA NA NA NA
2006 10 379.5891 379.6371 379.6437 379.3296 379.626 379.5375 379.6667 379.7282 379.8125 379.6025 379.675 379.4094 379.6817 379.7108 379.3717 379.3962 379.4275 379.4094 379.4285 379.4961 379.4978 379.1977 380.0546 380.1951 380.0409 379.9229 379.7727 NA NA NA NA NA
2006 11 379.5543 379.66 379.5988 379.3695 379.555 379.6225 379.5775 379.6067 379.553 379.6637 379.6162 379.6686 379.7375 379.6296 379.446 379.3471 379.553 379.1551 379.3242 379.4126 379.4989 379.2765 379.8845 379.9181 379.745 379.792 379.8 NA NA NA NA NA
2006 12 379.5546 379.668 379.6986 NA 379.576 379.4688 379.51 379.573 379.5992 379.4122 379.165 379.3895 379.4912 379.3693 379.3938 379.1198 379.33 379.2748 379.2622 379.2903 379.4739 379.142 379.4267 379.454 379.4945 379.5258 379.6783 NA NA NA NA NA
2007 1 379.5124 379.4942 379.3695 379.2499 379.584 379.244 379.485 379.4393 379.3727 379.135 379.004 379.3944 379.26 379.2538 379.25 379.1502 379.2825 379.3346 379.341 379.3107 379.9296 379.4881 378.8889 379.07 379.1857 379.1 378.8857 NA NA NA NA NA
2007 2 379.4741 379.6771 379.7035 379.3097 379.576 379.38 379.335 379.5036 379.2295 379.1492 379.2075 379.4144 378.9367 379.221 379.2717 379.338 379.115 379.3396 379.1843 379.4674 379.9499 379.4809 379.132 379.49 379.3333 379.2063 379.2 NA NA NA NA NA
2007 3 379.4671 379.5875 379.539 379.3097 379.455 379.51 379.5325 379.5248 379.3925 379.3337 379.2062 379.5241 379.6483 379.4564 379.389 379.4445 379.51 379.6786 379.4771 379.5458 379.3807 379.4776 379.9188 379.798 379.6088 379.6643 379.5143 NA NA NA NA NA
2007 4 379.8053 379.8508 379.8232 379.6288 379.701 379.8333 380.01 379.9996 380.1565 379.928 379.85 379.7833 379.8325 379.8976 379.8212 380.2588 NA NA NA 379.8779 379.4848 379.7915 380.0794 379.9072 379.8182 379.8467 379.6786 NA NA NA NA NA
2007 5 380.126 380.18 380.1423 379.9478 380.068 380.16 380.3425 380.2826 380.2057 380.1163 380.241 380.2968 380.1775 380.4282 380.2333 380.1847 380.1517 380.222 380.0898 380.1262 379.6193 380.0861 380.3366 379.9445 379.9833 379.9143 380.0572 NA NA NA NA NA
2007 6 380.4807 380.552 380.5361 380.3267 380.263 380.645 380.685 380.6114 380.5482 380.27 380.619 380.591 381.0317 380.6704 380.655 380.5869 380.3717 380.3965 380.4426 380.4883 380.3173 380.3303 380.915 380.9368 380.38 380.3 380.1 NA NA NA NA NA
2007 7 380.8925 380.9092 380.91 380.7355 380.579 380.991 381 381.057 381.0962 380.9288 380.9625 380.8951 NA 381.0741 380.9425 380.994 380.875 380.7904 380.8671 380.8862 381.1071 380.4219 NA NA NA NA NA NA NA NA NA NA
2007 8 381.3166 381.39 381.3737 381.2241 381.119 381.4662 381.4675 381.4462 381.5353 381.8957 381.558 381.5166 NA 381.5356 381.5475 381.4527 381.29 381.3039 381.4055 381.4004 381.2899 380.8092 NA NA NA NA NA NA NA NA NA NA
2007 9 381.6729 381.7708 381.7027 381.5332 NA 381.6875 381.7975 381.8013 381.5175 NA 381.925 381.8423 381.945 381.7245 381.7567 381.5241 381.4483 381.3238 381.5693 381.7255 381.6957 381.2646 382.0167 382.675 382.2333 382.4 382.0571 NA NA NA NA NA
2007 10 381.7958 381.9033 381.8922 381.6928 381.762 381.77 382.02 381.8621 NA 381.8445 381.975 381.9919 381.86 381.827 381.6767 381.7897 381.61 381.613 381.6629 381.7321 381.5932 381.078 382.3 382.2558 382.095 382.0471 382.07 NA NA NA NA NA
2007 11 381.7763 381.9325 381.9121 381.6329 NA 381.8613 381.9725 381.886 NA 381.6695 381.926 381.8623 381.82 381.752 381.655 381.5948 381.6025 381.623 381.5578 381.7076 381.8016 381.0269 382.0066 381.9976 381.9312 381.9187 381.8562 NA NA NA NA NA
2007 12 381.8101 381.915 381.9969 381.6928 381.847 381.86 381.9325 381.7902 NA 381.7025 381.605 381.6977 381.23 381.5977 381.3775 381.6057 381.67 381.6529 381.6492 381.6771 NaN 381.3258 381.8062 381.7927 381.4222 381.5143 381.625 NA NA NA NA NA
2008 1 381.7799 381.9029 381.8623 381.8024 382.226 381.765 381.985 381.7663 NA 381.8693 381.5838 381.6878 381.59 381.5674 381.6037 381.9392 381.7167 381.6396 381.7095 381.801 382.7622 381.5121 381.4621 381.2963 381.66 381.6714 381.5286 NA NA NA NA NA
2008 2 381.7446 381.8083 381.7476 381.5432 NA 381.69 381.9025 381.7292 NA 381.703 381.4717 382.3608 381.5125 381.7181 381.6012 381.6229 381.8512 381.7825 381.736 381.8444 382.3826 381.9747 381.4571 381.6312 381.575 381.5267 381.6357 NA NA NA NA NA
2008 3 381.876 381.9767 381.8922 381.6628 NA 381.8425 382.15 381.8547 381.238 381.622 381.791 381.8473 381.87 381.8318 381.7862 381.6236 381.7133 381.7825 381.6132 381.8008 382.1427 381.5631 381.747 381.6545 381.7333 381.6 381.6077 NA NA NA NA NA
2008 4 381.9883 382.084 382.0068 381.9221 NA 381.935 382.235 382.0247 381.7545 382.25 382.065 382.0268 381.975 381.9905 381.9075 381.985 381.895 382.0716 382.026 381.8597 382.0007 381.7238 382.1379 382.1321 381.9423 381.9433 381.988 NA NA NA NA NA
2008 5 382.0891 382.1358 381.9969 381.8323 382.6 382.0425 382.3475 382.1569 382.154 NA 382.155 382.1315 382.2 382.2366 382.144 382.1506 381.8925 382.2511 381.9227 382.042 382.1197 382.3713 382.2575 382.1828 382.0611 382.1636 383.1 NA NA NA NA NA
2008 6 382.3902 382.3617 382.3359 382.1115 NA 382.185 382.595 382.434 382.25 382.277 382.529 382.625 382.655 382.5597 382.355 382.7311 382.32 382.4007 382.634 382.4317 382.3253 382.4544 382.5656 382.7974 382.5556 382.55 382.675 NA NA NA NA NA
2008 7 382.9341 382.88 382.7547 382.6101 383.184 382.802 383.18 382.961 NA 383.1625 383.1083 383.2632 382.905 383.0144 383.1108 383.0506 382.9437 382.8943 382.9726 382.942 382.8345 382.9001 383.3559 383.1305 382.9625 383.1357 383.0455 NA NA NA NA NA
2008 8 383.3358 383.3642 383.1685 383.0887 383.434 383.2967 383.47 383.4479 383.6205 383.519 383.4575 383.4427 383.475 383.4952 383.4467 383.2701 383.2425 383.1435 383.354 383.3608 383.07 382.8455 383.5787 383.5492 383.4688 383.4909 383.4917 NA NA NA NA NA
2008 9 383.5849 383.6175 383.4825 383.3878 NA 383.6275 383.735 383.677 383.8302 383.843 384.058 383.48 383.735 383.6655 383.4575 384.05 383.5738 383.5424 383.6914 383.6279 383.2892 383.1122 383.7722 383.9667 383.6059 383.6727 383.69 NA NA NA NA NA
2008 10 383.6953 383.7058 383.6221 383.2981 383.718 383.702 383.78 383.8027 383.9573 383.8618 384.0488 383.8465 383.69 383.7542 383.6475 NA 383.5825 383.667 383.6533 383.6018 383.3008 383.1291 NA NA NA NA NA NA NA NA NA NA
2008 11 383.626 383.7433 383.6221 383.3778 NA 383.765 383.7375 383.6874 383.8338 383.9193 383.6 383.5922 NA 383.6207 383.435 NA 383.59 383.3579 383.495 383.5246 383.3527 382.8764 NA NA NA NA NA NA NA NA NA NA
2008 12 383.4984 383.6275 383.6022 383.3479 NA 383.455 383.4725 383.4938 383.596 383.5087 383.335 383.4227 NA 383.3885 383.4525 383.3959 383.4837 383.3479 383.5636 383.4343 NA NaN NA NA NA NA NA NA NA NA NA NA
2009 1 383.4831 383.6375 383.5723 383.3878 383.519 383.3375 383.605 383.4627 383.831 383.715 383.1612 383.1784 383.085 383.2367 383.02 383.6704 383.86 383.4078 383.85 383.3956 NA 383.4804 383.0192 383 383.1333 383.14 383.3167 NA NA NA NA NA
2009 2 383.2838 383.28 383.1036 383.0987 NA 383.35 383.2175 383.1787 383.455 383.2663 383.2 383.0289 383.2275 383.1735 383.0533 383.0443 384.42 NA 384.061 383.3096 383.6308 383.197 383.1026 383.1 383.1818 383.3091 383.4889 NA NA NA NA NA
2009 3 383.3119 383.33 383.1834 383.1385 NA 383.3475 383.5275 383.4146 383.4557 383.1443 383.345 383.2632 383.3675 383.3374 383.3412 383.1263 383.2933 383.3429 383.4454 383.3738 383.6925 383.0265 383.0897 383.3678 383.3933 383.55 383.9077 NA NA NA NA NA
2009 4 383.4584 383.4883 383.5872 383.338 NA 383.5617 383.6475 383.5783 383.671 383.4195 383.49 383.4726 383.3625 383.5638 383.5383 383.3615 383.1917 383.4177 383.2999 383.4337 383.7327 383.1707 383.5236 383.592 383.5154 383.5154 383.5125 NA NA NA NA NA
2009 5 383.639 383.5983 383.5324 383.4377 383.602 383.6163 383.79 383.7563 383.49 383.679 383.6937 383.7916 NA 383.8139 383.7563 383.4835 383.5762 383.4177 383.5043 383.5696 383.8199 383.4069 383.8693 384.0231 NA NA NA NA NA NA NA NA
2009 6 383.9099 383.8692 383.7916 383.7667 383.822 384.0613 383.9725 384.0067 383.8897 384.29 383.977 383.9711 383.9633 384.0744 384.0067 384.0863 383.8625 383.8016 383.8506 383.9747 383.9644 383.7285 384.064 383.9722 383.9467 384.0767 383.9 NA NA NA NA NA
2009 7 384.3034 384.3017 384.3351 384.2353 384.798 384.38 384.38 384.3958 384.6272 384.4302 384.4037 384.3849 NA 384.5174 384.56 384.2415 384.38 384.2503 384.3273 384.3827 384.3582 383.7216 NA NA NA NA NA NA NA NA NA NA
2009 8 384.696 384.68 384.5843 384.5843 385.302 384.745 384.685 384.7874 384.962 384.6415 384.8062 384.684 NA 384.8388 385.2717 384.5691 384.7963 384.6242 384.8472 384.8581 385.0499 384.2506 NA NA NA NA NA NA NA NA NA NA
2009 9 385.0081 384.9892 384.8585 384.8635 384.811 385.1633 385.14 385.1031 385.1 385.0202 385.122 385.0779 NA 385.0932 NA 384.7645 385.01 384.9333 384.9275 385.1226 385.1538 384.3792 385.3 385.5895 385.2706 385.2769 385.2111 NA NA NA NA NA
2009 10 385.1946 385.1908 385.1178 385.043 NA 385.41 385.27 385.2759 385.3758 385.362 385.485 385.2923 385.3433 385.2692 NaN 384.8752 385.13 384.9732 385.083 385.1821 385.1031 384.9602 385.4466 385.5583 385.46 385.5 385.435 NA NA NA NA NA
2009 11 385.1914 385.3342 385.2025 385.0131 NA 385.3117 385.3075 385.2376 385.0615 385.2647 385.191 385.2424 NA 385.234 385.21 384.7365 385.08 385.6811 385.181 385.1807 385.0885 385.781 385.3154 385.237 385.3 385.2571 385.1429 NA NA NA NA NA
2009 12 385.1333 385.2108 385.2075 384.9134 385.089 385.0712 385.195 385.0487 385.149 385.095 384.88 384.7788 384.91 384.8777 384.704 384.6481 385.0733 384.8103 384.9313 385.031 385.1853 384.9688 384.904 385.0961 NA 384.95 384.6667 NA NA NA NA NA
2010 1 385.0667 385.2408 385.0929 384.9533 385.665 384.545 385.1425 385.0025 385.1255 385.1309 384.755 384.6641 384.595 384.6069 384.745 NA 385.11 384.8186 385.0474 384.875 384.9082 384.5812 384.3091 384.725 384.8286 384.9 NA NA NA NA NA NA
2010 2 384.7088 384.98 384.7239 384.5544 385.208 384.4 384.575 384.5103 384.343 384.4955 384.2712 384.6641 384.03 384.6022 384.2675 384.5025 384.56 384.7538 384.7403 384.8286 385.0656 384.8271 384.2055 383.9654 384.28 384.1615 383.9889 NA NA NA NA NA
2010 3 384.775 384.8117 384.7189 384.6641 384.749 384.4925 384.72 384.6462 384.7148 384.906 384.57 384.6791 384.725 384.6915 384.4087 384.406 384.77 384.5843 384.5707 384.8768 385.0949 384.8627 384.5313 384.7111 384.7833 384.8 384.9667 NA NA NA NA NA
2010 4 384.8929 384.92 384.8386 384.8535 384.968 384.8975 384.9475 384.9473 384.9487 384.8575 384.915 385.0231 385.1025 385.0961 384.7763 384.9586 384.73 NA 384.802 384.9835 385.2371 385.1945 384.9244 384.9816 384.8833 384.8444 385.0167 NA NA NA NA NA
2010 5 385.2023 385.0842 384.9483 385.053 384.785 385.1117 385.2725 385.2645 385.087 385.1932 385.371 385.2673 385.23 385.3261 385.0662 385.2093 385.155 385.2125 385.2333 385.1704 385.5791 384.9247 385.4145 385.1326 385.2042 385.0571 385.075 NA NA NA NA NA
2010 6 385.6812 385.6925 385.6263 385.5615 385.529 385.58 385.885 385.7828 NA 386.036 385.9513 385.7011 385.68 385.9348 385.689 386.0481 385.595 385.716 385.7764 385.818 385.7673 385.8216 385.7 385.9 385.8857 385.8 385.8 NA NA NA NA NA
2010 7 386.3262 386.25 386.2096 386.2894 386.066 386.2767 386.45 386.4482 NA 386.864 386.4587 386.3642 NA 386.5884 386.495 386.395 386.22 386.4589 386.3107 386.5006 386.5456 386.6714 NA NA NA NA NA NA NA NA NA NA
2010 8 387.0385 387 386.8328 386.8876 386.729 387.126 387.21 387.1695 NA 387.105 387.435 387.2017 NA 387.127 387.221 387.5958 387.0283 386.8876 387.1678 387.1425 387.1184 386.9662 NA NA NA NA NA NA NA NA NA NA
2010 9 387.365 387.3933 387.3114 387.3662 387.349 387.4413 387.505 387.5709 NA 387.5922 387.7213 387.446 387.64 387.5663 387.4117 388.105 NA 387.2366 387.3123 387.3367 387.0926 387.0535 387.7771 387.753 387.5733 387.5462 387.6346 NA NA NA NA NA
2010 10 387.4387 387.4633 387.446 387.3563 387.415 387.4433 387.52 387.5443 NA 387.934 387.5812 387.5657 387.52 387.3707 387.355 388.0683 387.325 NA 387.431 387.3985 387.3339 387.3232 387.6333 387.6852 387.0556 387.29 387.3929 NA NA NA NA NA
2010 11 387.4337 387.4758 387.2898 387.2167 NA 387.535 387.445 387.4795 NA 387.785 387.508 387.441 387.2925 387.3357 387.233 388.015 387.475 387.2566 387.26 387.3769 387.2979 387.3874 387.2046 387.2 387.23 387.33 387.3625 NA NA NA NA NA
2010 12 387.3132 387.4175 387.4659 387.2865 387.538 387.274 387.235 387.2444 NA 387.5097 387.1063 387.1768 NA 387.0834 386.905 387 387.005 386.9076 387.0104 387.0776 387.8089 387.1574 387.058 387.2517 387.25 386.9643 NaN NA NA NA NA NA
2011 1 387.2215 387.3425 387.2266 387.1967 387.583 386.9725 386.6875 386.7649 NA 387.1745 386.4762 386.743 387.255 386.7629 386.7588 386.7543 386.9025 NA 386.8534 387.0009 NaN 386.9858 386.6138 386.3 386.9 387.14 387.075 NA NA NA NA NA
2011 2 387.0065 387.224 387.2366 387.3263 387.371 386.6383 386.955 386.8733 NA 387.0715 386.6683 386.5187 386.59 386.7969 386.9587 NA 387.0975 386.8826 386.9548 386.9966 NaN 386.9582 386.3875 386.3722 386.58 386.525 386.8077 NA NA NA NA NA
2011 3 386.9077 386.9792 386.8527 386.8777 386.602 386.74 386.91 386.929 NA 387.029 386.752 386.5087 386.9075 386.9587 386.6662 386.8247 386.94 386.7381 386.943 386.9475 NaN 387.1336 386.8308 386.5741 386.8445 386.7889 386.78 NA NA NA NA NA
2011 4 387.0618 387.0725 386.9225 386.9973 387.035 386.9263 387.1183 387.1045 NA 387.0135 386.9688 386.8428 386.9017 387.1517 387.1013 387.0371 387.32 387.1868 NA 387.0714 NaN 387.1871 387.0213 386.9149 386.8533 386.8778 386.8692 NA NA NA NA NA
2011 5 387.3158 387.2833 387.3014 387.117 387.281 387.195 387.265 387.3677 NA 387.1095 387.42 387.2067 387.325 387.4477 387.245 NA 387.2 387.0322 387.0675 387.2835 NaN 387.4875 387.5329 387.2652 387.3083 387.3143 387.3 NA NA NA NA NA
2011 6 387.572 387.517 387.4959 387.5357 NA 387.558 387.75 387.6927 NA 387.3692 387.73 387.6055 387.555 387.7774 387.5775 387.6596 387.7675 387.7152 387.7527 387.5881 NaN 387.6959 387.6333 387.65 387.625 387.6 387.5333 NA NA NA NA NA
2011 7 388.0214 387.8992 387.8797 387.8947 NA 387.955 388.2 388.1156 NA 387.9152 388.2162 388.0193 NA 388.2717 387.9767 388.2081 388.0625 387.9346 387.9158 388.0185 NaN 387.9743 NA NA NA NA NA NA NA NA NA NA
2011 8 388.5298 388.465 388.4581 388.493 388.929 388.4937 388.5125 388.639 388.5698 388.5294 388.838 388.4331 388.39 388.6989 388.4875 388.6362 388.61 388.2038 388.583 388.6583 NaN 388.3749 388.5928 388.4554 388.47 388.6187 388.6304 NA NA NA NA NA
2011 9 388.8926 388.8283 388.817 388.7821 388.773 388.8237 388.9175 389.0074 388.9646 388.8987 389.035 389.0513 388.9775 388.951 388.954 388.8038 389.0617 388.8818 388.9852 388.942 NaN 388.768 389.0067 388.9478 389.0389 389.0714 389.1 NA NA NA NA NA
2011 10 389.0885 389.0975 389.0314 389.0812 389.048 388.95 389.06 389.1235 389.108 388.998 389.1262 388.9965 388.5825 389.1619 389.008 388.6082 389.04 388.9018 389.1157 389.0493 NaN 388.7274 389.21 389.1875 388.85 388.4429 388.9333 NA NA NA NA NA
2011 11 389.1339 389.13 389.1161 389.1112 388.928 389.07 389.08 389.1538 389.1311 389.166 389.27 389.0414 388.8325 389.1296 388.8325 388.3706 388.8817 388.7672 388.8518 388.9723 NaN 388.7448 389.35 389.3629 389.3 388.9 388.8357 NA NA NA NA NA
2011 12 389.0685 389.1767 389.0314 388.7023 NA 388.9275 389.0325 388.9254 389.0682 388.976 388.741 388.9666 388.6633 388.7657 388.715 388.4659 389 388.7223 388.9133 388.9294 NaN 389.3666 388.9944 388.9147 389.0571 388.8583 389.0519 NA NA NA NA NA
2012 1 388.9401 389.147 389.0513 388.9616 NA 388.6533 388.875 388.7643 388.9054 388.858 388.455 388.5179 NA 388.6569 388.396 388.139 388.6767 388.6126 388.6522 388.8077 389.3909 NaN 388.5085 388.8428 388.8857 388.8 NA NA NA NA NA NA
2012 2 388.5547 388.4325 388.6625 388.7622 388.758 388.6175 388.29 388.4646 388.4245 388.5726 388.493 388.3583 388.6 388.5337 387.9983 388.3969 388.885 388.6076 388.688 388.7439 389.4384 388.9745 388.3053 388.4968 388.4417 388.5727 388.6176 NA NA NA NA NA
2012 3 388.7683 388.6879 388.6575 388.7323 388.911 388.62 388.6825 388.6649 388.661 388.762 388.7975 388.7622 389.0317 388.6288 388.835 388.4779 388.6875 388.6625 388.6495 388.8095 389.6954 388.8756 388.8235 388.6875 388.85 389.1062 389.0579 NA NA NA NA NA
2012 4 388.9959 388.9375 388.7871 388.8519 389.025 388.8883 389.005 388.966 388.9245 389.0487 389.1275 389.0314 389.0325 388.9113 388.9767 388.5576 389.165 389.0414 389.047 389.0372 389.7525 388.6282 389.2645 389.2467 389.1375 389.0308 389.1961 NA NA NA NA NA
2012 5 389.2541 389.17 389.0015 389.171 NA 389.1733 389.2025 389.3169 389.254 389.344 389.5062 389.3255 389.6075 389.4223 389.262 388.9573 389.21 389.0364 389.1667 389.2705 389.566 389.2935 389.5864 389.3 389.02 389.6571 389.6111 NA NA NA NA NA
2012 6 389.604 389.4742 389.4552 389.4302 389.363 389.41 389.57 389.6666 389.6257 389.5537 389.7863 389.5947 389.825 389.91 389.8987 389.6504 389.5883 389.4801 389.5568 389.6649 390.1073 389.8405 389.7833 389.8435 389.8571 389.8 NA 389.7923 389.7726 389.8899 389.9703 389.9781
2012 7 390.2386 390.1417 390.0385 390.198 NA 390.085 390.33 390.306 390.3312 389.926 390.873 390.4572 NA 390.3979 390.4933 390.2272 390.21 390.2578 390.1752 390.2269 390.5543 390.2524 NA NA NA NA NA NA NA NA NA NA
2012 8 390.9082 390.8408 390.866 390.886 390.558 390.7475 391.025 390.935 390.8112 391.0333 391.2162 390.9309 NA 390.951 390.995 390.5248 390.965 390.9009 390.935 391.0195 391.1483 390.7938 NA NA NA NA NA NA NA NA NA NA
2012 9 391.2953 391.2275 391.1552 391.2051 NA 391.165 391.375 391.3388 391.407 391.4647 391.4113 391.5241 391.64 391.2334 391.3067 390.7942 391.21 391.2549 391.345 391.2549 391.3378 391.0877 391.5667 391.54 391.6177 391.5556 391.64 390.8818 390.9229 390.6734 390.6602 390.9929
2012 10 391.3703 391.3233 391.2549 391.2948 NA 391.2617 391.3825 391.3789 391.3832 391.862 391.5937 391.3696 390.8983 391.4532 391.1075 NA 391.305 391.21 391.344 391.2431 391.2169 391.1621 392 391.7846 391.76 391.51 391.59 391.3516 391.4407 391.3147 390.3091 390.882
2012 11 391.3415 391.36 391.3098 391.1951 391.311 391.167 391.2925 391.3297 391.3905 391.4125 391.4967 391.3746 391.0283 391.1805 NA NA 391.1462 391.1901 391.1826 391.221 391.2392 391.4287 391.42 391.5572 391.3083 391.1733 391.5719 391.2505 391.2339 390.8361 390.3809 390.6324
2012 12 391.4381 391.4042 391.4444 391.3845 391.436 390.9125 391.3025 391.3203 391.3997 391.3445 391.095 391.225 391.325 391.0602 391.0333 NA 391.0025 391.1452 391.0863 391.1865 391.5708 391.5858 391.1936 391.3033 391.275 391.3773 391.1733 390.9101 391.0759 391.0156 391.1042 390.6536
2013 1 391.3577 391.3242 391.2599 391.2051 NA 390.805 391.455 391.2352 391.3795 NA 391.019 391.1103 390.405 391.0112 391.0025 NA 391.215 391.2051 391.2232 391.1521 391.7222 391.5067 391.088 391.1125 391.05 390.7667 390.66 390.7889 390.2404 390.278 NA NA
2013 2 391.3213 391.3858 391.225 391.2549 NA 390.8383 391.425 391.2714 391.2532 391.366 390.96 390.8361 391.2933 391.2032 390.54 391.475 391.4383 391.2798 391.3403 391.2764 391.9843 391.8465 390.9756 391.54 391.3833 391.0846 391.175 390.7516 390.7587 391.1032 390.7379 389.7425
2013 3 391.3531 391.2567 391.0954 391.2549 391.024 391.18 391.3875 391.3568 391.537 391.418 391.269 391.4876 391.185 391.6034 391.1 391.5786 391.82 392.0526 391.9165 391.6615 391.5286 391.7795 391.8079 391.5114 391.3714 391.3429 391.2286 391.1364 390.8819 390.7065 390.8733 390.7619
2013 4 391.7979 391.64 391.5092 391.6537 391.403 391.6713 391.87 391.8312 391.5097 391.954 392.095 391.7535 391.82 391.8114 391.77 391.7427 391.8017 391.8033 391.8617 391.9678 392.2303 392.16 391.9387 391.9942 391.8917 391.9 392.5333 391.9094 391.7043 391.461 391.6319 391.8635
2013 5 392.2372 392.1692 392.0675 392.2719 392.076 392.096 392.1 392.3121 392.24 392.554 392.414 392.1174 392.475 392.4624 392.3075 392.8404 392.2075 392.242 392.2562 392.3489 392.5598 392.4706 392.4769 392.5085 392.425 392.44 392.6294 392.1971 392.014 391.9569 392.1864 392.3689
2013 6 392.6539 392.5817 392.5362 392.7506 392.514 392.5733 392.6525 392.7815 392.7095 392.7173 392.595 392.5412 392.81 392.7942 393.0388 393.611 392.46 392.7705 392.4413 392.5432 392.9666 392.8622 392.8138 392.8449 392.6125 392.6 392.7 392.7111 392.7425 392.6909 392.9274 393.2791
2013 7 393.2024 393.0714 392.9749 393.3089 392.903 393.066 392.925 393.2798 392.9952 393.305 393.32 393.1993 393.35 393.3603 393.4313 393.2267 393.44 393.5183 393.3065 393.4871 393.7074 393.4374 393.9 393.6 NA 393.55 393.34 393.1559 393.0614 393.0247 393.2823 393.3291
2013 8 393.7438 393.65 393.5682 393.8573 393.336 393.6712 393.695 393.8056 393.7065 394.098 393.769 393.6878 NA 393.8409 393.8 NA 393.7375 393.7925 393.6808 393.701 394.049 393.8036 NA NA NA NA NA NA NA NA NA NA
2013 9 394.0009 394.0408 393.8872 394.0169 394.036 393.8738 394.025 394.0565 394.0022 394.0847 394.0517 393.8474 393.8 394.007 393.997 NA 393.8017 393.6828 393.953 393.9389 394.0402 393.8615 394.3263 394.4579 394.22 394.0833 394.3769 394.3395 394.2571 393.8591 393.8352 393.953
2013 10 394.0185 394.0358 393.9221 393.967 394.025 393.98 393.98 394.0612 394.0032 394.1915 394.2212 394.0169 393.905 394.0848 394.1 393.9668 393.94 394.0817 393.9784 393.954 394.0588 393.9219 394.7445 394.5057 394.3667 394.3214 394.4769 394.3808 394.1751 394.1116 394.1005 394.5912
2013 11 393.9805 393.9867 393.8972 393.977 394.212 393.9787 393.93 393.9689 393.87 394.041 394.065 393.9271 393.9625 393.904 394.0725 393.6826 393.7025 393.7477 393.7717 393.8928 394.041 393.857 394.2656 394.2421 394.2692 394.55 394.15 394.0237 393.824 393.8399 393.9235 394.0147
2013 12 393.9337 394.023 393.9172 394.1166 394.462 393.845 393.9125 393.8104 393.7858 393.756 393.9913 393.6878 393.495 393.5833 393.7225 393.19 393.7967 393.7377 393.8122 393.7214 394.0923 394.224 394.1137 394.0712 393.75 393.75 393.84 393.7255 393.6496 393.7965 393.6898 394.0215
2014 1 393.8893 393.9775 393.9072 394.1066 394.119 393.5075 393.8325 393.8066 393.853 393.75 393.3583 393.4585 393.715 393.4834 393.5113 NA 393.7075 393.7925 393.6976 393.5892 394.2765 394.0202 393.2959 393.7231 393.675 393.7833 393.5533 393.0443 393.5164 393.4742 393.4371 392.9501
2014 2 393.64 393.7879 393.643 393.957 394.055 393.4567 393.5175 393.6402 393.6953 393.3725 393.1417 393.3887 393.7975 393.4317 393.31 NA 393.855 394.1565 393.8094 393.5767 394.1051 393.805 393.1574 393.4533 393.475 393.2 393.75 392.8368 393.0214 393.1881 393.567 393.2935
2014 3 393.6919 393.7375 393.613 393.9072 394.127 393.5925 393.62 393.6687 393.617 393.6447 393.33 393.4386 393.5225 393.6163 393.4862 393.6271 393.7075 393.7925 393.381 393.6965 393.9653 394.2003 393.4066 393.5733 393.61 393.75 393.7857 393.0675 393.2431 393.2637 393.4268 393.1201
2014 4 393.8313 393.7917 393.7028 394.0867 394.198 393.8925 393.9075 393.8901 393.9263 393.8665 393.7912 393.4685 393.965 393.8098 393.8467 393.8922 393.9525 393.7826 393.9143 393.8853 394.326 394.2419 394.325 394.207 393.9167 NaN NA 393.6688 393.8159 393.9677 393.8185 394.1883
2014 5 394.2192 394.1442 394.0418 394.3958 394.159 394.105 394.2125 394.3039 393.9262 394.3585 394.425 394.3708 394.89 394.3663 394.33 394.5736 394.28 394.2512 394.2912 394.156 394.4679 394.4505 394.9259 394.9 NA NA NA 394.2061 393.9687 394.333 394.7994 394.2973
2014 6 394.5398 394.5617 394.3858 394.645 394.614 394.435 394.5325 394.6165 394.1977 394.8077 394.5562 394.6949 394.84 394.5597 394.7275 395.2857 394.5833 394.3908 394.5196 394.4881 394.5687 394.6599 NA 395.1424 395.9 396 NA 394.8373 394.8981 NA NA NA
2014 7 395.0099 394.94 394.8245 395.1037 395.354 395.035 395.1975 395.1289 395.0703 395.387 395.11 395.363 NA 395.1307 395.348 395.5572 395.165 NA NA 395.0691 395.2173 395.2493 395.4914 NA NA NA NA 395.0869 395.2683 NA NA NA
2014 8 395.5185 395.4433 395.348 395.6222 396.203 395.5775 395.5525 395.6114 395.4143 395.7865 395.595 395.682 395.675 395.5407 395.58 395.7419 395.5 395.4128 395.4777 395.5097 395.6665 395.7783 395.9633 NA 395.86 395.8428 396 395.446 395.5958 395.6181 395.2251 395.6255
2014 9 395.87 395.8136 395.7518 395.8914 395.985 395.9133 395.96 395.9304 395.761 395.9855 396.0733 396.1108 396.115 395.9808 396.1363 396.0066 395.7867 395.4876 395.8662 395.8284 396.0721 395.808 396.53 396.5857 396.3 396.3091 396.2333 395.9818 395.9206 395.8292 395.9897 396.2339
2014 10 395.9552 395.97 395.8864 396.0111 396.181 395.8925 395.935 396.0136 395.7947 396.074 395.98 395.8482 395.9933 395.9786 395.8817 395.9764 395.7783 395.4627 395.9651 395.8273 395.8951 395.8345 396.1667 396.1154 396.0889 396.1875 396.24 395.9254 395.8559 395.7315 395.7815 395.7935
2014 11 395.9001 396.0238 395.8515 395.9612 396.055 395.9013 396.025 395.9276 395.722 395.9795 395.9063 395.8017 395.625 395.8345 395.7988 395.9853 395.61 395.5225 395.6935 395.7563 395.8704 396.0696 396.1768 396.14 395.9659 395.819 395.6833 395.918 395.799 395.7078 395.7128 395.6265
2014 12 395.7913 395.8667 395.7219 396.031 396.103 395.5825 395.53 395.68 395.6607 395.763 395.5425 395.2234 395.535 395.4225 NA NA 395.5417 395.4078 395.6535 395.6188 396.8987 396.3362 395.8136 395.8227 395.9636 395.5 395.4143 395.5864 395.5113 395.6793 395.3504 395.4608
2015 1 395.7926 395.8658 395.795 396.1207 396.002 395.4688 395.75 395.7342 395.725 395.456 395.4042 395.0987 395.19 395.4527 395.295 396.51 395.375 395.2632 395.3375 395.6016 396.297 396.193 395.4694 395.4818 395.4 395.2 NA 395.2789 395.3204 395.3128 395.1911 NA
2015 2 395.7917 395.865 395.9213 395.8914 395.986 395.5183 395.62 395.5954 395.799 395.335 395.5325 395.5325 395.68 395.4711 395.57 396.8967 395.985 395.7319 395.7865 395.8212 396.4079 395.764 395.3827 395.5826 396.0444 396.0133 395.98 395.1395 395.2342 395.7248 395.802 395.622
2015 3 395.8432 395.7258 395.5358 395.7718 NA 395.6388 395.8125 395.7938 395.798 395.6135 395.8588 395.7867 396.0425 395.8057 395.77 NA 395.6737 395.6322 395.7374 395.8727 396.7638 396.1214 395.7683 396.147 395.9555 396.1 396.1357 395.6651 395.9001 395.683 395.9508 395.8884
2015 4 396.1575 396.0875 396.036 396.2404 396.296 396.0837 396.15 396.2167 396.1713 395.6655 396.1738 396.1739 396.1425 396.3133 396.3 NA 396.42 396.3301 396.4333 396.3957 396.9355 396.3432 396.3802 396.3869 396.4396 396.4222 396.2643 396.0809 396.0417 396.262 396.1795 395.69
2015 5 396.6362 396.4442 396.4548 396.8686 396.328 396.5125 396.6075 396.7245 396.6793 396.7272 396.7975 396.8636 396.5325 396.8338 396.3325 397.02 396.6317 396.5844 396.7067 396.6878 396.9243 396.9299 397.0049 397.2302 396.7333 396.9 397.1809 396.7676 396.8292 396.4338 396.5598 396.6037
2015 6 397.0309 396.9783 396.8985 397.3372 396.91 396.956 397.185 397.1776 396.921 397.083 397.0663 397.068 397.18 397.2427 397.14 397.1053 397.175 397.1827 397.2139 397.0706 397.1328 397.0866 397.1775 397.2889 397.5 397.625 397.45 396.9622 397.03 397.1312 397.1327 397.185
2015 7 397.4532 397.29 397.3422 398.0152 NA 397.4483 397.7125 397.5939 397.4783 397.1245 397.765 397.5765 NA 397.599 397.535 397.5153 397.5233 397.2973 397.6654 397.6305 397.5976 397.5762 NA NA NA NA NA NA NA NA NA NA
2015 8 398.0054 397.9183 397.8557 398.105 397.687 398.0562 398.025 398.1604 398.055 398.1015 398.185 398.3376 NA 398.3054 398.1583 398.172 398.0625 397.6164 398.0811 398.0866 398.3263 397.9516 NA NA NA NA NA NA NA NA NA NA
2015 9 398.3961 398.4658 398.449 398.5237 398.597 398.4013 398.5975 398.6018 398.5155 398.4757 398.6825 398.5935 NA 398.556 398.3937 398.2629 398.4162 398.1797 398.4215 398.3632 398.3712 398.2373 NA NA NA NA NA NA NA NA NA NA
2015 10 398.356 398.4975 398.5786 398.5038 398.463 398.5687 398.5725 398.6115 398.7357 398.77 398.617 398.6783 398.3183 398.7411 398.5487 NA 398.605 398.424 398.425 398.3926 398.4292 398.478 399.015 398.797 398.5357 398.4667 398.7143 398.7264 398.5092 398.3763 398.2411 398.33
2015 11 398.5408 398.64 398.6534 398.6633 398.649 398.5725 398.645 398.6591 398.6969 398.7075 398.6 398.6733 398.545 398.6664 398.4413 398.4261 398.3883 398.3243 398.4938 398.4637 398.5691 398.3941 398.8245 399.0577 398.59 398.6875 398.525 398.5179 398.3959 397.9548 398.3853 398.3805
2015 12 398.5384 398.6533 398.6135 398.6334 398.558 398.5637 398.565 398.5433 398.604 398.7278 398.635 398.3293 398.47 398.4632 398.27 398.3416 398.58 398.439 398.6265 398.4517 398.8706 398.841 398.7526 398.7091 398.7 398.4875 398.72 398.4628 398.4264 397.994 NaN 398.7215
2016 1 398.679 398.6019 398.5769 398.6833 NA 398.57 398.27 398.449 398.6767 398.3208 398.231 398.0352 397.94 398.237 398.0433 NA 398.5533 398.3742 398.5553 398.5233 399.5256 398.8144 398.2787 398.3556 398.15 398.25 398.45 397.895 398.0571 NA 397.7726 398.1508
2016 2 398.5409 398.775 398.5736 398.7331 NA 398.1462 398.255 398.2667 398.3283 398.219 398.21 397.7211 398.35 398.7091 398.1463 399.1538 398.6425 398.9475 398.8055 398.7881 399.2992 398.9749 398.0195 398.179 398.5611 398.5813 398.8857 397.6226 397.9588 398.2163 398.0001 NA
2016 3 399.0028 399.1442 399.1419 399.2516 399.03 398.7825 398.9125 398.8835 398.4025 398.929 398.5362 398.7531 399.1375 NaN 398.6 398.8115 398.7617 NA 398.7482 399.2092 399.5562 399.3213 398.5296 398.7109 398.7735 399.1375 399.3964 NA NA NA NA NA
2016 4 399.327 399.1667 398.9126 399.1619 NA 399.3863 399.4425 399.354 399.353 399.2688 399.1012 399.2516 399.295 399.6913 399.5 399.4831 399.4975 399.5956 399.626 399.4228 399.8861 399.7042 399.6405 399.3913 399.2353 399.425 399.4692 NA NA NA NA NA
2016 5 399.9535 399.885 399.9629 400.1789 399.687 399.98 399.885 400.0637 399.658 399.742 399.995 400.0344 399.8275 400.2573 399.815 400.6478 399.8783 399.9945 400.0235 400.0043 400.145 400.0182 400.3266 400.4619 400.0684 399.96 400.11 400.7932 400.8959 400.5798 400.4493 400.2204
2016 6 400.5186 400.3592 400.3385 400.9268 400.268 400.5883 400.4475 400.5572 400.3315 400.116 400.8225 400.5279 400.73 400.6829 400.5883 400.5035 400.53 400.4083 400.692 400.4259 400.9282 400.6824 400.7867 400.7048 400.97 400.6441 NaN 400.5427 400.7133 NA NA NA
2016 7 401.0858 400.8792 400.8769 401.0364 400.92 401.1433 401.135 401.109 401.169 400.8763 401.0075 400.9367 NA 401.2393 401.2713 400.9651 401.255 400.9068 401.2013 NaN 401.2209 401.0394 401.4518 401.115 400.96 NA NA NA NA NA NA NA
2016 8 401.4933 401.3942 401.3455 401.545 401.454 401.555 401.6175 401.554 401.391 401.5937 401.5267 401.54 401.355 401.3848 401.3575 401.2506 401.3983 401.201 401.3717 401.5234 401.5517 401.3377 401.875 401.5727 401.55 401.55 401.7 NA NA NA NA NA
2016 9 401.6599 401.6267 401.4901 401.8441 401.546 401.7233 401.5975 401.7235 401.6282 401.6105 402.33 401.8142 NA 401.4202 401.57 401.353 401.465 401.3455 401.4978 401.5869 401.5568 401.4831 NA NA NA NA NA NA NA NA NA NA
2016 10 401.7256 401.7783 401.8092 401.9338 401.821 401.8633 401.6875 401.7967 401.7225 NA 401.6867 401.7892 401.5483 401.6618 401.68 401.37 401.71 401.6397 401.722 401.6908 401.4712 401.4449 402.1182 402.2178 402.0333 401.7565 401.8056 401.7621 401.6415 401.624 401.2167 401.4437
2016 11 401.5035 401.5875 401.6546 401.6546 401.971 401.6625 401.5525 401.5535 401.334 401.5303 401.3917 401.2508 401.5317 401.4364 401.3263 401.2076 401.305 400.9766 401.3432 401.337 401.4085 401.3189 401.8611 401.8526 401.7091 401.7239 401.8037 401.2437 401.3013 401.1355 401.0553 401.2335
2016 12 401.3839 401.3875 401.3605 401.4552 NA 401.44 401.44 401.3687 401.3085 401.781 401.083 401.0763 400.82 NA 400.9613 401.0467 400.9817 400.9218 401.0308 401.1388 401.7213 401.4778 401.1727 401.2909 401.4393 401.25 401.3706 400.4908 400.6909 400.8698 400.6006 400.6888
2017 1 401.2491 401.3533 401.1611 401.1561 401.407 401.2625 401.2375 401.1575 401.312 401.143 400.6317 400.6708 NA NA 400.265 401.4787 400.94 400.7074 400.8707 401.0486 401.5629 401.2651 400.825 401.2579 401.44 401.35 NaN 400.3259 400.8408 400.8685 400.3442 400.4726
2017 2 401.1308 401.2133 401.1328 401.4752 401.093 NA 401.17 400.9551 400.893 400.5012 400.6775 400.8669 400.765 NA 400.505 401.02 401.075 400.8121 401.1453 400.9718 401.7314 401.3621 400.7179 400.7375 401 400.9893 401.05 400.3623 400.3822 400.5315 401.0675 400.6407
2017 3 401.0807 401.1917 401.1228 401.2359 NA NA 401.4025 401.0941 400.7968 400.699 400.753 400.7971 401.2975 NA 400.6983 400.9727 401.0275 401.1561 401.271 401.3305 401.5385 401.3871 400.8664 401.2633 401.175 401.3286 401.2667 400.4683 400.9191 400.7898 400.8275 400.7068
2017 4 401.2104 401.1608 401.0215 401.2458 NA NA 401.395 401.236 401.177 400.9935 401.2517 400.8869 401.29 NA 401.465 400.9933 401.3175 401.2757 401.3397 401.5216 401.8418 401.4601 401.5054 401.4103 401.4 401.4938 401.4818 401.12 401.0395 400.5315 400.9556 400.8255
2017 5 401.6609 401.68 401.5101 401.7045 401.471 NA 401.82 401.7302 401.6262 401.582 401.5 401.7294 401.875 NA 401.7167 401.7121 401.7517 401.6447 401.7718 401.8903 401.8224 401.9467 401.8641 401.9105 402.1 401.9857 401.825 401.7705 401.7813 401.8482 401.8581 401.989
2017 6 402.0518 402.0467 401.9704 402.0435 401.885 NA 402.065 402.1189 401.8668 401.8917 402.2263 402.1432 NA NA 402.2412 402.1509 402.035 401.869 402.0174 402.2107 401.915 402.1008 NA NA NA NA NA NA NA NA NA NA
2017 7 402.6256 402.4425 402.223 402.4922 402.089 NA 402.6733 402.6984 402.538 402.139 402.41 402.7747 402.835 NA 402.8487 402.6355 402.69 402.4922 402.5742 402.9034 402.8173 402.7489 403.2283 403.1443 402.95 403.0643 403 402.9277 402.8403 NA NA NA
2017 8 403.2118 403.1658 403.1054 403.1602 402.949 NA 403.3825 403.2733 403.2905 403.119 403.2362 403.3597 NA NA 403.6175 403.1379 403.2987 403.1104 403.224 403.337 403.3636 402.8526 403.4 403.7711 403.4833 404.825 404.9923 403.3526 403.2656 403.3771 403.2116 403.1898
2017 9 403.5453 403.5992 403.4245 403.5391 403.332 NA 403.7025 403.5981 403.4872 403.6063 403.66 403.5342 NA NA 403.6 403.3789 403.4263 403.353 403.555 403.6242 403.4123 403.1286 NA NA NA NA NA NA NA NA NA 403.8121
2017 10 403.7024 403.6783 403.579 403.6389 403.539 NA 403.915 403.7591 403.6835 403.675 403.7812 403.7236 NA NA 403.43 403.39 403.3963 403.589 403.6205 403.6552 403.2749 403.535 NA NA NA NA NA NA NA NA NA NA
2017 11 403.6678 403.7183 403.6339 NA 403.68 NA 403.7725 403.6713 403.6425 403.5485 403.7675 403.599 NA NA 403.365 403.4796 403.52 403.6738 403.701 403.7424 403.6081 403.3578 NA NA NA NA NA NA NA NA NA NA
2017 12 403.6577 403.6717 403.5641 403.7585 403.647 403.585 403.8125 403.5713 403.6615 403.4732 403.3583 403.476 NA NA 403.1367 403.3621 403.769 403.1852 403.497 403.6951 403.7361 403.4138 NA NA NA NA NA NA NA NA NA NA
2018 1 403.8061 403.7642 403.1536 403.8582 403.933 403.63 403.755 403.4795 403.9595 403.319 403.144 403.2899 403.305 NA 403.0117 403.2843 403.6583 403.7136 403.617 403.7325 403.7521 403.8863 403.2788 403.3125 403.3833 403.5286 403.5 NA NA NA NA NA
2018 2 403.7602 403.64 403.5591 403.7884 403.802 403.3987 403.56 403.5147 403.176 403.3568 403.3362 403.3746 403.2875 NA 403.26 403.4667 404.0088 403.8881 403.677 403.8025 404.114 403.8699 403.4033 403.4059 403.4333 403.4615 403.63 NA NA NA NA NA
2018 3 403.7886 403.711 403.6488 404.0776 403.944 NA 403.67 403.7514 403.4337 403.5553 403.6625 403.5342 403.725 NA 403.49 403.6434 403.815 403.7186 403.8112 403.9436 NaN 403.933 403.9 403.9 403.9 403.9 403.9667 NA NA NA NA NA
2018 4 404.1269 403.9658 403.9131 404.287 404.031 NA 404.155 404.1081 404.1463 404.1083 404.0138 403.9878 403.93 NA 403.99 403.8217 404.2762 403.8931 404.1234 404.1648 404.303 404.3296 404.1542 404.1133 403.9143 403.8375 404.625 NA NA NA NA NA
2018 5 404.4542 404.2808 404.1673 404.4565 404.096 NA 404.36 404.4228 404.267 404.2367 404.3883 404.287 404.3575 NA 404.2533 404.4737 404.2733 404.1374 NA 404.4964 404.5506 404.3998 404.325 404.3762 404.5 404.3667 404.3 NA NA NA NA NA
2018 6 404.7167 404.6683 404.5512 404.8753 404.582 NA 404.8175 404.7398 404.5093 404.6758 404.78 404.8852 404.975 NA 404.6983 404.4712 405.1775 NA 404.802 404.822 404.6873 404.7932 404.8216 404.8333 404.9111 404.8 405.0167 NA NA NA NA NA
2018 7 405.1911 404.9858 404.8304 NA 404.96 NA 405.245 405.16 404.7365 405.1547 405.2088 404.96 NA NA 405.2125 405.3333 405.3533 405.0198 405.2674 405.4237 405.1512 405.0265 NA NA NA NA NA NA NA NA NA NA
2018 8 405.6863 405.56 405.5134 405.8524 NA NA 405.65 405.7231 405.664 405.7575 405.755 405.7976 NA NA 405.5925 405.7517 405.64 405.6031 405.8417 405.734 405.5057 405.4559 NA NA NA NA NA NA NA NA NA NA
2018 9 406.0499 405.8392 405.8375 406.2313 405.799 NA 406.105 406.0163 405.8392 406.128 406 405.7361 NA NA 405.935 405.6615 405.9133 405.8624 406.1142 406.0221 405.815 405.8009 NA NA NA NA NA NA NA NA NA NA
2018 10 406.1676 406.1383 406.0967 406.3809 406.124 NA 406.2675 406.1746 406.033 406.245 406.1575 405.8574 406.0563 NA 405.9517 405.8059 406.175 405.8724 406.016 405.9894 405.828 405.59 406.445 406.3671 406.1919 406.1971 406.2439 NA NA NA NA NA
2018 11 406.1611 406.213 406.0568 406.2612 406.086 NA 406.165 406.0824 406.1103 406.239 406.107 405.7577 405.9225 NA 405.9367 405.8159 405.9767 405.5234 405.8551 405.804 406.6787 405.8274 406.2255 406.0909 406.0356 406.0386 406.1355 NA NA NA NA NA
2018 12 406.1531 406.2117 405.977 406.1416 406.338 406.1375 406.1075 405.8977 406.063 NA 405.6567 405.653 405.6425 NA 405.65 405.6628 405.6675 405.5134 405.7282 405.8489 406.5692 406.0686 406.1275 406.0248 405.9807 405.8581 406.0686 NA NA NA NA NA
2019 1 405.8242 405.965 405.8375 405.8823 406.07 405.7629 405.64 405.6905 406.049 405.9585 405.34 405.4935 405.61 NA NA 405.5111 405.6283 405.299 405.6395 405.8152 406.2034 NA 405.3936 405.61 405.785 405.646 405.6656 NA NA NA NA NA
2019 2 405.8083 406.0175 405.6729 406.2114 405.808 NA 405.5775 405.8293 406.278 405.477 405.115 405.5433 405.4375 NA 405.005 405.7399 405.65 405.2641 405.7315 405.6978 405.7625 NA 405.4039 405.3436 405.3636 405.5186 405.5967 NA NA NA NA NA
2019 3 405.8894 405.9458 405.7427 405.9322 406.007 NA 405.72 405.8494 406.2965 405.9143 405.425 405.4785 405.5875 NA 405.505 405.6087 405.6167 405.4735 405.6815 405.862 406.7415 NA 405.7526 405.5825 405.6393 405.744 405.683 NA NA NA NA NA
2019 4 406.1281 405.9783 405.6879 406.1017 NA NA 406.23 406.2155 406.3552 406.6387 406.0275 406.0119 405.8875 NA 406.2317 406.2663 406.1813 405.8823 406.1902 406.248 406.6359 NA 406.2692 406.1183 406.0192 406.0732 406.1115 NA NA NA NA NA
2019 5 406.642 406.575 406.4158 406.7997 406.399 NA 406.615 406.7342 406.908 406.7605 406.736 406.6966 406.775 NA 406.845 407.1067 406.6875 406.2114 406.6552 406.7967 406.7724 NA 406.7582 406.82 406.791 406.8296 406.9635 NA NA NA NA NA
2019 6 407.1523 407.09 406.8744 407.2184 406.684 NA 407.1125 407.3136 407.358 407.0877 407.2683 407.2085 NA NA 406.9825 407.6758 407.475 407.1137 407.3549 407.2423 407.2925 NA NA NA NA NA NA NA NA NA NA NA
2019 7 407.8425 407.6767 407.4627 407.8965 407.417 NA 407.8275 407.9083 408.1768 407.8355 407.98 408.0211 NA NA 407.8633 407.8119 407.8317 407.8865 407.6342 407.9564 407.8633 NA NA NA NA NA NA NA NA NA NA NA
2019 8 408.3913 408.2817 408.0909 408.4748 408.074 NA 408.46 408.5202 408.349 408.22 408.655 408.3601 NA NA 408.285 408.4337 NA 408.2305 NA 408.4771 408.3447 NA NA NA NA NA NA NA NA NA NA NA
2019 9 408.716 408.7033 408.5795 408.744 408.642 NA 408.7275 408.8141 408.9605 408.567 408.8925 408.7041 NA NA 408.605 408.6675 408.726 408.4847 408.7321 408.6994 408.633 NA NA NA NA NA NA NA NA NA NA NA
2019 10 408.8633 408.8583 408.7191 408.8537 408.656 NA 408.9075 408.9781 409.1275 408.868 408.9012 408.7573 408.8833 NA 408.6983 408.6216 408.6825 408.4847 408.6942 408.8186 408.7119 NA 409.1429 408.9531 408.7556 408.9706 408.88 NA NA NA NA NA
2019 11 408.907 408.88 408.7589 408.8636 408.839 NA 408.9725 408.985 409.1902 408.849 408.8388 409.0631 408.565 NA 408.61 408.5343 408.8037 408.6144 408.7523 408.7658 408.4903 NA 408.8706 408.6992 408.5575 408.6425 408.4564 NA NA NA NA NA
2019 12 408.8532 408.9975 408.8587 409.0132 408.941 408.71 408.89 408.8622 409.1458 408.7235 408.582 408.6792 408.425 NA 408.4417 407.8284 408.5017 408.4249 408.6873 408.5183 408.8434 NA 408.586 408.624 408.6035 408.4289 408.3967 NA NA NA NA NA
2020 1 NA NA 408.7141 408.8138 NA NA NA NA NA NA NA 408.0111 NA NA NA NA NA 408.0261 NA NA 408.949 NA 407.8349 408.3294 408.548 408.4033 407.7871 NA NA NA NA NA
2020 2 NA NA 408.3551 408.7241 NA NA NA NA NA NA NA 407.8433 NA NA NA NA NA 408.1906 NA NA 408.8221 NA 407.7203 408.0616 407.665 407.9243 407.894 NA NA NA NA NA
2020 3 NA NA 408.1308 408.5346 NA NA NA NA NA NA NA 408.4349 NA NA NA NA NA 408.385 NA NA 408.9811 NA 408.0609 408.1632 408.3257 408.3087 408.366 NA NA NA NA NA
2020 4 NA NA 408.2803 408.9135 NA NA NA NA NA NA NA 408.749 NA NA NA NA NA 408.5695 NA NA 409.1197 NA NA NA NA NA NA NA NA NA NA NA
2020 5 NA NA 408.8636 409.3323 NA NA NA NA NA NA NA 409.1329 NA NA NA NA NA 408.9484 NA NA 409.4552 NA NA NA NA NA NA NA NA NA NA NA
2020 6 NA NA 409.2475 409.6015 NA NA NA NA NA NA NA 409.6314 NA NA NA NA NA 409.2625 NA NA 409.6976 NA 409.5817 409.5259 409.6292 409.4933 410.52 NA NA NA NA NA
2020 7 NA NA 409.776 410.0302 NA NA NA NA NA NA NA 410.105 NA NA NA NA NA 409.9505 NA NA 410.2222 NA NA NA NA NA NA NA NA NA NA NA
2020 8 NA NA 410.2895 410.6385 NA NA NA NA NA NA NA 410.459 NA NA NA NA NA 410.5138 NA NA 410.5343 NA NA NA NA NA NA NA NA NA NA NA
2020 9 NA NA 410.7382 410.9376 NA NA NA NA NA NA NA 410.8778 NA NA NA NA NA 410.3792 NA NA 410.8369 NA NA NA NA NA NA NA NA NA NA NA
2020 10 NA NA 410.9077 410.9077 NA NA NA NA NA NA NA 411.157 NA NA NA NA NA 410.5487 NA NA 410.8897 NA NA NA NA NA NA NA NA NA NA NA
2020 11 NA NA 411.0573 411.2766 NA NA NA NA NA NA NA 411.0224 NA NA NA NA NA 410.5737 NA NA 411.0221 NA NA NA NA NA NA NA NA NA NA NA
2020 12 NA NA 411.0672 411.0373 NA NA NA NA NA NA NA NA NA NA NA NA NA 410.7033 NA NA 411.5397 NA 410.955 410.8048 411.4575 410.35 NA NA NA NA NA NA
