year month SPO_NOAA_insitu SPO_NOAA_flask SPO_SIO_O2_flask SPO_SIO_CDK_flask SPO_CSIRO_flask HBA_NOAA_flask SYO_NOAA_flask SYO_TU_insitu MAA_CSIRO_flask CYA_CSIRO_flask PSA_NOAA_flask PSA_SIO_O2_flask DRP_NOAA_flask MQA_CSIRO_flask CRZ_NOAA_flask BHD_NIWA_insitu CGO_NOAA_flask CGO_SIO_O2_flask CGO_CSIRO_flask AMS_LSCE_insitu CPT_SAWS_insitu
1998 1 362.2781 362.334 362.3653 362.3414 362.3306 361.9589 NA 362.2858 362.1113 361.936 361.8778 362.6471 NA 361.6496 361.6519 NA 362.3292 362.427 362.3443 362.4115 362.2657
1998 2 362.2206 362.2093 362.1451 362.1407 362.106 361.9407 NA 362.175 362.1883 361.9703 362.0673 362.1184 NA 362.2189 361.8376 362.6963 362.2652 362.2035 362.2106 362.7215 362.7102
1998 3 362.2757 362.1564 362.1498 362.1551 362.2009 362.1338 NA 362.2941 362.3027 362.2721 362.3792 362.3035 NA 362.2288 362.3344 363.061 362.6422 362.8472 362.5648 362.6177 362.9438
1998 4 362.5381 362.5082 362.4719 362.4721 362.3803 362.4364 NA 362.59 362.7036 362.5673 362.6009 362.9812 NA 362.5504 362.8507 363.2916 362.8599 362.9338 362.8245 362.8493 363.5096
1998 5 362.9991 362.9494 362.914 362.9201 362.8547 363.0518 NA 363.0609 363.1077 363.2356 363.4888 363.197 NA 363.295 363.0596 NA 363.5379 362.9636 363.5672 363.1239 363.9477
1998 6 363.5174 363.3502 363.3845 363.3849 363.1698 363.542 NA 363.5555 363.7084 363.6271 363.805 363.5541 NA 363.718 363.6314 364.0137 363.6277 363.5629 363.6439 363.6161 364.3717
1998 7 364.0592 364.0822 363.8407 363.8401 363.7187 364.1074 NA 364.1728 364.3389 363.9506 364.1416 364.1283 NA 363.9985 364.1969 364.4698 364.3398 364.4189 364.233 364.4077 364.4474
1998 8 364.5602 364.5555 364.5294 364.5196 364.4059 364.6076 NA 364.6665 364.7875 364.6357 364.646 364.6513 NA 364.5423 364.4219 365.0665 365.0801 365.3183 365.089 364.7915 364.674
1998 9 364.8612 364.8229 364.7863 364.7884 364.7888 364.8937 NA 364.9089 364.9457 364.9294 364.8144 364.7654 NA 365.0457 364.9276 365.1207 364.9714 365.0632 364.9833 364.9624 364.5994
1998 10 365.0082 365.0096 365.0047 365.0084 NA 365.008 NA 365.0078 365.0383 365.0632 364.8533 364.9042 NA 364.8575 364.9235 NA 365.0106 364.9901 365.0401 365.0579 364.6207
1998 11 364.9815 364.973 365.0095 365.0096 365.0141 364.9826 NA 364.9571 364.9061 364.8644 364.8308 364.9455 NA 364.9052 364.5105 364.849 365.1456 365.2771 365.2103 365.0353 364.7405
1998 12 364.9808 364.9635 364.9528 364.9526 NA 364.7902 NA 364.9427 364.8045 364.6677 364.7231 364.9771 NA 364.6372 364.7157 364.6299 364.8686 364.8243 364.8537 365.3687 364.7968
1999 1 364.9069 364.8301 364.9088 364.9058 364.8706 364.5942 364.6493 364.8324 364.7491 364.6748 364.8212 364.4997 NA 364.456 364.428 365.3078 365.1383 365.3013 365.0341 365.1913 364.8849
1999 2 364.6972 364.7409 364.4736 364.7216 364.7962 364.5569 364.6261 364.7599 364.6246 364.702 364.6818 364.4815 NA 364.5756 NA 364.8713 364.9515 364.9547 364.934 365.1154 364.9311
1999 3 364.728 364.7201 364.7001 364.7954 364.7958 364.7038 364.7301 364.7365 364.7576 364.7309 364.8244 364.824 NA 364.7318 364.8105 364.9499 364.9217 364.9584 364.9011 365.0953 365.1744
1999 4 364.8585 364.8573 364.8575 364.8935 364.8204 364.7754 364.8106 364.884 364.9064 NA 365.0654 365.0346 NA 364.8529 NA 365.0353 365.0241 365.0379 365.0152 365.0086 365.4845
1999 5 365.0742 365.0248 364.9731 364.9734 364.9227 365.0706 365.0393 365.0874 365.2193 365.1734 365.3091 365.1661 NA 365.1348 365.1845 365.0836 365.1334 365.1597 365.1313 365.0787 365.8875
1999 6 365.3461 365.3205 365.2677 NA NA 365.3062 365.3173 365.4045 365.4048 365.3873 365.4718 365.4181 NA 365.3594 365.6821 365.7213 365.4715 365.4948 365.4899 365.3901 365.9675
1999 7 365.6252 365.595 365.5465 365.5462 365.5141 365.6318 365.6242 365.7064 365.7581 365.676 365.7912 365.8425 NA 365.6994 NA 365.8857 366.01 NA 365.8543 365.7498 366.1933
1999 8 366.1175 366.0552 365.9724 365.9725 365.8817 366.0362 366.0819 366.1267 366.1428 366.1718 366.1791 366.0601 NA 366.1031 NA 366.4421 366.3464 366.3189 366.3201 366.2016 366.0697
1999 9 366.3682 366.3377 366.3044 366.3056 366.1884 366.3484 366.4128 366.4053 366.3709 366.4082 366.4545 366.4753 NA 366.519 NA 366.427 366.6033 366.7457 366.6682 366.3803 365.852
1999 10 366.5283 366.5151 366.5129 366.5129 366.4698 366.5341 366.5445 366.533 366.5781 366.5606 366.6744 366.6127 NA 366.6302 NA NA 366.633 366.7096 366.6457 366.4828 365.9946
1999 11 366.5552 366.5583 366.5649 366.5415 366.5353 366.544 366.5188 366.5258 366.4931 366.3525 366.4383 366.6478 NA 366.4997 NA 366.4148 366.5538 366.5509 366.5403 366.5626 366.3263
1999 12 366.4543 366.4414 366.4437 366.5082 366.504 366.325 366.3583 366.4239 366.2104 366.1024 366.1317 366.4528 NA 366.3232 366.0467 366.2833 366.5829 366.5885 366.5493 366.6384 366.6117
2000 1 366.2603 366.2765 366.3121 366.3053 366.3422 366.0307 366.2962 366.2352 NA 366.2244 365.9932 365.9294 NA 366.1144 NA 366.1641 366.4862 366.9766 366.6063 366.6214 366.4683
2000 2 366.1031 366.0647 366.0941 366.0892 366.0994 365.7284 366.2311 366.1758 366.0532 366.2608 365.827 366.1896 NA 365.9205 366.0063 366.6437 366.3126 366.3182 366.2939 366.3642 366.4022
2000 3 366.0857 366.1541 366.1505 NA 366.1979 365.99 366.1997 366.1404 366.0876 366.0569 365.9926 366.0515 NA 366.0974 366.0466 366.0461 366.1616 366.1709 366.1698 366.3256 366.3388
2000 4 366.2089 366.1976 366.2077 366.2115 366.1852 366.1384 366.2146 366.2267 366.1613 366.1815 366.3126 366.2845 NA 366.2794 366.1453 366.201 366.2515 366.2159 366.2543 366.3155 366.0963
2000 5 366.2761 366.2562 366.2572 366.2576 366.2369 366.2709 366.3314 366.3106 366.2791 NA 366.3125 366.2878 NA 366.2762 366.441 366.8175 366.3765 366.3167 366.363 366.2392 366.488
2000 6 366.5904 366.5654 366.5172 366.5172 366.4428 366.5884 366.7674 366.6405 366.5423 NA 366.6399 366.6268 NA 366.6275 367.2076 367.5089 366.7824 366.7058 366.7986 366.9239 367.3224
2000 7 366.9713 366.9719 366.8926 366.8951 366.9018 366.9562 367.1527 367.0702 367.0391 NA 367.0819 367.1221 NA 367.0695 367.1388 367.0525 367.2683 367.3084 367.27 367.1912 367.3367
2000 8 367.3598 367.3008 367.241 367.2409 367.091 367.3373 367.4922 367.4258 367.3638 NA 367.4368 367.5121 NA 367.3944 367.4706 367.7774 367.593 367.5191 367.5317 367.474 367.3586
2000 9 367.6127 367.6085 367.5289 367.5293 367.4539 367.5958 367.6988 367.6674 367.763 NA 367.6011 367.5259 NA 367.7426 367.6583 367.7868 367.7318 367.7664 367.6885 367.5984 367.2514
2000 10 367.7242 367.7176 367.7057 367.7068 NA 367.7589 367.6946 367.7396 367.7748 NA 367.7122 367.7475 NA 367.7656 367.5835 367.633 367.798 367.6691 367.8363 367.7904 367.4931
2000 11 367.7886 367.757 367.7932 367.7915 367.7577 367.7408 367.7475 367.7466 367.7344 NA 367.6579 367.555 NA 367.5537 367.3259 367.6197 367.6553 367.5675 367.7209 367.7521 367.4532
2000 12 367.7875 367.8081 367.7377 367.7542 367.7333 367.6309 367.7365 367.7749 367.7122 NA 367.3373 367.5561 NA 367.2408 367.2016 367.2654 367.6618 367.6561 367.6733 367.5544 367.5911
2001 1 367.6374 367.7002 367.7188 367.718 367.7433 367.3664 367.515 367.6277 367.575 NA 367.2156 367.2395 NA 367.3739 367.3124 NA 367.6297 367.6227 367.6675 367.6706 367.4642
2001 2 367.3897 NA 367.4604 367.4604 367.5348 367.2672 367.446 367.4784 367.3274 NA 367.0908 367.1008 NA 367.1775 367.2512 NA 367.5688 367.6029 367.5966 367.7441 367.4754
2001 3 367.3301 NA 367.3459 367.314 367.2819 367.2086 367.3217 367.3739 367.4284 NA 367.2624 367.2874 NA 367.4268 367.428 367.5562 367.5935 367.6501 367.5965 367.8635 368.0644
2001 4 367.6002 NA 367.5399 367.5503 367.4427 367.4896 367.6388 367.6079 367.6398 NA 367.6461 NA NA 367.5745 367.6349 367.8362 367.701 367.8141 367.7295 367.6472 368.1805
2001 5 367.8259 NA 367.7982 367.7536 367.7093 367.7544 367.9691 367.8661 367.9268 NA 368.0417 NA NA 367.8449 367.9727 368.0266 368.0783 368.0874 368.0429 367.8886 368.1815
2001 6 368.1421 NA 368.1091 368.1093 367.9981 368.1532 368.1337 368.2444 368.28 NA 368.2393 NA NA 368.3328 368.5065 368.5064 368.4407 368.348 368.4144 368.1394 368.7289
2001 7 368.6438 368.8175 368.4981 368.4982 368.2436 368.5204 368.6131 368.687 368.613 NA 368.5831 NA NA 369.2343 368.8264 369.1537 369.0052 369.0264 368.9871 368.7879 368.7464
2001 8 369.1002 369.0449 369.0007 369.0011 368.8806 369.1073 369.0723 369.1309 369.2184 NA 369.1592 NA NA 369.1238 369.3978 369.3668 369.1497 369.2223 369.1985 369.1957 369.217
2001 9 369.4625 369.4046 369.5432 369.39 369.2368 369.4999 369.4558 369.4701 369.5904 NA 369.9124 NA NA 369.6039 369.4441 369.7647 369.6711 369.6321 369.6723 369.4747 369.1234
2001 10 369.6541 369.654 369.6542 369.6539 369.6336 369.6906 369.6883 369.6432 369.6829 NA 369.6889 369.8255 NA 369.6729 369.5815 369.6703 369.6634 369.5911 369.6639 369.5687 369.1164
2001 11 369.7344 369.722 369.7376 369.6869 369.7222 369.7171 369.6989 369.6862 369.6204 NA 369.7633 369.7597 NA 369.6504 NA 369.5974 369.4831 369.4775 369.4388 369.7162 369.1435
2001 12 369.5759 369.5523 369.5949 369.5669 NA 369.5008 369.4046 369.4742 369.3586 NA 369.3447 369.6445 NA 368.9139 NA 369.5105 369.4709 369.5033 369.4703 369.6487 369.3427
2002 1 369.4986 369.4662 369.5183 369.5161 NA 369.4031 369.482 369.4558 369.5227 369.3555 369.2205 369.2546 NA 369.2258 NA 369.3428 369.3554 NA 369.3542 369.6882 369.5089
2002 2 369.3241 369.3353 369.273 369.2985 NA 369.1063 369.3569 369.3873 369.3803 369.3959 369.4537 369.2295 NA 369.3121 NA 369.6277 369.5448 369.6484 369.5719 369.6801 369.5051
2002 3 369.4665 369.4374 369.3603 369.36 369.4318 369.2373 369.5139 369.4968 369.4213 369.333 369.3357 369.3791 NA 369.4617 NA 369.8169 369.5184 369.4771 369.5298 369.624 369.8497
2002 4 369.6971 369.7053 369.6919 369.6907 369.6852 369.5518 369.7012 369.6549 369.668 NA 369.692 369.9759 NA 369.6719 369.8212 369.8216 369.7026 369.7069 369.7009 369.6498 370.1599
2002 5 370.0028 369.9492 369.8552 369.8554 369.9261 369.9428 369.9536 370.0532 NA NA 369.883 369.9101 NA 370.0665 NA 370.2512 370.1159 370.209 370.0658 369.9104 370.7241
2002 6 370.4727 370.5071 370.4951 370.4945 370.3531 370.5246 370.4385 370.5498 NA 370.5028 370.3542 370.4386 NA 370.4393 370.6785 370.5168 370.563 370.5653 370.5003 370.3811 370.8122
2002 7 370.9136 370.887 370.8324 370.8349 370.7587 370.8314 370.9199 370.9643 NA 371.04 371.1649 371.0927 NA 371.0644 371.0933 371.1688 371.2877 371.3817 371.0489 371.041 371.1205
2002 8 371.3169 371.2286 371.1911 371.1914 370.9674 371.3387 371.3325 371.3428 NA 371.2892 371.6301 371.4766 NA 371.5531 371.4162 371.7447 371.4412 371.2925 371.4492 371.5 371.5294
2002 9 371.6571 371.6652 371.5988 371.5986 371.4844 371.595 371.626 371.695 NA 371.6984 371.7731 371.8766 NA 371.8875 371.6686 371.9977 371.7663 371.7308 371.766 371.8528 371.1961
2002 10 371.9136 371.8977 371.8727 371.8729 371.7969 371.8793 371.8778 371.9172 NA 371.9606 371.9622 371.9467 NA 371.9114 371.7191 371.9534 372.0059 371.8195 371.9297 371.862 371.6549
2002 11 371.9262 371.9352 371.9711 371.976 371.9882 371.8553 371.9121 371.9266 371.8979 371.9141 371.6587 371.7589 NA 371.6524 371.6381 371.6454 371.886 371.8649 371.8876 371.9061 371.5942
2002 12 371.7346 371.7831 371.83 371.7875 371.8295 371.7359 371.8232 371.8541 371.6447 371.7909 371.6086 371.5069 NA 371.5283 NA 371.6248 371.768 371.7678 371.7756 372.0328 371.8628
2003 1 371.8421 371.799 371.741 371.7395 371.6949 371.6193 371.9575 371.8944 371.6723 371.611 371.5676 371.4126 NA 371.3427 371.6836 371.9532 371.8081 371.9021 371.8539 371.9332 372.0985
2003 2 371.712 371.7241 371.7912 371.7569 NA 371.3415 371.7019 371.7343 371.6234 371.7092 371.6954 371.5009 NA 371.6848 371.4486 371.6629 371.9666 371.8442 371.9491 372.1356 372.395
2003 3 371.7987 371.797 371.7086 371.7033 371.7242 371.7193 371.7938 371.8416 371.8761 371.8364 371.9371 371.9184 NA 371.6956 NA 372.0046 372.0757 372.0358 372.1186 372.0378 372.575
2003 4 372.0167 371.9005 371.9115 371.9101 371.8779 371.9379 371.9609 372.035 372.0423 372.0566 372.0883 372.3151 NA 372.1391 NA 372.2393 372.1806 372.2768 372.1901 372.1848 373.0461
2003 5 372.344 372.3392 372.2585 372.258 NA 372.2773 372.4486 372.3833 372.3573 372.4053 372.4733 372.5457 NA 372.3025 NA 372.9292 372.6951 372.5431 372.6484 372.3974 373.2413
2003 6 372.7486 372.7489 372.647 372.6475 372.556 372.8378 372.9113 372.8274 372.8656 372.7132 372.8715 372.7386 NA 372.7978 NA 372.908 372.8882 372.9544 372.9303 372.6538 373.5505
2003 7 373.1695 373.1407 373.0654 373.065 372.9027 373.1514 373.1043 373.2505 373.1588 373.4059 373.2141 373.0729 NA 373.374 373.2355 373.3988 373.4224 373.5171 373.3961 373.4168 373.6931
2003 8 373.5874 373.5244 373.4546 373.4547 373.323 373.6676 373.6094 373.6804 373.6049 373.68 373.7228 373.8112 NA 373.8185 373.8438 373.8406 373.7622 373.7642 373.7651 373.6546 373.5349
2003 9 373.8721 373.8866 373.8341 373.8358 373.7506 373.844 373.9565 373.9287 373.9989 373.9523 373.8635 373.9139 NA 373.9645 373.8323 373.9398 373.9576 374.0061 373.9795 373.8634 373.4181
2003 10 373.9163 373.9076 373.9074 373.9066 373.8752 373.9001 373.9358 373.9335 373.9212 373.949 373.9106 373.8898 NA 373.9083 373.7845 373.8374 373.8812 373.8773 373.9081 373.9093 373.487
2003 11 373.9311 373.9352 373.9606 373.9609 373.9169 373.8916 373.9645 373.9073 NA 373.927 373.8464 373.6783 NA 373.6623 373.6717 373.927 373.9765 373.913 374.0231 374.0743 373.7131
2003 12 373.9104 373.8893 373.832 373.9285 373.8917 373.7831 373.9071 373.8706 373.8084 373.8074 373.716 373.7824 NA 373.3454 373.3991 373.5093 373.6907 373.5742 373.815 374.173 373.7589
2004 1 373.7773 373.7791 373.8438 373.9184 373.8817 373.5261 373.7053 373.9014 373.1392 373.4774 373.5211 373.5854 NA 373.5274 373.0517 373.6722 373.6326 373.6864 373.5848 374.0005 373.937
2004 2 373.5849 373.5645 373.6142 373.6135 NA 373.2912 373.502 373.647 373.5334 373.5727 373.9307 374.0082 NA 373.6885 373.3958 373.7849 373.8014 373.6263 373.7977 373.9856 374.175
2004 3 373.7988 373.8072 373.8195 373.8206 373.8963 373.6683 373.9142 373.8531 373.8591 373.753 373.6248 374.2088 NA 373.6576 373.8961 373.9315 373.9516 373.9191 373.8806 374.0058 374.3171
2004 4 374.1098 374.0616 373.9929 373.9924 373.9179 373.917 374.1155 374.0878 374.1342 374.0652 374.0765 373.9515 NA 374.091 374.1124 374.2447 374.1754 374.1549 374.2454 374.2432 374.2071
2004 5 374.3265 374.3326 374.2573 374.2573 374.172 374.3472 374.3206 374.3722 374.3894 374.3025 374.3258 374.3061 NA 374.5974 374.4292 374.6115 374.5664 374.5611 374.6162 374.3187 374.4958
2004 6 374.6607 374.709 374.5874 374.5749 374.4425 374.7308 374.7232 374.7046 374.7157 374.7537 374.7432 374.7412 NA 374.7025 374.99 375.0643 374.8707 374.7816 374.8317 374.6404 375.3791
2004 7 374.9758 374.9577 374.8505 374.8529 374.7727 375.0622 375.0596 375.1146 375.1042 375.2687 375.2835 375.3541 NA 375.2287 375.2711 375.5357 375.3207 375.4256 375.3441 375.1969 375.2563
2004 8 375.4249 375.3765 375.3992 375.3702 375.2789 375.441 375.5019 375.4888 375.5379 375.5285 375.545 375.4481 NA 375.4443 375.4855 375.5204 375.6117 375.6242 375.6342 375.6567 375.2863
2004 9 375.6539 375.6615 375.619 375.6363 NA 375.6322 375.6542 375.6501 375.7107 375.7298 375.8152 375.7832 NA 375.735 375.6077 375.9178 375.7105 375.5681 375.7424 375.5875 375.0155
2004 10 375.6946 375.6996 375.7253 375.7233 375.7477 375.6748 375.6995 375.698 375.7422 375.7581 375.7885 375.7742 NA 375.7046 375.5414 375.6609 375.743 375.7233 375.6994 375.6543 375.1834
2004 11 375.6874 375.6889 375.6816 375.7003 375.665 375.6425 375.6855 375.6591 375.5628 375.7195 375.6276 375.5804 NA 375.6422 375.4677 375.517 375.8482 375.6933 375.6062 375.7422 375.6927
2004 12 375.5861 375.6033 375.6011 375.5642 375.6311 375.4763 375.6904 375.5426 375.5443 375.5133 375.4438 375.1412 NA 374.8828 375.0574 375.0504 375.4862 375.3011 375.3886 375.6018 375.7205
2005 1 375.555 375.5227 375.4864 375.6176 375.6226 375.1333 375.3968 375.4519 375.1801 375.0093 375.1183 375.2021 NA 375.0098 375.166 NA 375.6062 375.4986 375.5731 375.8095 375.6551
2005 2 375.289 375.2307 375.2547 375.3824 374.9771 375.1322 375.2443 375.2354 375.1678 375.2241 375.1519 375.3805 NA 375.1395 375.336 NA 375.415 375.382 375.4418 375.5904 375.6344
2005 3 375.4321 375.4345 375.3644 375.3826 375.4788 375.2124 375.4641 375.4113 375.2997 375.3288 375.2485 375.2838 NA 375.3017 375.4821 375.5613 375.6566 375.6715 375.6124 375.7795 376.2957
2005 4 375.6543 375.6377 375.5812 375.5808 375.5105 375.6756 375.7054 375.678 375.6266 375.621 375.7078 375.6345 NA NA 375.8096 NA 375.8584 375.7773 375.9705 375.805 376.4248
2005 5 376.0752 376.0549 375.9904 375.9747 375.8935 375.9951 376.0844 376.1208 376.2679 376.0683 376.2809 376.5562 NA 375.8199 376.2966 NA 376.5394 376.5553 376.5227 376.0162 377.0007
2005 6 376.5874 376.5639 376.5666 376.567 376.605 376.5875 376.4238 376.6378 376.6566 376.7561 376.8335 376.9983 NA 376.8083 377.0092 NA 376.9935 377.236 376.9293 376.6709 377.2673
2005 7 377.1504 377.1654 377.122 NA NA 377.154 377.2882 377.1955 377.192 377.3502 377.3305 377.2415 NA 377.4048 377.6468 NA 377.3186 377.3973 377.432 377.1617 377.8288
2005 8 377.5515 377.5554 377.5118 NA 377.328 377.5433 377.7326 377.591 377.6586 377.6129 377.6626 377.6451 NA 377.6426 377.6971 377.7661 377.5987 377.6533 377.4552 377.5823 377.4757
2005 9 377.818 377.8306 377.7833 377.7786 377.6632 377.8046 377.7923 377.8222 377.853 377.8804 377.9553 377.8837 NA 377.8891 377.7719 NA 377.8512 377.8659 377.8622 377.8161 377.3903
2005 10 377.8844 377.8736 377.8411 377.8415 377.8192 377.8428 377.8603 377.8869 377.9384 377.8735 377.8162 377.8806 NA 377.8942 377.6772 NA 378.0056 377.8818 377.8639 377.805 377.4018
2005 11 377.8889 377.8778 377.8804 377.8814 NA 377.8622 377.7937 377.8442 377.8815 377.798 377.8107 377.5073 NA 377.7355 377.6142 NA 377.8534 377.876 377.8769 377.9781 377.8388
2005 12 378.0013 377.967 377.9782 377.9359 377.9333 377.6532 378.0001 377.9453 377.7869 377.9514 377.5254 377.9041 NA 377.5397 377.3428 NA 377.9962 377.9007 377.9733 378.3523 377.9188
2006 1 377.8092 377.8781 377.8493 377.9982 378.027 377.2492 377.8959 377.8093 377.7308 377.6508 377.4083 377.2055 NA 377.4904 377.4369 378.4576 378.0693 378.0818 378.0288 378.1107 378.076
2006 2 377.5663 377.5304 377.4459 377.444 377.4822 377.3649 377.6013 377.6642 377.597 377.5814 377.3285 377.3515 NA 377.4321 377.7217 NA 377.8926 377.905 377.8776 378.2964 378.2695
2006 3 377.713 377.7277 377.7067 377.7344 377.6767 377.4492 377.7072 377.7218 377.713 377.7361 377.7658 377.8783 377.7069 NA 377.7692 377.9547 377.8657 377.8973 377.9315 378.0826 378.2349
2006 4 377.9065 377.8586 377.8409 NA 377.741 377.7899 377.9259 377.9281 377.9219 377.8776 377.8283 378.1625 377.7631 377.8503 377.8885 378.1868 378.0277 377.987 378.0317 378.0249 378.4569
2006 5 378.0661 378.0241 378.0349 378.02 378.0373 378.042 378.1082 378.1691 378.0867 378.0964 378.06 378.0279 377.9881 377.9218 378.2537 378.19 378.1307 378.1494 378.0518 378.1638 379.0042
2006 6 378.3321 378.309 378.2802 378.2895 378.1648 378.3393 378.3709 378.3945 NA 378.4216 378.4468 378.5693 378.6854 378.4352 378.7202 378.6582 378.5133 378.4779 378.5099 378.6113 379.085
2006 7 378.6772 378.6428 378.5589 378.555 378.4171 378.7051 378.854 378.854 379.1203 379.0573 378.7687 378.8296 NA 378.768 378.9954 379.0849 378.9475 379.0379 378.799 378.9955 379.0807
2006 8 379.1661 379.1262 379.0724 379.0789 NA 379.1579 379.148 379.1946 379.2126 379.2494 379.3392 379.5176 379.3648 379.3126 379.258 379.3462 379.2428 379.095 379.0347 379.1578 379.1266
2006 9 379.3424 379.3053 379.2226 379.2148 NA 379.3343 379.2916 379.404 379.4682 379.4272 379.3794 379.4693 379.3472 379.7724 379.3262 379.5893 379.4602 379.4555 379.5222 379.4031 379.1785
2006 10 379.4611 379.4547 379.4726 379.4758 379.4659 379.429 379.4817 379.4896 379.4765 379.4455 379.4968 379.4927 379.4161 379.4648 379.2825 379.5263 379.5191 379.5054 379.4916 379.4724 379.174
2006 11 379.4946 379.4704 379.5029 379.5124 379.4743 379.5199 379.5145 379.4734 379.4641 379.4535 379.3779 379.5096 379.3607 379.3965 379.3382 379.1099 379.5318 379.4799 379.4681 379.5915 379.2527
2006 12 379.4606 379.5169 379.5291 NA 379.5209 379.3409 379.4632 379.4798 379.4128 379.3755 379.2156 379.3887 379.1185 379.2727 379.1834 379.2245 379.5603 379.5846 379.4819 379.7182 379.3702
2007 1 379.2989 379.2295 379.1986 379.1935 379.2303 379.0073 379.3294 379.3106 379.3286 379.0977 379.0901 378.8615 379.0972 379.0826 378.9927 379.1608 379.4578 379.2209 379.3139 379.7006 379.5945
2007 2 379.1525 379.1545 379.2246 379.225 379.397 378.8698 379.22 379.2337 379.1213 379.2076 379.0069 379.1018 379.0518 379.1253 379.2117 379.5017 379.573 379.5727 379.5715 379.5503 379.9738
2007 3 379.3351 379.2681 379.3554 379.161 378.9647 379.307 379.2361 379.2935 379.2094 379.2702 379.3393 379.6255 379.7658 379.4083 379.4074 379.7899 379.6027 379.8465 379.5916 379.6727 380.212
2007 4 379.5853 379.5644 379.5299 379.5438 379.5034 379.4743 379.6351 379.7001 379.6716 379.6304 379.6009 379.651 379.6307 379.7363 379.7469 380.1425 NA NA NA 379.7434 380.7439
2007 5 379.955 379.8934 379.8343 379.8341 379.7318 379.8879 379.9755 379.9953 380.0519 379.9802 380.121 379.9492 380.1147 380.3447 380.0241 380.7603 380.2782 380.378 380.2094 379.9793 381.258
2007 6 380.34 380.3153 380.2337 380.2344 380.1798 380.6326 380.5381 380.4586 380.5474 380.1516 380.4271 380.3908 380.3443 380.4518 380.7663 380.7999 380.6491 380.4643 380.5734 380.4613 380.9707
2007 7 380.7816 380.7037 380.6347 380.6357 380.575 380.7907 380.8461 380.9261 380.9289 381.0054 380.7201 380.6511 NA 381.0223 381.3223 381.0691 381.0036 380.9137 380.965 381.1751 381.1062
2007 8 381.2409 381.2071 381.2118 381.2018 381.185 381.2037 381.3113 381.3145 381.4407 381.421 381.3187 381.3542 NA 381.3221 381.5201 381.3505 381.4767 381.4359 381.4124 381.3163 381.2682
2007 9 381.4688 381.4543 381.4268 381.4282 NA 381.4756 381.5348 381.5552 381.581 NA 381.76 381.7655 381.6618 381.6856 381.6325 381.5675 381.5739 381.5773 381.5924 381.6557 381.3556
2007 10 381.6492 381.6284 381.6166 381.6159 381.55 381.6635 381.689 381.6481 NA 381.7619 381.6927 381.6924 381.6481 381.7533 381.6032 381.6065 381.7373 381.5388 381.7596 381.6699 381.4488
2007 11 381.6515 381.6536 381.649 381.6476 NA 381.6972 381.7418 381.7342 NA 381.5022 381.6819 381.6201 381.434 381.5621 381.4087 381.4927 381.6953 381.6977 381.6996 381.8234 381.6047
2007 12 381.6744 381.6652 381.6988 381.6981 381.7144 381.5196 381.5827 381.5671 NA 381.2496 381.4486 381.4812 381.3863 381.3465 381.3285 381.6204 381.7734 381.7702 381.7992 381.8742 381.6369
2008 1 381.5431 381.5659 381.5861 381.5842 381.6327 381.3024 381.4729 381.5856 NA 381.3381 381.4577 381.3489 381.3069 381.3377 381.3992 381.6507 381.8505 381.903 381.852 382.5345 381.7012
2008 2 381.4594 381.4398 381.4108 381.4146 NA 381.2236 381.496 381.4691 NA 381.4261 381.4912 382.8259 381.4385 381.7463 381.3702 381.6947 381.7744 381.7759 381.7871 381.9928 382.0043
2008 3 381.6203 381.5907 381.5415 381.543 NA 381.3637 381.6961 381.6148 381.5506 381.4621 381.8315 381.5064 381.8584 NA 381.846 381.6991 381.8304 381.8994 381.8374 381.826 382.2546
2008 4 381.8174 381.7743 381.8034 381.8052 NA 381.6996 381.8103 381.8197 381.7569 381.775 381.7712 381.8107 381.768 NA 381.8278 382.1268 382.0496 382.0092 382.0423 381.8858 382.4415
2008 5 381.9566 381.9369 381.9343 381.9338 381.9411 381.9171 382.1678 382.0482 382.0443 NA 381.9776 381.9875 382.1926 NA 382.2673 382.0043 382.1328 382.2842 382.1817 381.9835 383.5097
2008 6 382.2462 382.1674 382.269 382.267 NA 382.1207 382.3248 382.3158 382.1985 382.3955 382.4126 382.6232 382.3303 NA 382.711 382.5754 382.5892 382.7731 382.6825 382.4318 383.5893
2008 7 382.736 382.6409 382.5955 382.4455 383.0747 382.75 382.854 382.8888 NA 382.95 382.6955 383.0071 382.6221 382.9577 383.3676 383.0406 382.9504 382.9001 382.9733 382.9344 383.457
2008 8 383.1886 383.1375 383.119 383.1484 383.2767 383.1706 383.2575 383.2725 383.3108 383.2742 383.2284 383.3007 383.2782 383.409 383.2956 383.5594 383.3767 383.2801 383.4684 383.3807 383.1969
2008 9 383.4651 383.4019 383.3769 383.3779 NA 383.4394 383.477 383.4913 383.5105 383.5307 383.6423 383.5584 383.689 383.5471 383.4646 383.4297 383.5647 383.5071 383.5193 383.4481 383.1292
2008 10 383.5613 383.5439 383.558 383.5576 383.566 383.5937 383.5586 383.5552 383.5875 383.5529 383.6568 383.5778 383.5735 383.7008 383.4974 NA 383.5826 383.5344 383.5965 383.5545 383.0945
2008 11 383.541 383.5758 383.5735 383.5744 NA 383.5456 383.5446 383.5124 383.4207 383.4338 383.442 383.3787 NA 383.8303 383.2532 NA 383.6177 383.4229 383.634 383.5002 383.2244
2008 12 383.3992 383.4122 383.3446 383.3455 NA 383.3027 383.3144 383.3524 383.1997 383.3197 383.1786 383.2157 NA 383.2092 383.1751 383.3579 383.5392 383.4255 383.533 NA 383.5715
2009 1 383.2997 383.3118 383.3852 383.3637 383.3341 382.9914 383.3208 383.3261 383.1907 383.3375 383.0861 382.9871 383.1666 383.0814 382.9787 383.8603 383.8679 383.4982 383.8508 NA 383.5816
2009 2 383.222 383.2666 383.2457 383.2094 NA 382.8999 383.0392 383.0939 382.904 383.1218 383.1936 383.3207 383.176 382.9955 383.103 383.0525 384.2811 NA 384.097 383.3871 383.6406
2009 3 383.3321 383.3139 383.2805 383.2797 NA 383.1469 383.1399 383.224 383.1859 383.1931 383.1138 383.3391 383.1558 383.0124 383.1385 383.4291 383.425 383.4355 383.4391 383.426 383.8786
2009 4 383.3838 383.4364 383.387 383.3888 NA 383.3022 383.3431 383.3652 383.3841 383.3632 383.312 383.4466 383.2643 383.2495 383.3415 383.6119 383.5599 383.4465 383.5113 383.5671 384.0012
2009 5 383.6007 383.5093 383.4634 383.4617 383.384 383.5474 383.6716 383.6218 383.608 383.5114 383.5045 383.4099 NA 383.3817 383.687 383.5298 383.7459 383.606 383.72 383.7096 384.8157
2009 6 383.8651 383.8174 383.7239 383.7246 383.6244 383.7409 383.8173 383.9304 383.9102 383.8869 383.8588 383.7455 383.9739 383.7796 384.3457 384.1861 384.1014 384.0208 384.0711 383.8635 384.6577
2009 7 384.2477 384.2098 384.1069 384.1097 383.9712 384.2082 384.3282 384.3398 384.4441 384.3393 384.1658 384.3278 NA 384.2339 384.7086 384.3845 384.3957 384.3739 384.4438 384.4419 384.8235
2009 8 384.6089 384.5214 384.4792 384.4789 384.3399 384.4803 384.6003 384.6919 384.9167 384.6059 384.6429 384.7886 NA 384.4941 384.9797 385.2101 384.7786 384.9366 384.8712 384.9493 384.7219
2009 9 384.9721 384.9435 384.9296 384.9301 384.9068 384.9552 385.0289 385.0289 385.021 384.9405 384.9644 384.9981 NA 385.054 NA 385.1135 385.1725 385.3603 385.1858 385.1853 384.96
2009 10 385.1026 385.0952 385.0899 385.0904 NA 385.0612 385.0825 385.1038 385.1376 385.0967 385.0548 385.0253 384.9259 385.0952 384.9172 384.9243 385.1902 385.1622 385.1754 385.1719 385.0718
2009 11 385.0978 385.1211 385.1314 385.1319 NA 384.9797 385.0847 385.0651 384.9563 385.1192 384.9283 384.8802 NA 384.9489 384.5714 385.1407 385.4454 385.3148 385.1934 385.2913 385.0679
2009 12 385.0912 385.1711 385.148 385.1484 385.2545 384.9037 385.0476 384.9755 384.629 385.0033 384.6492 384.9071 384.8622 384.7729 384.5087 385.0346 385.1411 385.1522 385.1553 385.2561 385.0679
2010 1 384.9128 384.971 385.114 385.1172 385.0427 384.2809 384.9126 384.8291 384.9404 384.7614 384.4234 384.5428 384.5192 384.3027 384.6453 NA 384.9841 384.9431 384.9499 384.9084 385.1338
2010 2 384.7578 384.7568 384.7682 384.7634 384.906 384.0604 384.4705 384.5006 384.7122 384.472 384.1639 384.0256 384.1852 384.5436 384.5496 384.7575 384.944 385.0315 384.941 384.9304 385.6354
2010 3 384.7587 384.7255 384.7677 384.7666 384.7996 384.4897 384.5778 384.672 384.6239 384.6991 384.3901 384.8652 384.5543 384.6957 384.4503 385.1169 384.8314 384.8073 384.7927 384.9294 385.8057
2010 4 384.9016 384.8679 384.8011 384.8016 384.7241 384.7834 384.8931 384.8983 384.9362 384.9195 384.7635 384.8793 384.8643 384.8726 384.8156 385.1775 385.1931 NA 385.0223 385.0843 385.9585
2010 5 385.2075 385.212 385.1222 385.1219 385.0262 385.0775 385.1766 385.2309 385.0917 385.0575 385.2291 385.0391 385.003 385.2841 385.2603 385.4868 385.3187 385.3142 385.223 385.4513 385.9396
2010 6 385.6538 385.6307 385.6847 385.6784 385.382 385.5566 385.7384 385.6792 NA 385.6788 385.699 385.4899 385.5389 385.7524 386.0383 386.1409 385.9999 386.1291 385.9294 385.7909 386.6179
2010 7 386.2116 386.1276 386.0561 386.0562 385.9147 386.2227 386.2322 386.2717 NA 386.3978 386.2817 386.1664 NA 386.2223 386.5568 386.7325 386.7965 386.6756 386.7983 386.5793 387.1969
2010 8 386.859 386.8126 386.6955 386.6952 386.5272 386.8251 386.8787 386.8804 NA 386.7781 386.9815 387.3043 NA 387.0424 386.9636 387.2075 387.0954 387.0836 387.1274 387.1355 387.1395
2010 9 387.1937 387.1466 387.1097 387.111 387.0623 387.2178 387.2208 387.2134 NA 387.2095 387.3666 387.2549 387.3393 387.3614 387.2312 387.287 NA 387.262 387.3229 387.1568 386.8998
2010 10 387.3389 387.3405 387.3053 387.3053 387.2771 387.3227 387.3438 387.3193 NA 387.3016 387.3345 387.4301 387.3696 387.3852 387.2586 387.1078 387.2593 NA 387.2593 387.3173 386.8826
2010 11 387.2972 387.2998 387.2727 387.288 NA 387.2503 387.3665 387.2621 NA 387.2466 387.1929 387.2321 387.3012 387.2751 387.0025 387.1928 387.4419 387.2747 387.3847 387.4905 387.31
2010 12 387.2587 387.2748 387.1983 387.231 387.198 387.0991 387.0714 387.184 NA 387.2666 386.8866 386.9538 NA 386.9522 386.6939 387.3174 387.1473 387.1822 387.1542 387.6825 387.2364
2011 1 387.0475 387.0222 387.144 387.1412 387.2194 386.6666 386.8128 386.8187 NA 386.6878 386.4504 386.4689 387.0806 386.7046 386.5011 387.0986 387.1755 NA 387.1153 387.279 387.2879
2011 2 386.8636 386.7456 386.7562 386.7564 386.6212 386.216 386.8381 386.6945 NA 386.8184 386.3984 386.5887 386.6051 386.7686 386.7602 NA 387.2796 387.3134 387.2764 387.2418 387.0189
2011 3 386.9087 386.891 386.8296 386.8284 386.827 386.6838 386.8248 386.8397 NA 386.7921 386.7695 386.9862 386.7166 386.6052 386.851 387.2382 387.0274 387.0159 386.9552 387.3198 387.6297
2011 4 386.9743 386.9571 386.8873 386.8899 386.7771 386.9159 386.9607 386.9477 NA 387.0284 386.7769 386.6692 386.7693 NA 387.0529 387.5284 387.0788 387.4057 NA 387.2082 387.8495
2011 5 387.1812 387.1686 387.1581 387.1582 387.1278 387.0904 387.1445 387.2193 NA 387.2583 387.1873 387.0385 386.9614 NA 387.4179 NA 387.3751 387.3117 387.1911 387.2559 388.4074
2011 6 387.4979 387.3921 387.4069 387.4068 NA 387.4714 387.5178 387.5534 NA 387.4749 387.4985 387.4207 387.4663 NA 387.6214 388.266 387.6588 387.7914 387.6302 387.6265 388.3473
2011 7 388.0059 387.9061 387.8145 387.8155 NA 388.0123 388.1008 388.0783 NA 387.9673 388.0305 388.0546 NA NA 388.3207 388.6975 388.0397 388.1698 388.0824 388.2517 388.7625
2011 8 388.4823 388.4011 388.3359 388.335 388.2197 388.452 388.5526 388.5058 388.6228 388.6448 388.6799 388.5148 388.4173 388.5053 388.6341 388.9288 388.7864 388.9316 388.7984 388.6102 388.5385
2011 9 388.8445 388.802 388.7993 388.7999 388.7314 388.8433 388.8718 388.8767 388.9586 388.9055 388.9374 388.8783 388.8629 388.914 388.8227 389.1549 389.0064 388.9681 388.979 388.9367 388.7659
2011 10 388.9738 388.9907 388.967 388.9653 388.9329 388.9674 388.9371 388.9737 389.0039 388.9506 388.9278 388.9483 389.0675 389.0678 388.7917 388.9582 389.2006 389.5542 389.3196 389.0302 388.7628
2011 11 389.1021 389.1394 389.0945 389.0362 388.9954 388.9746 389.0408 389.0192 388.959 388.9974 388.8398 388.8001 388.8765 389.2637 388.7219 389.0919 389.0051 388.9861 389.0242 389.1525 388.7866
2011 12 388.9845 389.0354 389.0109 388.9387 NA 388.8795 388.7352 388.8807 389.1229 388.7245 388.5647 388.6459 388.4994 388.6926 388.4639 388.9469 389.0443 388.9777 389.0442 388.9037 388.977
2012 1 388.7616 388.7483 388.7209 388.7205 NA 388.363 388.5265 388.7344 388.5694 388.9904 388.312 388.1992 NA 388.393 388.4701 388.8654 389.0245 388.8994 388.8434 388.945 389.0336
2012 2 388.5452 388.5303 388.5838 388.5481 388.5758 388.2028 388.6291 388.6121 388.4641 388.1996 388.3734 388.2014 388.4211 388.2715 387.9793 388.7878 388.8533 388.8311 388.7936 389.0042 389.2069
2012 3 388.7105 388.656 388.5003 388.5005 388.4618 388.5031 388.6879 388.6989 388.6954 388.5438 388.5128 388.4565 388.6618 388.3089 388.7126 388.8421 388.7172 388.7491 388.6845 388.7988 389.373
2012 4 388.8379 388.7968 388.779 388.7775 388.7138 388.8236 388.8768 388.88 388.971 388.9426 388.9202 388.7137 388.8866 388.6819 389.0029 388.9819 389.2159 389.3445 389.2157 388.9693 389.6666
2012 5 389.1558 389.1266 389.0897 389.0891 NA 389.1431 389.1404 389.196 389.2029 389.1526 389.335 389.2167 389.2215 388.935 389.307 389.4704 389.3372 389.4537 389.3256 389.2907 390.3015
2012 6 389.6055 389.511 389.4784 389.4776 389.3294 389.6604 389.516 389.6559 389.6998 389.5818 389.5351 389.5097 389.5022 389.85 389.8327 390.0179 389.9311 389.8825 389.8659 389.7435 390.5255
2012 7 390.1605 390.0461 389.9464 389.9465 NA 390.153 390.2333 390.2444 390.2241 389.9748 390.4511 390.2811 NA 390.339 390.6017 390.6605 390.3292 390.5669 390.3561 390.4559 390.6722
2012 8 390.7799 390.7183 390.622 390.6225 390.4808 390.8989 390.7956 390.8382 390.8067 390.7555 390.923 390.9344 NA 391.2091 391.0072 391.3178 391.0474 391.0565 390.9081 390.9965 390.7996
2012 9 391.1544 391.1292 391.0865 391.0865 NA 391.1583 391.1636 391.1653 391.1715 391.206 391.2875 391.1258 391.0402 391.2787 391.1388 NA 391.3717 391.3325 391.4301 391.2333 390.9476
2012 10 391.2514 391.2403 391.2583 391.2593 NA 391.2171 391.2522 391.262 391.2226 391.3371 391.2295 391.2773 391.2812 391.1916 391.0498 NA 391.2776 391.3622 391.2738 391.2564 391.0192
2012 11 391.4028 391.4192 391.4963 391.4928 391.4431 391.2333 391.3247 391.3647 391.3818 391.1791 391.226 391.1147 391.0592 391.1389 NA NA 391.426 391.1675 391.3864 391.3266 391.2095
2012 12 391.4223 391.4409 391.4572 391.4569 391.3706 391.3415 391.2803 391.3148 391.1183 391.1786 390.9987 391.0361 391.1638 391.1659 390.6432 NA 391.1783 391.0899 391.1791 391.3861 391.5236
2013 1 391.2476 391.2404 391.1305 391.1283 NA 391.0929 391.3622 391.2543 391.0642 NA 390.9547 391.3798 390.9457 391.1784 390.7895 NA 391.4268 391.3698 391.4359 391.505 391.5674
2013 2 391.132 391.158 391.176 391.2016 NA 390.7773 390.9867 391.0924 391.1866 390.8382 390.5415 390.515 391.358 391.0333 390.8187 391.2828 391.6746 391.4912 391.6469 391.48 392.0377
2013 3 391.2757 391.1821 391.1321 391.1202 391.1156 391.1533 391.2189 391.2761 391.2232 391.2177 391.325 391.4728 391.0881 391.2151 391.1993 391.4154 391.7554 392.0147 391.78 391.6757 392.4143
2013 4 391.7257 391.6634 391.5693 391.5694 391.4549 391.6838 392.022 391.7198 391.6426 391.5629 391.8843 391.7186 391.7846 391.5928 391.7334 392.2359 391.9793 391.6666 391.9643 391.8621 392.9763
2013 5 392.1099 392.0588 392.0192 392.0186 391.9306 392.0685 392.1295 392.1203 392.1773 391.9475 392.2309 392.1713 392.2502 392.0488 392.3408 392.4051 392.2999 392.2429 392.2808 392.2467 393.4248
2013 6 392.6904 392.5648 392.5819 392.5812 392.4056 392.6803 392.7041 392.652 392.5853 392.5059 392.5094 392.4238 392.6853 392.4924 392.8856 393.1645 392.7568 392.7391 392.6899 392.852 393.2664
2013 7 393.1173 393.0932 393.0836 393.0844 393.1553 393.1191 393.1994 393.1549 393.2251 393.1413 393.1495 393.2077 393.2847 393.0237 393.6654 393.2131 393.2979 394.0646 393.6035 393.4393 393.7864
2013 8 393.6267 393.5603 393.5843 393.7512 393.4182 393.5983 393.6642 393.6487 393.7658 393.6317 393.5939 393.651 NA 393.6477 393.6855 NA 393.8734 393.5954 393.9509 393.8478 393.5386
2013 9 393.9839 394.0002 394.0398 394.04 393.8718 393.8989 393.9247 393.9322 393.9819 394.0001 393.8127 393.9646 393.8842 393.9723 393.8781 NA 393.9938 393.9592 393.9281 393.9834 393.699
2013 10 393.992 393.9899 393.9964 393.9967 394.0463 393.9863 393.9874 393.9629 393.9819 393.9997 393.9729 393.9229 394.1567 393.9446 393.8522 NA 394.0625 394.0673 394.0419 393.9765 393.7852
2013 11 393.9767 393.9767 394.0167 394.0146 394.0139 393.9069 393.8793 393.9182 393.8452 394.0032 393.9088 393.7773 393.7025 393.8797 393.6994 393.9764 393.866 393.9203 393.8695 394.1242 393.8645
2013 12 393.8907 393.9435 394.053 394.0526 394.0724 393.7847 393.7 393.7564 393.5562 393.7166 393.6293 393.5853 393.4494 393.6146 393.5143 NA 393.8002 393.8713 393.7961 394.029 393.9138
2014 1 393.8731 393.8571 393.8488 393.8484 393.9636 393.3529 393.8308 393.7987 393.6262 393.7854 393.4076 393.6337 393.4659 393.5052 393.7453 NA 393.7995 393.7059 393.821 393.8735 394.0305
2014 2 393.5795 393.5249 393.4254 393.4281 393.5385 393.2327 393.3806 393.484 393.6757 393.468 393.2253 393.1238 393.577 393.3589 393.2666 NA 393.874 393.9828 393.8839 393.7635 394.0457
2014 3 393.7118 393.6988 393.6331 393.6312 393.5955 393.3744 393.5258 393.5505 393.3811 393.5375 393.2845 393.2563 393.4209 393.5322 393.8117 393.4137 393.8952 393.9471 393.8155 393.9894 394.3844
2014 4 393.8146 393.8191 393.837 393.8344 393.8024 393.8644 393.7787 393.7541 393.7912 393.7844 393.8145 394.0031 393.7221 394.005 393.9375 394.096 394.081 394.1594 394.0512 394.2357 394.5743
2014 5 394.1664 394.1339 394.1056 394.1041 394.0315 394.1065 394.1578 394.1584 394.0679 394.2178 394.1829 394.2747 394.6531 394.3104 394.1991 394.8511 394.3891 394.3418 394.3462 394.1901 394.7992
2014 6 394.4593 394.4575 394.4255 394.5045 394.3433 394.4387 394.395 394.4943 394.3514 394.446 394.5601 394.6188 394.4017 394.3376 394.823 394.723 394.7405 394.5231 394.6661 394.6169 395.2685
2014 7 394.8798 394.8001 394.7355 394.7343 394.5948 394.8539 395.0542 395.0467 395.0594 395.0124 394.9375 395.0432 NA 395.0966 395.3646 395.5846 395.4315 NA NA 395.2157 395.5091
2014 8 395.4532 395.4025 395.3069 395.3062 395.2091 395.5147 395.5179 395.4492 395.4547 395.4567 395.504 395.6144 395.4052 395.9796 395.5954 395.9298 395.6016 395.3141 395.5129 395.576 395.8159
2014 9 395.7482 395.7064 395.7052 395.7056 395.6374 395.6967 395.8323 395.7507 395.7532 395.7578 395.8693 395.7942 395.6297 395.7343 395.7553 395.7939 395.9418 395.9064 395.957 395.8198 395.5954
2014 10 395.8421 395.8299 395.8281 395.8286 395.8068 395.7903 395.7771 395.8112 395.8293 395.8987 395.7791 395.803 395.6651 395.8474 395.7616 395.7201 395.9766 395.8229 395.9246 395.9207 395.4528
2014 11 395.8769 395.9142 395.8539 395.854 395.7498 395.8461 395.7543 395.7754 395.7982 395.8242 395.6985 395.7608 395.6493 395.8971 395.3427 395.6249 395.7906 395.7815 395.7906 395.9041 395.9258
2014 12 395.8542 395.8614 395.8769 395.8365 395.799 395.6816 395.5503 395.7016 395.6324 395.5885 395.4281 395.0554 395.4658 395.5391 NA NA 395.8196 395.9057 395.7995 396.3123 395.9126
2015 1 395.6995 395.6702 395.6757 395.7099 395.6675 395.3073 395.7746 395.7178 395.6162 395.5321 395.2613 395.5277 395.1398 395.3049 395.1155 396.7412 395.9887 395.9346 395.9827 395.9533 395.9773
2015 2 395.5751 395.5887 395.5397 395.5016 395.542 395.2885 395.5961 395.4209 395.5577 395.5004 395.3968 395.6963 395.5213 395.3274 395.7325 395.7521 396.1971 395.7425 396.1678 395.9379 395.9702
2015 3 395.794 395.6743 395.6389 395.6442 NA 395.5221 395.786 395.7876 395.6483 395.823 395.6326 395.7871 396.2066 395.5381 395.9088 NA 395.9931 396.0636 395.9936 396.1586 396.7063
2015 4 396.0987 396.0993 396.1047 396.1051 395.9524 396.0933 396.0673 396.1074 396.0834 396.1111 396.0721 396.0746 396.4585 396.0384 396.3345 NA 396.37 396.4491 396.3706 396.4134 396.9862
2015 5 396.4928 396.4251 396.3913 396.3065 396.3067 396.4868 396.467 396.5685 396.6807 396.5759 396.8285 396.6593 396.5243 396.4562 396.7583 396.9233 396.7096 396.8038 396.7402 396.568 397.5531
2015 6 396.8817 396.828 396.764 396.8513 396.6746 396.8876 396.9457 396.9301 397.0158 396.8747 396.8982 396.8765 397.0327 396.9716 397.0544 397.1815 397.1395 397.1816 397.1217 397.1421 398.1483
2015 7 397.415 397.3363 397.2403 397.4146 NA 397.4267 397.6373 397.5237 397.5472 397.1144 397.525 397.3822 NA 397.5099 397.877 397.6241 397.5967 397.6846 397.5018 397.6367 398.1285
2015 8 397.964 397.8962 397.802 397.8015 397.7086 397.9366 397.9236 398.0032 397.9857 398.149 398.265 398.1869 NA 398.0096 398.2226 NA 398.0284 398.2137 398.0071 398.1687 398.1407
2015 9 398.3426 398.3248 398.2966 398.2968 398.2093 398.2842 398.3712 398.3523 398.395 398.3707 398.3434 398.3324 NA 398.4489 398.3621 398.3602 398.5061 398.5019 398.5263 398.365 398.1055
2015 10 398.5221 398.484 398.4486 398.4486 398.4305 398.5246 398.4586 398.5022 398.5376 398.5262 398.4918 398.5109 398.6271 398.4622 398.3933 NA 398.4303 398.455 398.4342 398.5395 398.2198
2015 11 398.5276 398.5246 398.517 398.5165 398.5273 398.4958 398.4877 398.578 398.5582 398.4861 398.3608 398.3791 398.292 398.6355 398.3806 398.5154 398.6894 398.5631 398.6874 398.6729 398.5673
2015 12 398.5787 398.4942 398.5248 398.5429 398.5332 398.5195 398.5316 398.4986 398.4817 398.5392 398.3685 398.4172 398.2736 398.2777 397.9857 398.6351 398.7907 398.622 398.7819 399.0065 398.907
2016 1 398.4246 398.3011 398.322 398.3163 NA 398.2609 398.2565 398.4209 398.3398 398.3534 398.2276 397.9444 397.7116 398.6097 397.9684 NA 398.8026 398.729 398.8165 399.1443 399.2057
2016 2 398.3534 398.3533 398.3626 398.3648 NA 398.046 398.3019 398.3391 398.2806 398.0783 398.3342 398.0588 398.118 398.5842 398.252 399.1546 398.849 398.921 398.7924 398.9814 399.3502
2016 3 398.6376 398.6335 398.6204 398.6243 398.5827 398.7151 398.6704 398.7159 398.819 398.7542 398.6286 398.6967 398.89 399.0082 398.7947 NA 399.1998 NA 399.2174 399.258 399.7537
2016 4 399.2087 399.1465 399.0595 399.0595 NA 399.2257 399.2455 399.2314 399.3434 399.1895 399.0389 399.1651 399.2499 399.2626 399.4261 NA 399.5534 399.5318 399.5453 399.5459 400.2595
2016 5 399.8362 399.7882 399.8242 399.6835 399.5757 399.8643 399.7314 399.8375 399.8248 399.937 399.9248 399.7808 400.0097 399.8815 399.947 400.5729 400.0936 399.9668 400.0606 400.0212 401.1834
2016 6 400.2995 400.2448 400.2227 NA 400.1165 400.3032 400.4281 400.4301 400.3604 400.4228 400.4835 400.3663 401.0939 400.78 400.9715 401.04 400.7129 400.4918 400.7165 400.5417 401.2187
2016 7 400.8706 400.7966 400.7338 400.7335 400.5824 400.898 401.0861 400.9997 401.1381 400.96 400.8374 400.6568 NA 401.0465 401.6928 401.3522 401.2039 401.0126 401.2058 401.1287 401.559
2016 8 401.3178 401.285 401.2218 401.2216 401.162 401.3366 401.4045 401.3959 401.3253 401.4678 401.5225 401.5386 401.2411 401.3223 401.4449 401.4801 401.3923 401.45 401.3907 401.3985 401.2605
2016 9 401.5494 401.5381 401.5148 401.5147 401.523 401.5645 401.5491 401.5424 401.6245 401.6137 401.7515 401.6762 NA 401.6681 401.5585 401.4672 401.5387 401.569 401.5426 401.5913 401.1862
2016 10 401.573 401.5692 401.5489 401.549 401.6235 401.5577 401.5609 401.5762 401.6559 NA 401.5496 401.5305 401.529 401.5483 401.5257 401.4065 401.6062 401.4826 401.6045 401.5343 401.3346
2016 11 401.5274 401.5094 401.5101 401.5095 401.4666 401.5152 401.5299 401.5237 401.5175 401.3022 401.3191 401.1551 401.2817 401.3765 401.1382 401.4591 401.3853 401.4401 401.4034 401.4894 401.2494
2016 12 401.4058 401.4184 401.4345 401.4348 NA 401.2804 401.2384 401.3776 400.9707 401.3113 401.018 400.7468 400.9446 400.9829 400.9904 401.1807 401.1962 401.2379 401.2024 401.5324 401.4125
2017 1 401.1383 401.1535 401.2668 401.1961 401.3833 400.9465 401.051 401.1468 401.1769 401.0063 400.6363 400.6094 NA 400.7606 400.178 401.2393 401.2511 401.2626 401.254 401.5125 401.379
2017 2 400.8681 400.9349 400.8537 400.7279 400.9574 NA 400.711 400.8283 400.5481 401.0009 400.6154 400.9578 400.6686 401.0418 401.3756 401.0698 401.203 401.1441 401.1481 401.5277 401.4861
2017 3 401.0343 400.9564 400.8445 400.8174 NA NA 401.1028 401.0701 401.0547 401.0796 400.6228 400.7261 401.2179 NA 400.9516 401.7781 401.5558 401.2466 401.2426 401.5282 401.749
2017 4 401.1668 401.1427 401.1071 401.1067 NA NA 401.2652 401.1906 401.1886 401.2573 401.3558 401.1118 401.2917 NA 401.2665 402.9904 401.9935 401.4465 401.3301 401.5309 402.0985
2017 5 401.522 401.4701 401.4338 401.4363 401.3294 NA 401.6157 401.5626 401.4797 401.5979 401.4327 401.63 401.5062 401.3092 401.5349 402.0504 401.9452 401.967 401.7182 401.7169 402.6603
2017 6 401.8853 401.8618 401.8486 401.8401 401.8197 NA 401.9056 401.9876 402.0807 401.9136 401.8772 402.0513 NA 401.9093 402.1684 402.4161 402.4042 402.2852 402.2385 401.9523 402.8292
2017 7 402.514 402.3516 402.2875 402.1594 402.161 NA 402.5743 402.6253 402.5983 402.4889 402.3168 402.5897 402.6042 402.6014 402.8396 402.9517 402.8315 402.7156 402.6958 402.8596 403.2812
2017 8 403.0633 403.0541 403.0946 403.0815 403.0805 NA 403.2008 403.1124 403.334 403.0877 403.1228 403.3112 NA 402.9879 403.2009 403.4526 403.4421 403.186 403.1839 403.2183 402.9782
2017 9 403.3653 403.3403 403.2944 403.2943 403.2084 NA 403.4632 403.4041 403.4619 403.481 403.4171 403.3556 NA 403.485 403.3981 403.4791 403.6151 403.4771 403.4811 403.4043 403.1788
2017 10 403.5654 403.5457 403.5432 403.5435 403.5019 NA 403.5848 403.5594 403.6034 403.5776 403.6756 403.6017 NA 403.5366 403.4483 403.6795 403.7091 403.5341 403.5468 403.5105 403.2546
2017 11 403.6086 403.5759 403.6143 NA 403.6315 NA 403.5011 403.5573 403.418 403.4996 403.4626 403.4222 NA 403.6408 403.137 403.5419 403.8675 403.7524 403.7417 403.6338 403.4864
2017 12 403.6027 403.5916 403.5863 403.6182 403.6249 403.4202 403.6155 403.5406 403.3566 403.3608 403.2788 403.3457 NA 403.467 403.2458 403.5535 403.847 403.4224 403.6422 403.8655 403.7266
2018 1 403.619 403.6396 403.6984 403.6682 403.7212 403.1442 403.4932 403.4671 403.3897 403.419 403.1455 403.0831 403.2973 403.3529 403.2666 403.5749 403.7881 403.8479 403.7702 403.874 403.9562
2018 2 403.4493 403.405 403.462 NA 403.566 403.2105 403.4611 403.4443 403.4414 403.4036 403.3087 403.3464 403.2101 403.513 403.6878 403.8198 403.9746 404.0499 403.9079 NA 404.2225
2018 3 403.6227 403.5961 403.6311 NA 403.5962 NA 403.5863 403.6596 403.607 403.5313 403.5053 403.4299 403.4654 403.6519 403.5752 404.0982 403.8779 403.7606 403.7979 NA 404.5261
2018 4 403.9706 403.9576 403.9376 NA 403.8595 NA 404.0403 403.9974 404.0287 403.9374 403.9733 404.01 403.9034 404.1057 404.0275 404.1092 404.355 404.3538 404.3336 NA 404.8136
2018 5 404.2879 404.2239 404.2191 NA 404.0864 NA 404.2796 404.2924 404.2798 404.2315 404.2744 404.1871 404.3237 404.2684 404.2517 404.6136 404.48 404.5579 NA NA 405.0825
2018 6 404.5653 404.5499 404.4693 NA 404.4278 NA 404.784 404.71 404.6617 404.5547 404.5919 404.7154 404.6616 404.6001 404.8608 404.6511 404.6996 404.7935 404.784 NA 405.4996
2018 7 405.0845 405.0228 405.0256 NA 404.9157 NA 405.1741 405.1496 404.9879 405.2309 405.0266 405.0593 NA 405.2198 405.4306 405.9597 405.3056 405.1048 405.2674 NA 405.7733
2018 8 405.6015 405.5074 405.4864 NA NA NA 405.6868 405.6477 405.6291 405.6793 405.5736 NA NA 405.5687 405.715 NA 405.8031 405.6087 405.6127 NA 405.3857
2018 9 405.8808 405.8523 405.8093 NA 405.7664 NA 405.9398 405.9312 405.9764 405.9587 405.9765 NA NA 405.8972 405.981 406.0629 405.998 405.8641 405.9678 NA 405.6323
2018 10 406.017 405.9973 405.9637 NA 405.9137 NA 406.0282 406.0083 406.0416 405.9908 406.0456 NA 406.0144 406.1251 405.9279 405.8998 406.3799 406.1288 406.1779 NA 406.0262
2018 11 406.0697 406.0539 406.0506 NA 406.0507 NA 406.0333 405.9827 405.9305 405.692 405.8904 NA 405.8865 406.0066 405.827 405.852 406.2953 405.9239 406.057 NA 405.8292
2018 12 406.0004 406.0192 NA NA 405.9621 NA 406.0143 405.91 405.7857 NA 405.7072 NA 405.4374 405.7629 NA 406.1545 406.1616 406.0377 405.9762 NA 406.128
2019 1 405.8079 405.8315 NA NA NA 405.6525 405.6018 NA NA NA 405.3554 NA 405.5821 NA NA NA 406.6459 NA NA NA NA
2019 2 405.6828 405.6946 NA NA NA NA NA NA NA NA 405.1323 NA 405.326 NA 405.5398 NA 406.3406 NA NA NA NA
2019 3 405.7801 405.7851 NA NA NA NA NA NA NA NA 405.3728 NA 405.4949 NA 405.7798 NA 406.1248 NA NA NA NA
2019 4 406.0964 406.0423 NA NA NA NA NA NA NA NA 406.0279 NA 405.9194 NA 406.372 NA 406.3114 NA NA NA NA
2019 5 406.5723 406.4775 NA NA NA NA NA NA NA NA 406.6347 NA 406.7297 NA 406.9203 NA 407.4169 NA NA NA NA
2019 6 407.0893 407.0135 NA NA NA NA NA NA NA NA 407.3757 NA NA NA 407.339 NA 407.626 NA NA NA NA
2019 7 407.7884 407.7331 NA NA NA NA NA NA NA NA 408.055 NA NA NA 408.3977 NA 408.1303 NA NA NA NA
2019 8 408.2993 408.2371 NA NA NA NA NA NA NA NA 408.5758 NA NA NA 408.1731 NA NA NA NA NA NA
2019 9 408.6253 408.6415 NA NA NA NA NA NA NA NA 408.7136 NA NA NA 408.6993 NA 408.86 NA NA NA NA
2019 10 408.8625 408.8249 NA NA NA NA NA NA NA NA 408.7372 NA 408.7761 NA 408.7546 NA 409.0158 NA NA NA NA
2019 11 408.8581 408.8645 NA NA NA NA NA NA NA NA 408.7593 NA 408.7344 NA NA NA 408.83 NA NA NA NA
2019 12 408.8318 408.8588 NA NA NA NA NA NA NA NA 408.4041 NA 408.7292 NA NA NA 408.7382 NA NA NA NA
2020 1 408.5845 408.5906 NA NA NA NA NA NA NA NA NA NA 408.7113 NA NA NA 409.0136 NA NA NA NA
2020 2 408.2554 408.4223 NA NA NA 407.5101 NA NA NA NA NA NA 407.8725 NA NA NA 408.8454 NA NA NA NA
2020 3 408.1665 NA NA NA NA NA NA NA NA NA NA NA NA NA NA NA 408.858 NA NA NA NA
2020 4 408.5006 NA NA NA NA NA NA NA NA NA NA NA NA NA NA NA 409.8615 NA NA NA NA
2020 5 408.7859 NA NA NA NA NA NA NA NA NA NA NA NA NA NA NA NA NA NA NA NA
2020 6 NA NA NA NA NA NA NA NA NA NA NA NA NA NA NA NA NA NA NA NA NA
2020 7 NA NA NA NA NA NA NA NA NA NA NA NA NA NA NA NA NA NA NA NA NA
2020 8 NA NA NA NA NA NA NA NA NA NA NA NA NA NA NA NA NA NA NA NA NA
2020 9 NA NA NA NA NA NA NA NA NA NA NA NA NA NA NA NA NA NA NA NA NA
2020 10 NA NA NA NA NA NA NA NA NA NA NA NA NA NA NA NA NA NA NA NA NA
2020 11 NA NA NA NA NA NA NA NA NA NA NA NA NA NA NA NA NA NA NA NA NA
2020 12 NA NA NA NA NA NA NA NA NA NA NA NA NA NA NA NA NA NA NA NA NA
